CA	pMess	dummy	dummy
[KWnZOT]	[bar]	[bar]	[bar]
-359.3	1.161854978	5	5
-359.05	1.159690548	5	5
-358.8	1.157001989	5	5
-358.55	1.153828081	5	5
-358.3	1.150271529	5	5
-358.05	1.146511446	5	5
-357.8	1.142797998	5	5
-357.55	1.139419323	5	5
-357.3	1.136638738	5	5
-357.05	1.134613226	5	5
-356.8	1.133318339	5	5
-356.55	1.132512358	5	5
-356.3	1.131765912	5	5
-356.05	1.130559884	5	5
-355.8	1.128423196	5	5
-355.55	1.125060258	5	5
-355.3	1.120420129	5	5
-355.05	1.114686249	5	5
-354.8	1.108201103	5	5
-354.55	1.101363184	5	5
-354.3	1.09453326	5	5
-354.05	1.087969646	5	5
-353.8	1.081794547	5	5
-353.55	1.075987436	5	5
-353.3	1.070404881	5	5
-353.05	1.064828399	5	5
-352.8	1.05903457	5	5
-352.55	1.052868268	5	5
-352.3	1.046291883	5	5
-352.05	1.039389772	5	5
-351.8	1.032326414	5	5
-351.55	1.025278012	5	5
-351.3	1.018368465	5	5
-351.05	1.01163628	5	5
-350.8	1.00504251	5	5
-350.55	0.99851066	5	5
-350.3	0.991977145	5	5
-350.05	0.985430078	5	5
-349.8	0.978922939	5	5
-349.55	0.972561437	5	5
-349.3	0.966470195	5	5
-349.05	0.960749229	5	5
-348.8	0.955431241	5	5
-348.55	0.950452349	5	5
-348.3	0.945649451	5	5
-348.05	0.94079213	5	5
-347.8	0.935643779	5	5
-347.55	0.930031218	5	5
-347.3	0.923895036	5	5
-347.05	0.917301095	5	5
-346.8	0.910413096	5	5
-346.55	0.903444397	5	5
-346.3	0.896612974	5	5
-346.05	0.890114952	5	5
-345.8	0.884117134	5	5
-345.55	0.878757697	5	5
-345.3	0.87414205	5	5
-345.05	0.870326936	5	5
-344.8	0.86729585	5	5
-344.55	0.864938203	5	5
-344.3	0.863049077	5	5
-344.05	0.86136236	5	5
-343.8	0.859616914	5	5
-343.55	0.857637547	5	5
-343.3	0.855399009	5	5
-343.05	0.853040926	5	5
-342.8	0.850817569	5	5
-342.55	0.848993247	5	5
-342.3	0.847720288	5	5
-342.05	0.846949639	5	5
-341.8	0.846416335	5	5
-341.55	0.845714407	5	5
-341.3	0.844438365	5	5
-341.05	0.84233787	5	5
-340.8	0.839423717	5	5
-340.55	0.835982508	5	5
-340.3	0.832495876	5	5
-340.05	0.829499411	5	5
-339.8	0.82743772	5	5
-339.55	0.826567283	5	5
-339.3	0.826933	5	5
-339.05	0.82841196	5	5
-338.8	0.830793345	5	5
-338.55	0.833854865	5	5
-338.3	0.837404236	5	5
-338.05	0.841273916	5	5
-337.8	0.845280404	5	5
-337.55	0.84917685	5	5
-337.3	0.852632133	5	5
-337.05	0.855258609	5	5
-336.8	0.856688827	5	5
-336.55	0.8566787	5	5
-336.3	0.855200963	5	5
-336.05	0.85249343	5	5
-335.8	0.849039735	5	5
-335.55	0.845480201	5	5
-335.3	0.842471262	5	5
-335.05	0.840529331	5	5
-334.8	0.839905029	5	5
-334.55	0.840530686	5	5
-334.3	0.842063968	5	5
-334.05	0.84401609	5	5
-333.8	0.845917444	5	5
-333.55	0.847455538	5	5
-333.3	0.848532758	5	5
-333.05	0.849230983	5	5
-332.8	0.849715324	5	5
-332.55	0.850134136	5	5
-332.3	0.850563157	5	5
-332.05	0.851006701	5	5
-331.8	0.851433426	5	5
-331.55	0.851811447	5	5
-331.3	0.852122418	5	5
-331.05	0.852360064	5	5
-330.8	0.85253244	5	5
-330.55	0.852678243	5	5
-330.3	0.852886598	5	5
-330.05	0.853298107	5	5
-329.8	0.854075074	5	5
-329.55	0.85535217	5	5
-329.3	0.857194337	5	5
-329.05	0.859582796	5	5
-328.8	0.862428945	5	5
-328.55	0.865599368	5	5
-328.3	0.868936506	5	5
-328.05	0.872273786	5	5
-327.8	0.875454495	5	5
-327.55	0.878359573	5	5
-327.3	0.880936305	5	5
-327.05	0.883211892	5	5
-326.8	0.885281574	5	5
-326.55	0.887274604	5	5
-326.3	0.889310948	5	5
-326.05	0.891461193	5	5
-325.8	0.893716859	5	5
-325.55	0.895976861	5	5
-325.3	0.898059769	5	5
-325.05	0.899752536	5	5
-324.8	0.900895073	5	5
-324.55	0.901477229	5	5
-324.3	0.90170418	5	5
-324.05	0.901986095	5	5
-323.8	0.902835373	5	5
-323.55	0.904698661	5	5
-323.3	0.907786803	5	5
-323.05	0.911972128	5	5
-322.8	0.916794861	5	5
-322.55	0.921574522	5	5
-322.3	0.925582839	5	5
-322.05	0.928219716	5	5
-321.8	0.92914443	5	5
-321.55	0.928338258	5	5
-321.3	0.926096989	5	5
-321.05	0.922964906	5	5
-320.8	0.919627549	5	5
-320.55	0.916784125	5	5
-320.3	0.915023908	5	5
-320.05	0.914731122	5	5
-319.8	0.916036124	5	5
-319.55	0.91881775	5	5
-319.3	0.922748353	5	5
-319.05	0.927365229	5	5
-318.8	0.932151734	5	5
-318.55	0.936614831	5	5
-318.3	0.940349131	5	5
-318.05	0.943079586	5	5
-317.8	0.94467815	5	5
-317.55	0.945155538	5	5
-317.3	0.944635907	5	5
-317.05	0.943325639	5	5
-316.8	0.941484935	5	5
-316.55	0.939404449	5	5
-316.3	0.937383688	5	5
-316.05	0.935706815	5	5
-315.8	0.934614525	5	5
-315.55	0.934274506	5	5
-315.3	0.934755102	5	5
-315.05	0.936007116	5	5
-314.8	0.937859025	5	5
-314.55	0.940031171	5	5
-314.3	0.942173288	5	5
-314.05	0.943924907	5	5
-313.8	0.94499039	5	5
-313.55	0.945212299	5	5
-313.3	0.94462178	5	5
-313.05	0.943445527	5	5
-312.8	0.942057427	5	5
-312.55	0.940880041	5	5
-312.3	0.940262884	5	5
-312.05	0.940381442	5	5
-311.8	0.941200028	5	5
-311.55	0.942516915	5	5
-311.3	0.944070069	5	5
-311.05	0.945648784	5	5
-310.8	0.947152749	5	5
-310.55	0.948571361	5	5
-310.3	0.949904739	5	5
-310.05	0.951083466	5	5
-309.8	0.951943503	5	5
-309.55	0.952276227	5	5
-309.3	0.951925215	5	5
-309.05	0.950872291	5	5
-308.8	0.949263538	5	5
-308.55	0.947364094	5	5
-308.3	0.945472126	5	5
-308.05	0.94383999	5	5
-307.8	0.942635424	5	5
-307.55	0.941942323	5	5
-307.3	0.941775745	5	5
-307.05	0.942086719	5	5
-306.8	0.942754711	5	5
-306.55	0.943587641	5	5
-306.3	0.944351367	5	5
-306.05	0.944830327	5	5
-305.8	0.94489539	5	5
-305.55	0.944544115	5	5
-305.3	0.943890776	5	5
-305.05	0.943109732	5	5
-304.8	0.94235946	5	5
-304.55	0.941723229	5	5
-304.3	0.941193418	5	5
-304.05	0.940704675	5	5
-303.8	0.94019559	5	5
-303.55	0.939660853	5	5
-303.3	0.939157705	5	5
-303.05	0.93875635	5	5
-302.8	0.938462904	5	5
-302.55	0.938170489	5	5
-302.3	0.937686091	5	5
-302.05	0.936836011	5	5
-301.8	0.935597623	5	5
-301.55	0.934177761	5	5
-301.3	0.932980315	5	5
-301.05	0.932465743	5	5
-300.8	0.932965621	5	5
-300.55	0.934538703	5	5
-300.3	0.936929656	5	5
-300.05	0.939636995	5	5
-299.8	0.942047811	5	5
-299.55	0.943579876	5	5
-299.3	0.94378926	5	5
-299.05	0.942433952	5	5
-298.8	0.93950636	5	5
-298.55	0.935247027	5	5
-298.3	0.930135471	5	5
-298.05	0.924840482	5	5
-297.8	0.920117087	5	5
-297.55	0.916660925	5	5
-297.3	0.914958025	5	5
-297.05	0.915180012	5	5
-296.8	0.917161791	5	5
-296.55	0.920466623	5	5
-296.3	0.924509281	5	5
-296.05	0.928689378	5	5
-295.8	0.932491936	5	5
-295.55	0.935535644	5	5
-295.3	0.937576537	5	5
-295.05	0.93849117	5	5
-294.8	0.938262154	5	5
-294.55	0.936974603	5	5
-294.3	0.934816119	5	5
-294.05	0.932065929	5	5
-293.8	0.929063396	5	5
-293.55	0.926157634	5	5
-293.3	0.923650472	5	5
-293.05	0.921749045	5	5
-292.8	0.92054101	5	5
-292.55	0.919997051	5	5
-292.3	0.919995823	5	5
-292.05	0.920359709	5	5
-291.8	0.920888752	5	5
-291.55	0.921385467	5	5
-291.3	0.921671873	5	5
-291.05	0.921606335	5	5
-290.8	0.921106828	5	5
-290.55	0.920178754	5	5
-290.3	0.918934786	5	5
-290.05	0.917589678	5	5
-289.8	0.91641965	5	5
-289.55	0.915692332	5	5
-289.3	0.915590192	5	5
-289.05	0.916157445	5	5
-288.8	0.91729176	5	5
-288.55	0.918781705	5	5
-288.3	0.920370146	5	5
-288.05	0.921814828	5	5
-287.8	0.922924979	5	5
-287.55	0.923571119	5	5
-287.3	0.923681703	5	5
-287.05	0.923243826	5	5
-286.8	0.922314488	5	5
-286.55	0.921032653	5	5
-286.3	0.919613518	5	5
-286.05	0.918312257	5	5
-285.8	0.917361947	5	5
-285.55	0.916907898	5	5
-285.3	0.916966697	5	5
-285.05	0.917428667	5	5
-284.8	0.918102521	5	5
-284.55	0.918781935	5	5
-284.3	0.919305834	5	5
-284.05	0.919591011	5	5
-283.8	0.919632338	5	5
-283.55	0.919481804	5	5
-283.3	0.91922342	5	5
-283.05	0.918954467	5	5
-282.8	0.918771381	5	5
-282.55	0.91875155	5	5
-282.3	0.918927015	5	5
-282.05	0.919258831	5	5
-281.8	0.919630862	5	5
-281.55	0.919878987	5	5
-281.3	0.919855316	5	5
-281.05	0.919505856	5	5
-280.8	0.918926919	5	5
-280.55	0.918368614	5	5
-280.3	0.918172952	5	5
-280.05	0.918661277	5	5
-279.8	0.920009174	5	5
-279.55	0.922155966	5	5
-279.3	0.924785631	5	5
-279.05	0.927390243	5	5
-278.8	0.929397055	5	5
-278.55	0.930318941	5	5
-278.3	0.929882542	5	5
-278.05	0.928098498	5	5
-277.8	0.925257054	5	5
-277.55	0.921853124	5	5
-277.3	0.918463153	5	5
-277.05	0.915608813	5	5
-276.8	0.913646236	5	5
-276.55	0.912711409	5	5
-276.3	0.912733057	5	5
-276.05	0.913500486	5	5
-275.8	0.914755464	5	5
-275.55	0.916272481	5	5
-275.3	0.917901921	5	5
-275.05	0.91956998	5	5
-274.8	0.921247661	5	5
-274.55	0.922911111	5	5
-274.3	0.924513917	5	5
-274.05	0.925981831	5	5
-273.8	0.92722785	5	5
-273.55	0.928176767	5	5
-273.3	0.928786666	5	5
-273.05	0.929059481	5	5
-272.8	0.929039937	5	5
-272.55	0.928807365	5	5
-272.3	0.928465724	5	5
-272.05	0.928134492	5	5
-271.8	0.927939478	5	5
-271.55	0.928000424	5	5
-271.3	0.928412506	5	5
-271.05	0.929221475	5	5
-270.8	0.93039735	5	5
-270.55	0.931817635	5	5
-270.3	0.933274142	5	5
-270.05	0.934512522	5	5
-269.8	0.93529927	5	5
-269.55	0.935493582	5	5
-269.3	0.935092477	5	5
-269.05	0.934225892	5	5
-268.8	0.933101691	5	5
-268.55	0.931926064	5	5
-268.3	0.930837162	5	5
-268.05	0.929881778	5	5
-267.8	0.929041205	5	5
-267.55	0.928286458	5	5
-267.3	0.927628515	5	5
-267.05	0.92713314	5	5
-266.8	0.926890095	5	5
-266.55	0.926952857	5	5
-266.3	0.927283658	5	5
-266.05	0.927738827	5	5
-265.8	0.928109334	5	5
-265.55	0.928201216	5	5
-265.3	0.927917359	5	5
-265.05	0.927300263	5	5
-264.8	0.926516299	5	5
-264.55	0.925792641	5	5
-264.3	0.925339819	5	5
-264.05	0.925293821	5	5
-263.8	0.925694619	5	5
-263.55	0.926496647	5	5
-263.3	0.927594873	5	5
-263.05	0.928851956	5	5
-262.8	0.930121309	5	5
-262.55	0.931267802	5	5
-262.3	0.932187788	5	5
-262.05	0.93282575	5	5
-261.8	0.933182358	5	5
-261.55	0.933310788	5	5
-261.3	0.933302603	5	5
-261.05	0.933267313	5	5
-260.8	0.93330951	5	5
-260.55	0.933506457	5	5
-260.3	0.933889564	5	5
-260.05	0.934434792	5	5
-259.8	0.93506666	5	5
-259.55	0.935676643	5	5
-259.3	0.936151469	5	5
-259.05	0.936404076	5	5
-258.8	0.936401047	5	5
-258.55	0.936182022	5	5
-258.3	0.935864868	5	5
-258.05	0.935626654	5	5
-257.8	0.93565215	5	5
-257.55	0.936055341	5	5
-257.3	0.936801611	5	5
-257.05	0.93767329	5	5
-256.8	0.938312517	5	5
-256.55	0.938340511	5	5
-256.3	0.937509338	5	5
-256.05	0.935818765	5	5
-255.8	0.933544337	5	5
-255.55	0.931166264	5	5
-255.3	0.929235378	5	5
-255.05	0.928234308	5	5
-254.8	0.928479902	5	5
-254.55	0.930080934	5	5
-254.3	0.932937848	5	5
-254.05	0.936764914	5	5
-253.8	0.941126683	5	5
-253.55	0.945493706	5	5
-253.3	0.949322975	5	5
-253.05	0.952155375	5	5
-252.8	0.953706884	5	5
-252.55	0.95392488	5	5
-252.3	0.95298994	5	5
-252.05	0.951261507	5	5
-251.8	0.949183618	5	5
-251.55	0.947177874	5	5
-251.3	0.945553252	5	5
-251.05	0.944456828	5	5
-250.8	0.943877607	5	5
-250.55	0.943699246	5	5
-250.3	0.943780207	5	5
-250.05	0.944027711	5	5
-249.8	0.944431777	5	5
-249.55	0.945041378	5	5
-249.3	0.945892887	5	5
-249.05	0.946928998	5	5
-248.8	0.947957715	5	5
-248.55	0.948685415	5	5
-248.3	0.948820301	5	5
-248.05	0.948202619	5	5
-247.8	0.946898887	5	5
-247.55	0.945210806	5	5
-247.3	0.943588281	5	5
-247.05	0.942479566	5	5
-246.8	0.942178984	5	5
-246.55	0.942732853	5	5
-246.3	0.94393872	5	5
-246.05	0.945433577	5	5
-245.8	0.946830166	5	5
-245.55	0.947843087	5	5
-245.3	0.948356285	5	5
-245.05	0.948415406	5	5
-244.8	0.948164877	5	5
-244.55	0.947770936	5	5
-244.3	0.947368601	5	5
-244.05	0.947048507	5	5
-243.8	0.946874031	5	5
-243.55	0.9469047	5	5
-243.3	0.947203738	5	5
-243.05	0.947821719	5	5
-242.8	0.948765422	5	5
-242.55	0.94997199	5	5
-242.3	0.95130786	5	5
-242.05	0.95259984	5	5
-241.8	0.953688151	5	5
-241.55	0.954478111	5	5
-241.3	0.954966228	5	5
-241.05	0.955228899	5	5
-240.8	0.955380579	5	5
-240.55	0.955522478	5	5
-240.3	0.955705273	5	5
-240.05	0.955920208	5	5
-239.8	0.956118642	5	5
-239.55	0.956248112	5	5
-239.3	0.956287601	5	5
-239.05	0.956266171	5	5
-238.8	0.956255761	5	5
-238.55	0.956338967	5	5
-238.3	0.956563859	5	5
-238.05	0.956906638	5	5
-237.8	0.95726408	5	5
-237.55	0.957487581	5	5
-237.3	0.957451127	5	5
-237.05	0.957125017	5	5
-236.8	0.956617326	5	5
-236.55	0.956154172	5	5
-236.3	0.955996847	5	5
-236.05	0.956327557	5	5
-235.8	0.957157885	5	5
-235.55	0.95831	5	5
-235.3	0.959487499	5	5
-235.05	0.960405685	5	5
-234.8	0.96091697	5	5
-234.55	0.961068405	5	5
-234.3	0.961066456	5	5
-234.05	0.961175768	5	5
-233.8	0.961610808	5	5
-233.55	0.962472928	5	5
-233.3	0.963749005	5	5
-233.05	0.965349641	5	5
-232.8	0.967150349	5	5
-232.55	0.969012538	5	5
-232.3	0.970786187	5	5
-232.05	0.972311982	5	5
-231.8	0.973438305	5	5
-231.55	0.974053991	5	5
-231.3	0.974123772	5	5
-231.05	0.97370842	5	5
-230.8	0.972956714	5	5
-230.55	0.972067613	5	5
-230.3	0.971233532	5	5
-230.05	0.970584425	5	5
-229.8	0.970153345	5	5
-229.55	0.969876043	5	5
-229.3	0.969623869	5	5
-229.05	0.969258044	5	5
-228.8	0.9686889	5	5
-228.55	0.967924945	5	5
-228.3	0.967098375	5	5
-228.05	0.966454121	5	5
-227.8	0.966293293	5	5
-227.55	0.966875346	5	5
-227.3	0.968305822	5	5
-227.05	0.970456326	5	5
-226.8	0.972963563	5	5
-226.55	0.975326647	5	5
-226.3	0.977075682	5	5
-226.05	0.977944176	5	5
-225.8	0.977967846	5	5
-225.55	0.977462217	5	5
-225.3	0.976887565	5	5
-225.05	0.976663	5	5
-224.8	0.977013536	5	5
-224.55	0.977913609	5	5
-224.3	0.979139966	5	5
-224.05	0.980394324	5	5
-223.8	0.981429567	5	5
-223.55	0.982123953	5	5
-223.3	0.9824848	5	5
-223.05	0.982601556	5	5
-222.8	0.98258569	5	5
-222.55	0.982526415	5	5
-222.3	0.982469992	5	5
-222.05	0.982415386	5	5
-221.8	0.98231969	5	5
-221.55	0.98211602	5	5
-221.3	0.981749617	5	5
-221.05	0.981226696	5	5
-220.8	0.980652794	5	5
-220.55	0.980230442	5	5
-220.3	0.98020169	5	5
-220.05	0.9807534	5	5
-219.8	0.981931194	5	5
-219.55	0.983609675	5	5
-219.3	0.985537321	5	5
-219.05	0.98743151	5	5
-218.8	0.989070982	5	5
-218.55	0.990339436	5	5
-218.3	0.991209989	5	5
-218.05	0.991699573	5	5
-217.8	0.991836226	5	5
-217.55	0.991661914	5	5
-217.3	0.991257428	5	5
-217.05	0.990754451	5	5
-216.8	0.990310503	5	5
-216.55	0.99005529	5	5
-216.3	0.990043413	5	5
-216.05	0.990246151	5	5
-215.8	0.990586355	5	5
-215.55	0.990990124	5	5
-215.3	0.991421363	5	5
-215.05	0.991884229	5	5
-214.8	0.992404567	5	5
-214.55	0.993011112	5	5
-214.3	0.993724742	5	5
-214.05	0.9945461	5	5
-213.8	0.995430901	5	5
-213.55	0.996263521	5	5
-213.3	0.996862691	5	5
-213.05	0.997049314	5	5
-212.8	0.996765373	5	5
-212.55	0.996179071	5	5
-212.3	0.995689766	5	5
-212.05	0.995787552	5	5
-211.8	0.996811989	5	5
-211.55	0.998735515	5	5
-211.3	1.00110796	5	5
-211.05	1.003220274	5	5
-210.8	1.004420764	5	5
-210.55	1.004423803	5	5
-210.3	1.003449089	5	5
-210.05	1.002120499	5	5
-209.8	1.00118108	5	5
-209.55	1.001170742	5	5
-209.3	1.002220411	5	5
-209.05	1.004046518	5	5
-208.8	1.006127801	5	5
-208.55	1.007965388	5	5
-208.3	1.009300544	5	5
-208.05	1.010195705	5	5
-207.8	1.010953285	5	5
-207.55	1.01192166	5	5
-207.3	1.013287783	5	5
-207.05	1.014960191	5	5
-206.8	1.016601626	5	5
-206.55	1.017795377	5	5
-206.3	1.018259623	5	5
-206.05	1.017996757	5	5
-205.8	1.017297842	5	5
-205.55	1.016600643	5	5
-205.3	1.016279533	5	5
-205.05	1.016480668	5	5
-204.8	1.017085681	5	5
-204.55	1.017811756	5	5
-204.3	1.018381947	5	5
-204.05	1.018669883	5	5
-203.8	1.018749498	5	5
-203.55	1.018839897	5	5
-203.3	1.019189142	5	5
-203.05	1.019960685	5	5
-202.8	1.021170405	5	5
-202.55	1.022688926	5	5
-202.3	1.024295046	5	5
-202.05	1.025752628	5	5
-201.8	1.026883336	5	5
-201.55	1.027614076	5	5
-201.3	1.027986801	5	5
-201.05	1.028129661	5	5
-200.8	1.028201842	5	5
-200.55	1.028335068	5	5
-200.3	1.028595768	5	5
-200.05	1.028980663	5	5
-199.8	1.029440674	5	5
-199.55	1.029914468	5	5
-199.3	1.030351794	5	5
-199.05	1.030717857	5	5
-198.8	1.030985137	5	5
-198.55	1.031127803	5	5
-198.3	1.031130413	5	5
-198.05	1.031009347	5	5
-197.8	1.03083154	5	5
-197.55	1.030711156	5	5
-197.3	1.030775535	5	5
-197.05	1.031111399	5	5
-196.8	1.031718108	5	5
-196.55	1.032494982	5	5
-196.3	1.033273001	5	5
-196.05	1.033877812	5	5
-195.8	1.034195484	5	5
-195.55	1.034213215	5	5
-195.3	1.03402177	5	5
-195.05	1.033784389	5	5
-194.8	1.033688621	5	5
-194.55	1.033899023	5	5
-194.3	1.0345225	5	5
-194.05	1.035589603	5	5
-193.8	1.037049106	5	5
-193.55	1.038771938	5	5
-193.3	1.040563188	5	5
-193.05	1.042184425	5	5
-192.8	1.04338947	5	5
-192.55	1.04397321	5	5
-192.3	1.043826262	5	5
-192.05	1.042981358	5	5
-191.8	1.041633413	5	5
-191.55	1.040116801	5	5
-191.3	1.038832527	5	5
-191.05	1.038135577	5	5
-190.8	1.038214997	5	5
-190.55	1.039015326	5	5
-190.3	1.040243488	5	5
-190.05	1.041473598	5	5
-189.8	1.042314183	5	5
-189.55	1.042564971	5	5
-189.3	1.042289524	5	5
-189.05	1.041770918	5	5
-188.8	1.041377673	5	5
-188.55	1.041409922	5	5
-188.3	1.041996567	5	5
-188.05	1.04307688	5	5
-187.8	1.044452784	5	5
-187.55	1.045871057	5	5
-187.3	1.04709833	5	5
-187.05	1.047972865	5	5
-186.8	1.048433387	5	5
-186.55	1.048526055	5	5
-186.3	1.048383671	5	5
-186.05	1.048172679	5	5
-185.8	1.048020031	5	5
-185.55	1.047952377	5	5
-185.3	1.047884405	5	5
-185.05	1.047671049	5	5
-184.8	1.047200513	5	5
-184.55	1.046477063	5	5
-184.3	1.045644961	5	5
-184.05	1.044937905	5	5
-183.8	1.044580583	5	5
-183.55	1.044694329	5	5
-183.3	1.045253479	5	5
-183.05	1.046109173	5	5
-182.8	1.047062244	5	5
-182.55	1.04794536	5	5
-182.3	1.048675791	5	5
-182.05	1.049260231	5	5
-181.8	1.049759568	5	5
-181.55	1.050239823	5	5
-181.3	1.050736657	5	5
-181.05	1.051246541	5	5
-180.8	1.051739161	5	5
-180.55	1.052175799	5	5
-180.3	1.052522087	5	5
-180.05	1.05275403	5	5
-179.8	1.052862268	5	5
-179.55	1.052856352	5	5
-179.3	1.052764274	5	5
-179.05	1.052622536	5	5
-178.8	1.052461118	5	5
-178.55	1.052296823	5	5
-178.3	1.052145799	5	5
-178.05	1.052049803	5	5
-177.8	1.052093206	5	5
-177.55	1.052385894	5	5
-177.3	1.053007143	5	5
-177.05	1.053936072	5	5
-176.8	1.055013341	5	5
-176.55	1.055970259	5	5
-176.3	1.05652667	5	5
-176.05	1.056517329	5	5
-175.8	1.055983328	5	5
-175.55	1.055176286	5	5
-175.3	1.054464659	5	5
-175.05	1.054181494	5	5
-174.8	1.054483705	5	5
-174.55	1.055287524	5	5
-174.3	1.056306651	5	5
-174.05	1.057170449	5	5
-173.8	1.057565261	5	5
-173.55	1.057338526	5	5
-173.3	1.056530458	5	5
-173.05	1.055335015	5	5
-172.8	1.054020254	5	5
-172.55	1.052845953	5	5
-172.3	1.052004859	5	5
-172.05	1.051594877	5	5
-171.8	1.051616061	5	5
-171.55	1.05198389	5	5
-171.3	1.052554702	5	5
-171.05	1.053161796	5	5
-170.8	1.053656956	5	5
-170.55	1.053945686	5	5
-170.3	1.054003127	5	5
-170.05	1.053865447	5	5
-169.8	1.053604148	5	5
-169.55	1.053298603	5	5
-169.3	1.053019322	5	5
-169.05	1.052823762	5	5
-168.8	1.05275728	5	5
-168.55	1.052850927	5	5
-168.3	1.05311411	5	5
-168.05	1.053526961	5	5
-167.8	1.054038795	5	5
-167.55	1.054575818	5	5
-167.3	1.055057099	5	5
-167.05	1.05541525	5	5
-166.8	1.055616613	5	5
-166.55	1.05567411	5	5
-166.3	1.055645978	5	5
-166.05	1.05561797	5	5
-165.8	1.055674702	5	5
-165.55	1.055872149	5	5
-165.3	1.056222502	5	5
-165.05	1.056694992	5	5
-164.8	1.057228397	5	5
-164.55	1.057749208	5	5
-164.3	1.058193087	5	5
-164.05	1.058529029	5	5
-163.8	1.058780252	5	5
-163.55	1.059027789	5	5
-163.3	1.059383555	5	5
-163.05	1.059935802	5	5
-162.8	1.06069279	5	5
-162.55	1.061560981	5	5
-162.3	1.062378831	5	5
-162.05	1.062993161	5	5
-161.8	1.06333605	5	5
-161.55	1.063458174	5	5
-161.3	1.063501455	5	5
-161.05	1.063630008	5	5
-160.8	1.063959027	5	5
-160.55	1.064515239	5	5
-160.3	1.065238839	5	5
-160.05	1.066014378	5	5
-159.8	1.066710431	5	5
-159.55	1.067214733	5	5
-159.3	1.067461786	5	5
-159.05	1.067453418	5	5
-158.8	1.067267847	5	5
-158.55	1.067047602	5	5
-158.3	1.066960548	5	5
-158.05	1.06714265	5	5
-157.8	1.067646915	5	5
-157.55	1.068426992	5	5
-157.3	1.06936956	5	5
-157.05	1.070363185	5	5
-156.8	1.071368408	5	5
-156.55	1.072449528	5	5
-156.3	1.073746971	5	5
-156.05	1.075400616	5	5
-155.8	1.077461242	5	5
-155.55	1.079834364	5	5
-155.3	1.082284778	5	5
-155.05	1.08450085	5	5
-154.8	1.086190721	5	5
-154.55	1.087170691	5	5
-154.3	1.087412315	5	5
-154.05	1.087033979	5	5
-153.8	1.086245884	5	5
-153.55	1.08527526	5	5
-153.3	1.08430452	5	5
-153.05	1.083446126	5	5
-152.8	1.082757903	5	5
-152.55	1.082281428	5	5
-152.3	1.082075759	5	5
-152.05	1.08222507	5	5
-151.8	1.082816744	5	5
-151.55	1.083904026	5	5
-151.3	1.085473655	5	5
-151.05	1.087432646	5	5
-150.8	1.089617167	5	5
-150.55	1.091819043	5	5
-150.3	1.093824381	5	5
-150.05	1.095459392	5	5
-149.8	1.096635384	5	5
-149.55	1.097378785	5	5
-149.3	1.097830316	5	5
-149.05	1.098206147	5	5
-148.8	1.098731194	5	5
-148.55	1.099569934	5	5
-148.3	1.100782252	5	5
-148.05	1.102318969	5	5
-147.8	1.104052479	5	5
-147.55	1.105824798	5	5
-147.3	1.107494415	5	5
-147.05	1.108970945	5	5
-146.8	1.110234219	5	5
-146.55	1.111337183	5	5
-146.3	1.112391586	5	5
-146.05	1.113536928	5	5
-145.8	1.114898233	5	5
-145.55	1.116544275	5	5
-145.3	1.118460411	5	5
-145.05	1.120547356	5	5
-144.8	1.122649813	5	5
-144.55	1.124608845	5	5
-144.3	1.126321403	5	5
-144.05	1.127783701	5	5
-143.8	1.129097288	5	5
-143.55	1.13043046	5	5
-143.3	1.131948253	5	5
-143.05	1.133740485	5	5
-142.8	1.135778723	5	5
-142.55	1.137918461	5	5
-142.3	1.139941634	5	5
-142.05	1.141619843	5	5
-141.8	1.142776532	5	5
-141.55	1.143333501	5	5
-141.3	1.143335042	5	5
-141.05	1.14294671	5	5
-140.8	1.142427049	5	5
-140.55	1.142074326	5	5
-140.3	1.142158271	5	5
-140.05	1.142855087	5	5
-139.8	1.144206514	5	5
-139.55	1.146117221	5	5
-139.3	1.148391416	5	5
-139.05	1.150795449	5	5
-138.8	1.153124578	5	5
-138.55	1.155252285	5	5
-138.3	1.157148795	5	5
-138.05	1.158867754	5	5
-137.8	1.160511331	5	5
-137.55	1.162190444	5	5
-137.3	1.163996289	5	5
-137.05	1.165992227	5	5
-136.8	1.168223709	5	5
-136.55	1.170733396	5	5
-136.3	1.173565095	5	5
-136.05	1.176747214	5	5
-135.8	1.180261038	5	5
-135.55	1.184012063	5	5
-135.3	1.187824699	5	5
-135.05	1.191470265	5	5
-134.8	1.194722764	5	5
-134.55	1.197426208	5	5
-134.3	1.199554823	5	5
-134.05	1.201249216	5	5
-133.8	1.202812513	5	5
-133.55	1.204653162	5	5
-133.3	1.207173808	5	5
-133.05	1.210631719	5	5
-132.8	1.215024075	5	5
-132.55	1.220058322	5	5
-132.3	1.225238457	5	5
-132.05	1.230041453	5	5
-131.8	1.234106949	5	5
-131.55	1.237352015	5	5
-131.3	1.239961566	5	5
-131.05	1.242270623	5	5
-130.8	1.244607129	5	5
-130.55	1.247174137	5	5
-130.3	1.250017312	5	5
-130.05	1.253072723	5	5
-129.8	1.256251345	5	5
-129.55	1.259508422	5	5
-129.3	1.262864995	5	5
-129.05	1.266379397	5	5
-128.8	1.270090703	5	5
-128.55	1.273965133	5	5
-128.3	1.277871199	5	5
-128.05	1.281596551	5	5
-127.8	1.284904896	5	5
-127.55	1.287617664	5	5
-127.3	1.289693749	5	5
-127.05	1.291275037	5	5
-126.8	1.292670955	5	5
-126.55	1.294275286	5	5
-126.3	1.296438374	5	5
-126.05	1.299343672	5	5
-125.8	1.302942913	5	5
-125.55	1.306981291	5	5
-125.3	1.311102376	5	5
-125.05	1.314984906	5	5
-124.8	1.318452007	5	5
-124.55	1.321512885	5	5
-124.3	1.324333102	5	5
-124.05	1.327158997	5	5
-123.8	1.330230755	5	5
-123.55	1.333709988	5	5
-123.3	1.337634813	5	5
-123.05	1.341907884	5	5
-122.8	1.346319642	5	5
-122.55	1.350603516	5	5
-122.3	1.354509537	5	5
-122.05	1.35787396	5	5
-121.8	1.360662703	5	5
-121.55	1.362977106	5	5
-121.3	1.36502449	5	5
-121.05	1.367065024	5	5
-120.8	1.369348383	5	5
-120.55	1.372053384	5	5
-120.3	1.375245414	5	5
-120.05	1.378867395	5	5
-119.8	1.382773038	5	5
-119.55	1.386793312	5	5
-119.3	1.39080691	5	5
-119.05	1.394778928	5	5
-118.8	1.398748341	5	5
-118.55	1.402776409	5	5
-118.3	1.406893026	5	5
-118.05	1.411077163	5	5
-117.8	1.415281068	5	5
-117.55	1.419475774	5	5
-117.3	1.423681481	5	5
-117.05	1.427959528	5	5
-116.8	1.432371022	5	5
-116.55	1.436929658	5	5
-116.3	1.441578426	5	5
-116.05	1.446203251	5	5
-115.8	1.450674301	5	5
-115.55	1.45489198	5	5
-115.3	1.458816121	5	5
-115.05	1.462470111	5	5
-114.8	1.465926272	5	5
-114.55	1.469285415	5	5
-114.3	1.472659333	5	5
-114.05	1.476156212	5	5
-113.8	1.479864562	5	5
-113.55	1.483835283	5	5
-113.3	1.488069198	5	5
-113.05	1.492519531	5	5
-112.8	1.497111576	5	5
-112.55	1.501770436	5	5
-112.3	1.506442676	5	5
-112.05	1.511103921	5	5
-111.8	1.515756103	5	5
-111.55	1.520423834	5	5
-111.3	1.525153451	5	5
-111.05	1.530007315	5	5
-110.8	1.535043214	5	5
-110.55	1.540280533	5	5
-110.3	1.545672347	5	5
-110.05	1.551108049	5	5
-109.8	1.556455152	5	5
-109.55	1.561621172	5	5
-109.3	1.566599475	5	5
-109.05	1.571471721	5	5
-108.8	1.576367838	5	5
-108.55	1.581409664	5	5
-108.3	1.586668185	5	5
-108.05	1.592147752	5	5
-107.8	1.597791341	5	5
-107.55	1.603494792	5	5
-107.3	1.609125216	5	5
-107.05	1.614546965	5	5
-106.8	1.619656745	5	5
-106.55	1.624419571	5	5
-106.3	1.628890058	5	5
-106.05	1.633207091	5	5
-105.8	1.637561885	5	5
-105.55	1.64215101	5	5
-105.3	1.647130422	5	5
-105.05	1.65258402	5	5
-104.8	1.65851427	5	5
-104.55	1.664855409	5	5
-104.3	1.671502311	5	5
-104.05	1.678341892	5	5
-103.8	1.685273093	5	5
-103.55	1.692208732	5	5
-103.3	1.699065228	5	5
-103.05	1.705755682	5	5
-102.8	1.712200107	5	5
-102.55	1.718353384	5	5
-102.3	1.724236082	5	5
-102.05	1.729947062	5	5
-101.8	1.735644929	5	5
-101.55	1.74150234	5	5
-101.3	1.747652015	5	5
-101.05	1.75414756	5	5
-100.8	1.760954901	5	5
-100.55	1.767975778	5	5
-100.3	1.775090429	5	5
-100.05	1.782198879	5	5
-99.8	1.789243384	5	5
-99.55	1.796207571	5	5
-99.3	1.803102464	5	5
-99.05	1.809955202	5	5
-98.8	1.816808025	5	5
-98.55	1.823720528	5	5
-98.3	1.830761497	5	5
-98.05	1.837985654	5	5
-97.8	1.84540777	5	5
-97.55	1.852995034	5	5
-97.3	1.860688101	5	5
-97.05	1.868439543	5	5
-96.8	1.876244026	5	5
-96.55	1.884140143	5	5
-96.3	1.892184205	5	5
-96.05	1.900414267	5	5
-95.8	1.908825124	5	5
-95.55	1.917363888	5	5
-95.3	1.925943004	5	5
-95.05	1.934462925	5	5
-94.8	1.942839088	5	5
-94.55	1.951029758	5	5
-94.3	1.959058455	5	5
-94.05	1.967020187	5	5
-93.8	1.975061912	5	5
-93.55	1.983337397	5	5
-93.3	1.99195036	5	5
-93.05	2.000908457	5	5
-92.8	2.010108679	5	5
-92.55	2.01936305	5	5
-92.3	2.028458608	5	5
-92.05	2.037233524	5	5
-91.8	2.045644768	5	5
-91.55	2.053802735	5	5
-91.3	2.061955538	5	5
-91.05	2.070421102	5	5
-90.8	2.079485592	5	5
-90.55	2.089303672	5	5
-90.3	2.099839677	5	5
-90.05	2.110874566	5	5
-89.8	2.122077168	5	5
-89.55	2.133112156	5	5
-89.3	2.143743306	5	5
-89.05	2.153894352	5	5
-88.8	2.163648302	5	5
-88.55	2.173191548	5	5
-88.3	2.182730975	5	5
-88.05	2.192421306	5	5
-87.8	2.202331538	5	5
-87.55	2.21245732	5	5
-87.3	2.2227624	5	5
-87.05	2.233220245	5	5
-86.8	2.243833175	5	5
-86.55	2.25462505	5	5
-86.3	2.265621012	5	5
-86.05	2.276832495	5	5
-85.8	2.288256393	5	5
-85.55	2.299883443	5	5
-85.3	2.311703912	5	5
-85.05	2.323703569	5	5
-84.8	2.335854279	5	5
-84.55	2.348110879	5	5
-84.3	2.360422569	5	5
-84.05	2.372755109	5	5
-83.8	2.385109779	5	5
-83.55	2.397525324	5	5
-83.3	2.410060255	5	5
-83.05	2.422766167	5	5
-82.8	2.43566731	5	5
-82.55	2.448754656	5	5
-82.3	2.461991299	5	5
-82.05	2.475320572	5	5
-81.8	2.488672863	5	5
-81.55	2.501975514	5	5
-81.3	2.515172503	5	5
-81.05	2.528252784	5	5
-80.8	2.541274353	5	5
-80.55	2.554366362	5	5
-80.3	2.5676998	5	5
-80.05	2.581434282	5	5
-79.8	2.595663093	5	5
-79.55	2.610381452	5	5
-79.3	2.625492583	5	5
-79.05	2.640848759	5	5
-78.8	2.656309341	5	5
-78.55	2.671791496	5	5
-78.3	2.687293451	5	5
-78.05	2.702882047	5	5
-77.8	2.718651096	5	5
-77.55	2.734669327	5	5
-77.3	2.750941908	5	5
-77.05	2.767404605	5	5
-76.8	2.783954851	5	5
-76.55	2.800505262	5	5
-76.3	2.817032404	5	5
-76.05	2.833595397	5	5
-75.8	2.850315191	5	5
-75.55	2.867326549	5	5
-75.3	2.884727832	5	5
-75.05	2.902551815	5	5
-74.8	2.92076692	5	5
-74.55	2.939302101	5	5
-74.3	2.95807881	5	5
-74.05	2.977033458	5	5
-73.8	2.996121722	5	5
-73.55	3.015307329	5	5
-73.3	3.034547197	5	5
-73.05	3.053787214	5	5
-72.8	3.072976333	5	5
-72.55	3.092094014	5	5
-72.3	3.111175414	5	5
-72.05	3.130318116	5	5
-71.8	3.149664967	5	5
-71.55	3.169371769	5	5
-71.3	3.189575076	5	5
-71.05	3.210370014	5	5
-70.8	3.231797904	5	5
-70.55	3.253839479	5	5
-70.3	3.276414681	5	5
-70.05	3.2993959	5	5
-69.8	3.32263781	5	5
-69.55	3.346014029	5	5
-69.3	3.369441403	5	5
-69.05	3.392878822	5	5
-68.8	3.416306764	5	5
-68.55	3.43970992	5	5
-68.3	3.463083011	5	5
-68.05	3.4864596	5	5
-67.8	3.509941438	5	5
-67.55	3.533699772	5	5
-67.3	3.557935532	5	5
-67.05	3.582811819	5	5
-66.8	3.60839176	5	5
-66.55	3.634614757	5	5
-66.3	3.661324773	5	5
-66.05	3.68833699	5	5
-65.8	3.715509761	5	5
-65.55	3.742787286	5	5
-65.3	3.770194767	5	5
-65.05	3.797792665	5	5
-64.8	3.825617279	5	5
-64.55	3.853641472	5	5
-64.3	3.881778834	5	5
-64.05	3.909931734	5	5
-63.8	3.938059526	5	5
-63.55	3.96623031	5	5
-63.3	3.994626243	5	5
-63.05	4.023496174	5	5
-62.8	4.053077231	5	5
-62.55	4.083522553	5	5
-62.3	4.114866207	5	5
-62.05	4.147033465	5	5
-61.8	4.179880842	5	5
-61.55	4.213240868	5	5
-61.3	4.246954924	5	5
-61.05	4.280893491	5	5
-60.8	4.314972487	5	5
-60.55	4.349170309	5	5
-60.3	4.383538867	5	5
-60.05	4.418195771	5	5
-59.8	4.453291284	5	5
-59.55	4.488958915	5	5
-59.3	4.525270985	5	5
-59.05	4.5622205	5	5
-58.8	4.599737583	5	5
-58.55	4.637730624	5	5
-58.3	4.676130027	5	5
-58.05	4.714912823	5	5
-57.8	4.754098583	5	5
-57.55	4.793723665	5	5
-57.3	4.833811741	5	5
-57.05	4.874357624	5	5
-56.8	4.915330399	5	5
-56.55	4.956689516	5	5
-56.3	4.998402897	5	5
-56.05	5.040461099	5	5
-55.8	5.082889403	5	5
-55.55	5.125761153	5	5
-55.3	5.169208375	5	5
-55.05	5.213416487	5	5
-54.8	5.258589802	5	5
-54.55	5.304888216	5	5
-54.3	5.352356719	5	5
-54.05	5.400883943	5	5
-53.8	5.450221099	5	5
-53.55	5.500066245	5	5
-53.3	5.550182654	5	5
-53.05	5.600495095	5	5
-52.8	5.651112352	5	5
-52.55	5.702260415	5	5
-52.3	5.754160275	5	5
-52.05	5.806916782	5	5
-51.8	5.860478829	5	5
-51.55	5.914688605	5	5
-51.3	5.969385662	5	5
-51.05	6.024502952	5	5
-50.8	6.080103391	5	5
-50.55	6.136346471	5	5
-50.3	6.193416462	5	5
-50.05	6.251460441	5	5
-49.8	6.310568271	5	5
-49.55	6.370792043	5	5
-49.3	6.432174507	5	5
-49.05	6.494753064	5	5
-48.8	6.558528719	5	5
-48.55	6.623420915	5	5
-48.3	6.689246691	5	5
-48.05	6.755752982	5	5
-47.8	6.822699283	5	5
-47.55	6.88995433	5	5
-47.3	6.957556678	5	5
-47.05	7.025704601	5	5
-46.8	7.094677129	5	5
-46.55	7.164724526	5	5
-46.3	7.235982473	5	5
-46.05	7.30845095	5	5
-45.8	7.382043773	5	5
-45.55	7.456676998	5	5
-45.3	7.532344314	5	5
-45.05	7.609135944	5	5
-44.8	7.687190288	5	5
-44.55	7.766606408	5	5
-44.3	7.847368931	5	5
-44.05	7.929331124	5	5
-43.8	8.012270123	5	5
-43.55	8.09598855	5	5
-43.3	8.180411265	5	5
-43.05	8.265627876	5	5
-42.8	8.35185865	5	5
-42.55	8.439359089	5	5
-42.3	8.528308581	5	5
-42.05	8.618737326	5	5
-41.8	8.710528489	5	5
-41.55	8.803495915	5	5
-41.3	8.897498876	5	5
-41.05	8.99253532	5	5
-40.8	9.088766393	5	5
-40.55	9.186461965	5	5
-40.3	9.285897297	5	5
-40.05	9.387251085	5	5
-39.8	9.490546252	5	5
-39.55	9.595647538	5	5
-39.3	9.702303638	5	5
-39.05	9.810209019	5	5
-38.8	9.919062126	5	5
-38.55	10.02860585	5	5
-38.3	10.13864792	5	5
-38.05	10.24907062	5	5
-37.8	10.35984745	5	5
-37.55	10.47108077	5	5
-37.3	10.58305645	5	5
-37.05	10.69628497	5	5
-36.8	10.81148313	5	5
-36.55	10.9294633	5	5
-36.3	11.05093873	5	5
-36.05	11.17630532	5	5
-35.8	11.30548952	5	5
-35.55	11.43793964	5	5
-35.3	11.57278169	5	5
-35.05	11.70908931	5	5
-34.8	11.84616571	5	5
-34.55	11.98373188	5	5
-34.3	12.12196185	5	5
-34.05	12.26137478	5	5
-33.8	12.40264749	5	5
-33.55	12.54642271	5	5
-33.3	12.69316371	5	5
-33.05	12.8430708	5	5
-32.8	12.99605786	5	5
-32.55	13.15179055	5	5
-32.3	13.30979356	5	5
-32.05	13.46962067	5	5
-31.8	13.63104572	5	5
-31.55	13.79419967	5	5
-31.3	13.95957914	5	5
-31.05	14.12789805	5	5
-30.8	14.2998279	5	5
-30.55	14.47573187	5	5
-30.3	14.65550807	5	5
-30.05	14.83860992	5	5
-29.8	15.02423241	5	5
-29.55	15.21158417	5	5
-29.3	15.40013852	5	5
-29.05	15.58977826	5	5
-28.8	15.78080085	5	5
-28.55	15.97380444	5	5
-28.3	16.16951078	5	5
-28.05	16.36858915	5	5
-27.8	16.57153171	5	5
-27.55	16.77860195	5	5
-27.3	16.98984878	5	5
-27.05	17.2051567	5	5
-26.8	17.4242985	5	5
-26.55	17.64696919	5	5
-26.3	17.87280333	5	5
-26.05	18.1013967	5	5
-25.8	18.33235601	5	5
-25.55	18.56538185	5	5
-25.3	18.8003608	5	5
-25.05	19.03742069	5	5
-24.8	19.27690543	5	5
-24.55	19.51925761	5	5
-24.3	19.76484511	5	5
-24.05	20.013805	5	5
-23.8	20.26598144	5	5
-23.55	20.52099494	5	5
-23.3	20.77841751	5	5
-23.05	21.03797377	5	5
-22.8	21.29967374	5	5
-22.55	21.56381649	5	5
-22.3	21.83086757	5	5
-22.05	22.10127245	5	5
-21.8	22.37529288	5	5
-21.55	22.65293436	5	5
-21.3	22.93398443	5	5
-21.05	23.21813043	5	5
-20.8	23.50509655	5	5
-20.55	23.79474323	5	5
-20.3	24.08710075	5	5
-20.05	24.38234512	5	5
-19.8	24.68074822	5	5
-19.55	24.98263447	5	5
-19.3	25.28835695	5	5
-19.05	25.59828124	5	5
-18.8	25.91275358	5	5
-18.55	26.23204009	5	5
-18.3	26.5562496	5	5
-18.05	26.88527457	5	5
-17.8	27.21878558	5	5
-17.55	27.55628953	5	5
-17.3	27.8972259	5	5
-17.05	28.24105298	5	5
-16.8	28.58728353	5	5
-16.55	28.93546321	5	5
-16.3	29.28512277	5	5
-16.05	29.63575203	5	5
-15.8	29.98682757	5	5
-15.55	30.33788831	5	5
-15.3	30.68861893	5	5
-15.05	31.03889259	5	5
-14.8	31.38874745	5	5
-14.55	31.73830948	5	5
-14.3	32.08770219	5	5
-14.05	32.43698617	5	5
-13.8	32.78614815	5	5
-13.55	33.13512971	5	5
-13.3	33.48386741	5	5
-13.05	33.83231746	5	5
-12.8	34.18045322	5	5
-12.55	34.52824024	5	5
-12.3	34.87560322	5	5
-12.05	35.22239941	5	5
-11.8	35.56840795	5	5
-11.55	35.91333859	5	5
-11.3	36.25685805	5	5
-11.05	36.59862959	5	5
-10.8	36.93835973	5	5
-10.55	37.27584547	5	5
-10.3	37.61101465	5	5
-10.05	37.94395324	5	5
-9.8	38.2749157	5	5
-9.55	38.6043196	5	5
-9.3	38.9327288	5	5
-9.05	39.26083025	5	5
-8.8	39.58940653	5	5
-8.55	39.91930288	5	5
-8.3	40.25138694	5	5
-8.05	40.58650204	5	5
-7.8	40.92541825	5	5
-7.55	41.26878639	5	5
-7.3	41.61709795	5	5
-7.05	41.97065073	5	5
-6.8	42.32951947	5	5
-6.55	42.69353549	5	5
-6.3	43.06228602	5	5
-6.05	43.43514822	5	5
-5.8	43.8113693	5	5
-5.55	44.19019109	5	5
-5.3	44.57099893	5	5
-5.05	44.95345947	5	5
-4.8	45.33760801	5	5
-4.55	45.72385705	5	5
-4.3	46.1129224	5	5
-4.05	46.50569135	5	5
-3.8	46.90307937	5	5
-3.55	47.30592707	5	5
-3.3	47.71497432	5	5
-3.05	48.13091924	5	5
-2.8	48.55453847	5	5
-2.55	48.98682563	5	5
-2.3	49.42910479	5	5
-2.05	49.8830915	5	5
-1.8	50.35089465	5	5
-1.55	50.83496798	5	5
-1.3	51.33802635	5	5
-1.05	51.86294318	5	5
-0.8	52.41264347	5	5
-0.55	52.99000327	5	5
-0.3	53.59775553	5	5
-0.05	54.23838568	5	5
0.2	54.9139836	5	5
0.45	55.62601589	5	5
0.7	56.3750015	5	5
0.95	57.16011312	5	5
1.2	57.97877149	5	5
1.45	58.82632858	5	5
1.7	59.69593366	5	5
1.95	60.57864081	5	5
2.2	61.46376109	5	5
2.45	62.33940732	5	5
2.7	63.19314428	5	5
2.95	64.01265122	5	5
3.2	64.78632448	5	5
3.45	65.50378225	5	5
3.7	66.15626435	5	5
3.95	66.73693301	5	5
4.2	67.24107299	5	5
4.45	67.66617093	5	5
4.7	68.0118444	5	5
4.95	68.27960615	5	5
5.2	68.47248599	5	5
5.45	68.59457463	5	5
5.7	68.65057379	5	5
5.95	68.6454257	5	5
6.2	68.58405923	5	5
6.45	68.4712504	5	5
6.7	68.31156673	5	5
6.95	68.10935454	5	5
7.2	67.86873276	5	5
7.45	67.59357055	5	5
7.7	67.28744623	5	5
7.95	66.95360328	5	5
8.2	66.59492703	5	5
8.45	66.21395761	5	5
8.7	65.81293496	5	5
8.95	65.39385333	5	5
9.2	64.95849901	5	5
9.45	64.50845903	5	5
9.7	64.04510946	5	5
9.95	63.56960605	5	5
10.2	63.08289694	5	5
10.45	62.58576269	5	5
10.7	62.0788733	5	5
10.95	61.56284572	5	5
11.2	61.03828903	5	5
11.45	60.50583074	5	5
11.7	59.96612077	5	5
11.95	59.41981137	5	5
12.2	58.86751647	5	5
12.45	58.30976505	5	5
12.7	57.74697246	5	5
12.95	57.17945202	5	5
13.2	56.60747253	5	5
13.45	56.03134475	5	5
13.7	55.45150439	5	5
13.95	54.86855959	5	5
14.2	54.28328521	5	5
14.45	53.69656604	5	5
14.7	53.10930828	5	5
14.95	52.52234706	5	5
15.2	51.93637738	5	5
15.45	51.35192551	5	5
15.7	50.76936185	5	5
15.95	50.18894037	5	5
16.2	49.61084235	5	5
16.45	49.03520681	5	5
16.7	48.46214383	5	5
16.95	47.89174032	5	5
17.2	47.32407304	5	5
17.45	46.75923695	5	5
17.7	46.19738329	5	5
17.95	45.63875069	5	5
18.2	45.08367085	5	5
18.45	44.53253997	5	5
18.7	43.9857622	5	5
18.95	43.44368424	5	5
19.2	42.90654345	5	5
19.45	42.37444573	5	5
19.7	41.84737724	5	5
19.95	41.32524297	5	5
20.2	40.80791861	5	5
20.45	40.29530051	5	5
20.7	39.7873418	5	5
20.95	39.28406805	5	5
21.2	38.78557332	5	5
21.45	38.29200408	5	5
21.7	37.80354132	5	5
21.95	37.3203875	5	5
22.2	36.84275703	5	5
22.45	36.37086298	5	5
22.7	35.90489284	5	5
22.95	35.44497634	5	5
23.2	34.99115958	5	5
23.45	34.54340501	5	5
23.7	34.1016276	5	5
23.95	33.66575744	5	5
24.2	33.23579859	5	5
24.45	32.81184909	5	5
24.7	32.39406328	5	5
24.95	31.9825685	5	5
25.2	31.57737635	5	5
25.45	31.1783359	5	5
25.7	30.78515729	5	5
25.95	30.39749795	5	5
26.2	30.01507104	5	5
26.45	29.63772344	5	5
26.7	29.26544774	5	5
26.95	28.89832938	5	5
27.2	28.53646637	5	5
27.45	28.17991228	5	5
27.7	27.82867459	5	5
27.95	27.48276	5	5
28.2	27.14222438	5	5
28.45	26.80717976	5	5
28.7	26.47773974	5	5
28.95	26.15392655	5	5
29.2	25.83559005	5	5
29.45	25.5223846	5	5
29.7	25.21381974	5	5
29.95	24.90936602	5	5
30.2	24.60857605	5	5
30.45	24.31117947	5	5
30.7	24.01712389	5	5
30.95	23.72655416	5	5
31.2	23.43974235	5	5
31.45	23.15699516	5	5
31.7	22.87856928	5	5
31.95	22.60461745	5	5
32.2	22.33517331	5	5
32.45	22.07016877	5	5
32.7	21.80946982	5	5
32.95	21.55291585	5	5
33.2	21.30035149	5	5
33.45	21.05164616	5	5
33.7	20.80670218	5	5
33.95	20.56545597	5	5
34.2	20.32787597	5	5
34.45	20.09395678	5	5
34.7	19.86370527	5	5
34.95	19.63711567	5	5
35.2	19.41413718	5	5
35.45	19.19464499	5	5
35.7	18.97842816	5	5
35.95	18.7652038	5	5
36.2	18.55465971	5	5
36.45	18.34651921	5	5
36.7	18.140614	5	5
36.95	17.93694196	5	5
37.2	17.73568291	5	5
37.45	17.53715172	5	5
37.7	17.34169118	5	5
37.95	17.14953855	5	5
38.2	16.96072178	5	5
38.45	16.77503672	5	5
38.7	16.59212244	5	5
38.95	16.41160399	5	5
39.2	16.23323739	5	5
39.45	16.05698907	5	5
39.7	15.88301278	5	5
39.95	15.71153546	5	5
40.2	15.54270575	5	5
40.45	15.37647559	5	5
40.7	15.21257019	5	5
40.95	15.05056131	5	5
41.2	14.8900135	5	5
41.45	14.73064217	5	5
41.7	14.57242027	5	5
41.95	14.41559536	5	5
42.2	14.26061712	5	5
42.45	14.10800946	5	5
42.7	13.95823707	5	5
42.95	13.81161105	5	5
43.2	13.66825675	5	5
43.45	13.52813961	5	5
43.7	13.39112197	5	5
43.95	13.25701608	5	5
44.2	13.12560744	5	5
44.45	12.99664443	5	5
44.7	12.86981388	5	5
44.95	12.74473255	5	5
45.2	12.62097767	5	5
45.45	12.49815691	5	5
45.7	12.37599361	5	5
45.95	12.2543913	5	5
46.2	12.13344844	5	5
46.45	12.01341715	5	5
46.7	11.8946242	5	5
46.95	11.77738641	5	5
47.2	11.66194852	5	5
47.45	11.54845625	5	5
47.7	11.43696076	5	5
47.95	11.32744181	5	5
48.2	11.21983699	5	5
48.45	11.11406791	5	5
48.7	11.01005668	5	5
48.95	10.90772819	5	5
49.2	10.80699926	5	5
49.45	10.70776469	5	5
49.7	10.60989601	5	5
49.95	10.51326407	5	5
50.2	10.41777983	5	5
50.45	10.32343032	5	5
50.7	10.23028351	5	5
50.95	10.13845243	5	5
51.2	10.04803573	5	5
51.45	9.959068809	5	5
51.7	9.871513125	5	5
51.95	9.785286543	5	5
52.2	9.700311625	5	5
52.45	9.616551232	5	5
52.7	9.534014001	5	5
52.95	9.452734671	5	5
53.2	9.372748811	5	5
53.45	9.294079801	5	5
53.7	9.216742047	5	5
53.95	9.140750264	5	5
54.2	9.066120161	5	5
54.45	8.992853198	5	5
54.7	8.920910916	5	5
54.95	8.850193209	5	5
55.2	8.78053357	5	5
55.45	8.711714323	5	5
55.7	8.643494206	5	5
55.95	8.575637772	5	5
56.2	8.507942065	5	5
56.45	8.44026388	5	5
56.7	8.372551455	5	5
56.95	8.304875427	5	5
57.2	8.237442831	5	5
57.45	8.170575951	5	5
57.7	8.104649999	5	5
57.95	8.040003719	5	5
58.2	7.976852863	5	5
58.45	7.915238131	5	5
58.7	7.855026029	5	5
58.95	7.795960185	5	5
59.2	7.73774199	5	5
59.45	7.680110274	5	5
59.7	7.622893391	5	5
59.95	7.566021539	5	5
60.2	7.509505912	5	5
60.45	7.453404582	5	5
60.7	7.397795113	5	5
60.95	7.342761352	5	5
61.2	7.288386505	5	5
61.45	7.23473942	5	5
61.7	7.181850762	5	5
61.95	7.129691949	5	5
62.2	7.078176731	5	5
62.45	7.027194227	5	5
62.7	6.976659638	5	5
62.95	6.92655243	5	5
63.2	6.876915808	5	5
63.45	6.827814524	5	5
63.7	6.779274502	5	5
63.95	6.731238931	5	5
64.2	6.683564888	5	5
64.45	6.636060604	5	5
64.7	6.588542866	5	5
64.95	6.540888443	5	5
65.2	6.493063233	5	5
65.45	6.445128502	5	5
65.7	6.397233719	5	5
65.95	6.349604511	5	5
66.2	6.302525254	5	5
66.45	6.256307709	5	5
66.7	6.211238373	5	5
66.95	6.167509493	5	5
67.2	6.12515489	5	5
67.45	6.084019878	5	5
67.7	6.043786346	5	5
67.95	6.004051294	5	5
68.2	5.964432055	5	5
68.45	5.924658732	5	5
68.7	5.884621438	5	5
68.95	5.844362115	5	5
69.2	5.804024838	5	5
69.45	5.763792286	5	5
69.7	5.72383452	5	5
69.95	5.684283733	5	5
70.2	5.645233715	5	5
70.45	5.6067532	5	5
70.7	5.568900905	5	5
70.95	5.531735244	5	5
71.2	5.495318101	5	5
71.45	5.459714698	5	5
71.7	5.424988863	5	5
71.95	5.391188735	5	5
72.2	5.358319144	5	5
72.45	5.326306792	5	5
72.7	5.294977572	5	5
72.95	5.264069525	5	5
73.2	5.233291452	5	5
73.45	5.202410769	5	5
73.7	5.171332354	5	5
73.95	5.14013007	5	5
74.2	5.109016523	5	5
74.45	5.078268568	5	5
74.7	5.048144783	5	5
74.95	5.018826243	5	5
75.2	4.990391194	5	5
75.45	4.962815092	5	5
75.7	4.935982273	5	5
75.95	4.909703405	5	5
76.2	4.883742608	5	5
76.45	4.857859273	5	5
76.7	4.831860619	5	5
76.95	4.805649493	5	5
77.2	4.779247662	5	5
77.45	4.752782079	5	5
77.7	4.726436665	5	5
77.95	4.700386375	5	5
78.2	4.674736589	5	5
78.45	4.649487469	5	5
78.7	4.624533196	5	5
78.95	4.599694912	5	5
79.2	4.574777472	5	5
79.45	4.549634598	5	5
79.7	4.524224441	5	5
79.95	4.498637977	5	5
80.2	4.473087781	5	5
80.45	4.447855669	5	5
80.7	4.423212921	5	5
80.95	4.399339953	5	5
81.2	4.37627531	5	5
81.45	4.353912629	5	5
81.7	4.33204328	5	5
81.95	4.310423465	5	5
82.2	4.288838546	5	5
82.45	4.267146066	5	5
82.7	4.245293863	5	5
82.95	4.223319546	5	5
83.2	4.201337575	5	5
83.45	4.179515342	5	5
83.7	4.158038012	5	5
83.95	4.137066287	5	5
84.2	4.116696832	5	5
84.45	4.096935582	5	5
84.7	4.0776892	5	5
84.95	4.058775109	5	5
85.2	4.039950256	5	5
85.45	4.020960209	5	5
85.7	4.001606224	5	5
85.95	3.981815508	5	5
86.2	3.961686343	5	5
86.45	3.94147789	5	5
86.7	3.92153223	5	5
86.95	3.902148227	5	5
87.2	3.883456278	5	5
87.45	3.865351918	5	5
87.7	3.847526193	5	5
87.95	3.829588742	5	5
88.2	3.811235145	5	5
88.45	3.792386162	5	5
88.7	3.773237147	5	5
88.95	3.754197199	5	5
89.2	3.73574826	5	5
89.45	3.718286747	5	5
89.7	3.702008263	5	5
89.95	3.686865394	5	5
90.2	3.6725929	5	5
90.45	3.658776014	5	5
90.7	3.64494087	5	5
90.95	3.630656578	5	5
91.2	3.615638444	5	5
91.45	3.599828221	5	5
91.7	3.583415986	5	5
91.95	3.566778935	5	5
92.2	3.550348335	5	5
92.45	3.534456862	5	5
92.7	3.519234985	5	5
92.95	3.504601756	5	5
93.2	3.490344696	5	5
93.45	3.476237597	5	5
93.7	3.462132284	5	5
93.95	3.447985534	5	5
94.2	3.433825504	5	5
94.45	3.419694419	5	5
94.7	3.405608575	5	5
94.95	3.391556013	5	5
95.2	3.377523992	5	5
95.45	3.363530592	5	5
95.7	3.349635265	5	5
95.95	3.335918448	5	5
96.2	3.322440056	5	5
96.45	3.309200437	5	5
96.7	3.296128206	5	5
96.95	3.28310657	5	5
97.2	3.270029141	5	5
97.45	3.256859089	5	5
97.7	3.243662142	5	5
97.95	3.230597639	5	5
98.2	3.217874513	5	5
98.45	3.205696205	5	5
98.7	3.194219175	5	5
98.95	3.183534727	5	5
99.2	3.173665547	5	5
99.45	3.164560895	5	5
99.7	3.156083194	5	5
99.95	3.147995923	5	5
100.2	3.139973553	5	5
100.45	3.131648601	5	5
100.7	3.122690676	5	5
100.95	3.112890885	5	5
101.2	3.102216684	5	5
101.45	3.090813247	5	5
101.7	3.078951593	5	5
101.95	3.066947321	5	5
102.2	3.055084339	5	5
102.45	3.043571046	5	5
102.7	3.032537126	5	5
102.95	3.022058096	5	5
103.2	3.012182883	5	5
103.45	3.002942387	5	5
103.7	2.994332096	5	5
103.95	2.98628073	5	5
104.2	2.978628741	5	5
104.45	2.971138175	5	5
104.7	2.963539603	5	5
104.95	2.955601159	5	5
105.2	2.947191021	5	5
105.45	2.938306119	5	5
105.7	2.929056337	5	5
105.95	2.91961599	5	5
106.2	2.910169974	5	5
106.45	2.900881232	5	5
106.7	2.891889044	5	5
106.95	2.883324664	5	5
107.2	2.875317363	5	5
107.45	2.867969864	5	5
107.7	2.861304701	5	5
107.95	2.855207457	5	5
108.2	2.84940276	5	5
108.45	2.84348791	5	5
108.7	2.837023883	5	5
108.95	2.829658156	5	5
109.2	2.82123926	5	5
109.45	2.811882964	5	5
109.7	2.8019629	5	5
109.95	2.792021324	5	5
110.2	2.782623494	5	5
110.45	2.774202559	5	5
110.7	2.766948855	5	5
110.95	2.76078095	5	5
111.2	2.755401287	5	5
111.45	2.750404278	5	5
111.7	2.745388682	5	5
111.95	2.740036349	5	5
112.2	2.734146481	5	5
112.45	2.727638895	5	5
112.7	2.720546019	5	5
112.95	2.713001541	5	5
113.2	2.705217592	5	5
113.45	2.697438836	5	5
113.7	2.689875938	5	5
113.95	2.682642242	5	5
114.2	2.67572738	5	5
114.45	2.669028123	5	5
114.7	2.662425313	5	5
114.95	2.655865927	5	5
115.2	2.649402541	5	5
115.45	2.643165579	5	5
115.7	2.637283971	5	5
115.95	2.631802112	5	5
116.2	2.626644122	5	5
116.45	2.621647734	5	5
116.7	2.61664762	5	5
116.95	2.611558431	5	5
117.2	2.606409594	5	5
117.45	2.60131432	5	5
117.7	2.596393782	5	5
117.95	2.591699784	5	5
118.2	2.587174432	5	5
118.45	2.582660505	5	5
118.7	2.57794994	5	5
118.95	2.572845325	5	5
119.2	2.567213048	5	5
119.45	2.561018104	5	5
119.7	2.554338654	5	5
119.95	2.547359702	5	5
120.2	2.540344307	5	5
120.45	2.533584218	5	5
120.7	2.527340581	5	5
120.95	2.521792691	5	5
121.2	2.517010817	5	5
121.45	2.512956917	5	5
121.7	2.509502842	5	5
121.95	2.506450376	5	5
122.2	2.503545128	5	5
122.45	2.500489868	5	5
122.7	2.496970316	5	5
122.95	2.492701013	5	5
123.2	2.48748474	5	5
123.45	2.481266886	5	5
123.7	2.474164392	5	5
123.95	2.466457149	5	5
124.2	2.4585415	5	5
124.45	2.450854867	5	5
124.7	2.443786353	5	5
124.95	2.437592565	5	5
125.2	2.432340943	5	5
125.45	2.427900681	5	5
125.7	2.423989743	5	5
125.95	2.420266528	5	5
126.2	2.416435129	5	5
126.45	2.41232529	5	5
126.7	2.407918463	5	5
126.95	2.40331526	5	5
127.2	2.398664431	5	5
127.45	2.394086172	5	5
127.7	2.389618706	5	5
127.95	2.385202423	5	5
128.2	2.380700945	5	5
128.45	2.375950052	5	5
128.7	2.370822149	5	5
128.95	2.365290548	5	5
129.2	2.359472264	5	5
129.45	2.353625924	5	5
129.7	2.348091081	5	5
129.95	2.343178603	5	5
130.2	2.339049097	5	5
130.45	2.335630861	5	5
130.7	2.332618764	5	5
130.95	2.329562786	5	5
131.2	2.326015234	5	5
131.45	2.321678987	5	5
131.7	2.31649871	5	5
131.95	2.310662519	5	5
132.2	2.304520183	5	5
132.45	2.298456963	5	5
132.7	2.292775087	5	5
132.95	2.287624008	5	5
133.2	2.282994312	5	5
133.45	2.278762818	5	5
133.7	2.274760244	5	5
133.95	2.270831579	5	5
134.2	2.266869395	5	5
134.45	2.2628148	5	5
134.7	2.258634241	5	5
134.95	2.254289624	5	5
135.2	2.249721681	5	5
135.45	2.244860107	5	5
135.7	2.239659533	5	5
135.95	2.234144061	5	5
136.2	2.22843449	5	5
136.45	2.222738261	5	5
136.7	2.217300402	5	5
136.95	2.212333797	5	5
137.2	2.20795683	5	5
137.45	2.204161058	5	5
137.7	2.200816178	5	5
137.95	2.197704694	5	5
138.2	2.194571706	5	5
138.45	2.19117618	5	5
138.7	2.187333975	5	5
138.95	2.182945884	5	5
139.2	2.178006535	5	5
139.45	2.172594399	5	5
139.7	2.166849174	5	5
139.95	2.16094635	5	5
140.2	2.155076269	5	5
140.45	2.149427786	5	5
140.7	2.144170868	5	5
140.95	2.139433387	5	5
141.2	2.135274634	5	5
141.45	2.131665354	5	5
141.7	2.128485389	5	5
141.95	2.125544261	5	5
142.2	2.122621283	5	5
142.45	2.119515103	5	5
142.7	2.116089632	5	5
142.95	2.112303202	5	5
143.2	2.108210125	5	5
143.45	2.103930386	5	5
143.7	2.099595171	5	5
143.95	2.095289652	5	5
144.2	2.09102105	5	5
144.45	2.086731078	5	5
144.7	2.08234843	5	5
144.95	2.077851594	5	5
145.2	2.073302555	5	5
145.45	2.06882734	5	5
145.7	2.064552134	5	5
145.95	2.060533203	5	5
146.2	2.05672484	5	5
146.45	2.053007251	5	5
146.7	2.049259753	5	5
146.95	2.045436845	5	5
147.2	2.041602569	5	5
147.45	2.037902318	5	5
147.7	2.034485834	5	5
147.95	2.031420679	5	5
148.2	2.02863925	5	5
148.45	2.02594468	5	5
148.7	2.023073113	5	5
148.95	2.019785804	5	5
149.2	2.015954067	5	5
149.45	2.011605051	5	5
149.7	2.006912586	5	5
149.95	2.002138041	5	5
150.2	1.99754435	5	5
150.45	1.99331614	5	5
150.7	1.98951616	5	5
150.95	1.986092901	5	5
151.2	1.982932123	5	5
151.45	1.979925657	5	5
151.7	1.977024035	5	5
151.95	1.974248601	5	5
152.2	1.971658967	5	5
152.45	1.969292591	5	5
152.7	1.967105344	5	5
152.95	1.964940959	5	5
153.2	1.962545461	5	5
153.45	1.95962565	5	5
153.7	1.955934425	5	5
153.95	1.951354993	5	5
154.2	1.945954305	5	5
154.45	1.939984732	5	5
154.7	1.933830168	5	5
154.95	1.927912273	5	5
155.2	1.922586673	5	5
155.45	1.91806154	5	5
155.7	1.914361853	5	5
155.95	1.91134643	5	5
156.2	1.908768326	5	5
156.45	1.906357213	5	5
156.7	1.903897016	5	5
156.95	1.901274296	5	5
157.2	1.898483084	5	5
157.45	1.895588415	5	5
157.7	1.892667959	5	5
157.95	1.889760087	5	5
158.2	1.886841709	5	5
158.45	1.883842178	5	5
158.7	1.880680638	5	5
158.95	1.877304239	5	5
159.2	1.873708108	5	5
159.45	1.86993042	5	5
159.7	1.866028815	5	5
159.95	1.862051652	5	5
160.2	1.858017742	5	5
160.45	1.853913257	5	5
160.7	1.849706349	5	5
160.95	1.845371405	5	5
161.2	1.840909582	5	5
161.45	1.836354593	5	5
161.7	1.831762411	5	5
161.95	1.827194332	5	5
162.2	1.822705476	5	5
162.45	1.818342407	5	5
162.7	1.814141277	5	5
162.95	1.810114439	5	5
163.2	1.80622457	5	5
163.45	1.802363249	5	5
163.7	1.798358825	5	5
163.95	1.794025805	5	5
164.2	1.789240694	5	5
164.45	1.78400657	5	5
164.7	1.778468656	5	5
164.95	1.77286761	5	5
165.2	1.767451105	5	5
165.45	1.762385998	5	5
165.7	1.757710588	5	5
165.95	1.753342776	5	5
166.2	1.749131173	5	5
166.45	1.744919009	5	5
166.7	1.740592561	5	5
166.95	1.736101183	5	5
167.2	1.731452348	5	5
167.45	1.726692179	5	5
167.7	1.721879762	5	5
167.95	1.717059898	5	5
168.2	1.712240747	5	5
168.45	1.707387408	5	5
168.7	1.702440592	5	5
168.95	1.697356072	5	5
169.2	1.692143164	5	5
169.45	1.686875197	5	5
169.7	1.681660545	5	5
169.95	1.676590411	5	5
170.2	1.671697759	5	5
170.45	1.666954994	5	5
170.7	1.662310753	5	5
170.95	1.657739427	5	5
171.2	1.653270293	5	5
171.45	1.648978812	5	5
171.7	1.64494664	5	5
171.95	1.641211992	5	5
172.2	1.637731988	5	5
172.45	1.634369421	5	5
172.7	1.630907218	5	5
172.95	1.627088381	5	5
173.2	1.622674365	5	5
173.45	1.617507909	5	5
173.7	1.611560177	5	5
173.95	1.604943436	5	5
174.2	1.597882934	5	5
174.45	1.590659688	5	5
174.7	1.583548021	5	5
174.95	1.576769537	5	5
175.2	1.570470866	5	5
175.45	1.564717499	5	5
175.7	1.559491737	5	5
175.95	1.554691073	5	5
176.2	1.550135198	5	5
176.45	1.545593607	5	5
176.7	1.540836891	5	5
176.95	1.535699319	5	5
177.2	1.530129329	5	5
177.45	1.52420572	5	5
177.7	1.518110006	5	5
177.95	1.51206253	5	5
178.2	1.506243932	5	5
178.45	1.500729664	5	5
178.7	1.495462239	5	5
178.95	1.490274634	5	5
179.2	1.484960674	5	5
179.45	1.479368691	5	5
179.7	1.473480608	5	5
179.95	1.467438348	5	5
180.2	1.461498121	5	5
180.45	1.455925915	5	5
180.7	1.45087935	5	5
180.95	1.446332772	5	5
181.2	1.442083964	5	5
181.45	1.43783985	5	5
181.7	1.433338436	5	5
181.95	1.428448371	5	5
182.2	1.423203891	5	5
182.45	1.417768589	5	5
182.7	1.412354076	5	5
182.95	1.407132958	5	5
183.2	1.402178994	5	5
183.45	1.397450912	5	5
183.7	1.392820178	5	5
183.95	1.388130559	5	5
184.2	1.383267748	5	5
184.45	1.378211516	5	5
184.7	1.373045733	5	5
184.95	1.367917337	5	5
185.2	1.362960291	5	5
185.45	1.358221893	5	5
185.7	1.353631546	5	5
185.95	1.34903133	5	5
186.2	1.344254062	5	5
186.45	1.339208614	5	5
186.7	1.333929752	5	5
186.95	1.328570521	5	5
187.2	1.323344701	5	5
187.45	1.318448194	5	5
187.7	1.313992867	5	5
187.95	1.309976871	5	5
188.2	1.306298949	5	5
188.45	1.302807364	5	5
188.7	1.299361685	5	5
188.95	1.295881603	5	5
189.2	1.292363515	5	5
189.45	1.288860738	5	5
189.7	1.285439961	5	5
189.95	1.282136645	5	5
190.2	1.278930757	5	5
190.45	1.275752744	5	5
190.7	1.272514454	5	5
190.95	1.269148314	5	5
191.2	1.265635913	5	5
191.45	1.262014389	5	5
191.7	1.25836094	5	5
191.95	1.254765284	5	5
192.2	1.251302309	5	5
192.45	1.248012926	5	5
192.7	1.244895078	5	5
192.95	1.241903373	5	5
193.2	1.238956233	5	5
193.45	1.23595132	5	5
193.7	1.2327905	5	5
193.95	1.229412959	5	5
194.2	1.225829944	5	5
194.45	1.222148863	5	5
194.7	1.218571767	5	5
194.95	1.215357164	5	5
195.2	1.212746421	5	5
195.45	1.210873642	5	5
195.7	1.209692694	5	5
195.95	1.208957416	5	5
196.2	1.208275309	5	5
196.45	1.20722446	5	5
196.7	1.205491104	5	5
196.95	1.202968811	5	5
197.2	1.199772909	5	5
197.45	1.196163835	5	5
197.7	1.19242085	5	5
197.95	1.188734746	5	5
198.2	1.18517594	5	5
198.45	1.181747995	5	5
198.7	1.178484797	5	5
198.95	1.17552497	5	5
199.2	1.173114447	5	5
199.45	1.171534055	5	5
199.7	1.170992587	5	5
199.95	1.171541077	5	5
200.2	1.173045821	5	5
200.45	1.175222691	5	5
200.7	1.177706931	5	5
200.95	1.180125031	5	5
201.2	1.182146467	5	5
201.45	1.183510721	5	5
201.7	1.184037088	5	5
201.95	1.183627117	5	5
202.2	1.182265392	5	5
202.45	1.180019452	5	5
202.7	1.177037456	5	5
202.95	1.173542583	5	5
203.2	1.16982378	5	5
203.45	1.166221443	5	5
203.7	1.163104471	5	5
203.95	1.160834524	5	5
204.2	1.159717169	5	5
204.45	1.159947553	5	5
204.7	1.16156614	5	5
204.95	1.16444164	5	5
205.2	1.168290665	5	5
205.45	1.172729869	5	5
205.7	1.177343896	5	5
205.95	1.18174814	5	5
206.2	1.185631128	5	5
206.45	1.188772934	5	5
206.7	1.191046908	5	5
206.95	1.192416247	5	5
207.2	1.192933214	5	5
207.45	1.192739675	5	5
207.7	1.192059317	5	5
207.95	1.191170757	5	5
208.2	1.190359483	5	5
208.45	1.189861145	5	5
208.7	1.189819037	5	5
208.95	1.19027542	5	5
209.2	1.191198801	5	5
209.45	1.192528189	5	5
209.7	1.194206037	5	5
209.95	1.196181757	5	5
210.2	1.198390676	5	5
210.45	1.200732201	5	5
210.7	1.2030717	5	5
210.95	1.205272876	5	5
211.2	1.207244134	5	5
211.45	1.208970772	5	5
211.7	1.210513008	5	5
211.95	1.211972078	5	5
212.2	1.213447109	5	5
212.45	1.215009664	5	5
212.7	1.216708151	5	5
212.95	1.218591637	5	5
213.2	1.220728532	5	5
213.45	1.22319998	5	5
213.7	1.226066925	5	5
213.95	1.229329511	5	5
214.2	1.232903907	5	5
214.45	1.236630823	5	5
214.7	1.240310265	5	5
214.95	1.243742885	5	5
215.2	1.246759324	5	5
215.45	1.249233766	5	5
215.7	1.251093757	5	5
215.95	1.252341437	5	5
216.2	1.253086998	5	5
216.45	1.253573583	5	5
216.7	1.254161877	5	5
216.95	1.255254957	5	5
217.2	1.257176308	5	5
217.45	1.260047647	5	5
217.7	1.263726367	5	5
217.95	1.267843292	5	5
218.2	1.271936699	5	5
218.45	1.275629693	5	5
218.7	1.278770839	5	5
218.95	1.281469453	5	5
219.2	1.284005464	5	5
219.45	1.286657169	5	5
219.7	1.289535365	5	5
219.95	1.29251242	5	5
220.2	1.295286656	5	5
220.45	1.297550614	5	5
220.7	1.299176208	5	5
220.95	1.300321306	5	5
221.2	1.301404294	5	5
221.45	1.302960578	5	5
221.7	1.305450387	5	5
221.95	1.309103732	5	5
222.2	1.313862571	5	5
222.45	1.319430393	5	5
222.7	1.325392486	5	5
222.95	1.33134678	5	5
223.2	1.336991725	5	5
223.45	1.342146387	5	5
223.7	1.346712745	5	5
223.95	1.350614722	5	5
224.2	1.353753252	5	5
224.45	1.356002473	5	5
224.7	1.357248424	5	5
224.95	1.357451104	5	5
225.2	1.356702113	5	5
225.45	1.355254578	5	5
225.7	1.353514241	5	5
225.95	1.351993209	5	5
226.2	1.351236172	5	5
226.45	1.351732047	5	5
226.7	1.353824516	5	5
226.95	1.357635524	5	5
227.2	1.36301749	5	5
227.45	1.36955049	5	5
227.7	1.376595827	5	5
227.95	1.383404505	5	5
228.2	1.389260588	5	5
228.45	1.393623576	5	5
228.7	1.396230337	5	5
228.95	1.397129714	5	5
229.2	1.396645917	5	5
229.45	1.395288326	5	5
229.7	1.393635413	5	5
229.95	1.392218269	5	5
230.2	1.391421696	5	5
230.45	1.391416146	5	5
230.7	1.392133342	5	5
230.95	1.393296966	5	5
231.2	1.394510206	5	5
231.45	1.395383613	5	5
231.7	1.395666748	5	5
231.95	1.395337272	5	5
232.2	1.394610127	5	5
232.45	1.393857489	5	5
232.7	1.393467125	5	5
232.95	1.393695691	5	5
233.2	1.394578314	5	5
233.45	1.395931116	5	5
233.7	1.397439866	5	5
233.95	1.398788513	5	5
234.2	1.39976776	5	5
234.45	1.400322078	5	5
234.7	1.400530001	5	5
234.95	1.400543983	5	5
235.2	1.400525929	5	5
235.45	1.40060285	5	5
235.7	1.400847475	5	5
235.95	1.401275466	5	5
236.2	1.401849767	5	5
236.45	1.40248891	5	5
236.7	1.403081363	5	5
236.95	1.403507311	5	5
237.2	1.403663879	5	5
237.45	1.403485236	5	5
237.7	1.402949951	5	5
237.95	1.402074949	5	5
238.2	1.400903429	5	5
238.45	1.399496723	5	5
238.7	1.397934301	5	5
238.95	1.396316132	5	5
239.2	1.394756076	5	5
239.45	1.39335989	5	5
239.7	1.392194239	5	5
239.95	1.391263599	5	5
240.2	1.390510718	5	5
240.45	1.38984303	5	5
240.7	1.389171744	5	5
240.95	1.388443874	5	5
241.2	1.387653762	5	5
241.45	1.386832939	5	5
241.7	1.386025256	5	5
241.95	1.385254735	5	5
242.2	1.384492193	5	5
242.45	1.383630655	5	5
242.7	1.382487259	5	5
242.95	1.380849643	5	5
243.2	1.37856731	5	5
243.45	1.375657267	5	5
243.7	1.372368359	5	5
243.95	1.369152845	5	5
244.2	1.366532978	5	5
244.45	1.364906257	5	5
244.7	1.364372968	5	5
244.95	1.364668116	5	5
245.2	1.365235051	5	5
245.45	1.36541325	5	5
245.7	1.364661487	5	5
245.95	1.362725315	5	5
246.2	1.359688093	5	5
246.45	1.355899602	5	5
246.7	1.351826793	5	5
246.95	1.347894354	5	5
247.2	1.34437264	5	5
247.45	1.341339184	5	5
247.7	1.338707201	5	5
247.95	1.336295148	5	5
248.2	1.33390812	5	5
248.45	1.331407772	5	5
248.7	1.328754443	5	5
248.95	1.326010733	5	5
249.2	1.323303408	5	5
249.45	1.320753702	5	5
249.7	1.318402179	5	5
249.95	1.316163661	5	5
250.2	1.313840243	5	5
250.45	1.311194657	5	5
250.7	1.308053848	5	5
250.95	1.304392828	5	5
251.2	1.300355959	5	5
251.45	1.29620535	5	5
251.7	1.292225409	5	5
251.95	1.288634287	5	5
252.2	1.285542978	5	5
252.45	1.282968475	5	5
252.7	1.280872857	5	5
252.95	1.279190117	5	5
253.2	1.277822712	5	5
253.45	1.276623	5	5
253.7	1.27539331	5	5
253.95	1.273926897	5	5
254.2	1.272079178	5	5
254.45	1.269830268	5	5
254.7	1.267297974	5	5
254.95	1.264686638	5	5
255.2	1.262193501	5	5
255.45	1.259917528	5	5
255.7	1.257814163	5	5
255.95	1.255716804	5	5
256.2	1.253414989	5	5
256.45	1.250754079	5	5
256.7	1.247711704	5	5
256.95	1.244416424	5	5
257.2	1.241100648	5	5
257.45	1.238010994	5	5
257.7	1.235318894	5	5
257.95	1.233071554	5	5
258.2	1.231200231	5	5
258.45	1.229573316	5	5
258.7	1.228062412	5	5
258.95	1.226588917	5	5
259.2	1.22513337	5	5
259.45	1.223709969	5	5
259.7	1.222324404	5	5
259.95	1.220939236	5	5
260.2	1.219466552	5	5
260.45	1.217794769	5	5
260.7	1.215840238	5	5
260.95	1.213601617	5	5
261.2	1.211192042	5	5
261.45	1.208832531	5	5
261.7	1.206805189	5	5
261.95	1.205379175	5	5
262.2	1.204730456	5	5
262.45	1.204877694	5	5
262.7	1.20565354	5	5
262.95	1.206724276	5	5
263.2	1.207660038	5	5
263.45	1.208042283	5	5
263.7	1.207579109	5	5
263.95	1.206190958	5	5
264.2	1.204036081	5	5
264.45	1.201466039	5	5
264.7	1.198927382	5	5
264.95	1.196844159	5	5
265.2	1.195519729	5	5
265.45	1.195085742	5	5
265.7	1.195507598	5	5
265.95	1.196636348	5	5
266.2	1.198282452	5	5
266.45	1.200280724	5	5
266.7	1.202520871	5	5
266.95	1.204934664	5	5
267.2	1.207453675	5	5
267.45	1.209969277	5	5
267.7	1.212327034	5	5
267.95	1.214366834	5	5
268.2	1.215989236	5	5
268.45	1.217207994	5	5
268.7	1.218154387	5	5
268.95	1.219028415	5	5
269.2	1.220024579	5	5
269.45	1.221272622	5	5
269.7	1.222818625	5	5
269.95	1.2246424	5	5
270.2	1.226685957	5	5
270.45	1.228868717	5	5
270.7	1.231083657	5	5
270.95	1.233188301	5	5
271.2	1.235010943	5	5
271.45	1.236383102	5	5
271.7	1.237192312	5	5
271.95	1.237436075	5	5
272.2	1.237254496	5	5
272.45	1.236925785	5	5
272.7	1.236821071	5	5
272.95	1.237327815	5	5
273.2	1.23876077	5	5
273.45	1.241283668	5	5
273.7	1.244862905	5	5
273.95	1.249267118	5	5
274.2	1.254115428	5	5
274.45	1.258964714	5	5
274.7	1.263415085	5	5
274.95	1.267205276	5	5
275.2	1.270268578	5	5
275.45	1.272727995	5	5
275.7	1.274827737	5	5
275.95	1.276823601	5	5
276.2	1.278876847	5	5
276.45	1.281000896	5	5
276.7	1.283088906	5	5
276.95	1.28500924	5	5
277.2	1.286716741	5	5
277.45	1.288315534	5	5
277.7	1.290034136	5	5
277.95	1.292122885	5	5
278.2	1.294727774	5	5
278.45	1.297808313	5	5
278.7	1.301143687	5	5
278.95	1.304426203	5	5
279.2	1.307397576	5	5
279.45	1.309962172	5	5
279.7	1.312220283	5	5
279.95	1.314400905	5	5
280.2	1.316723181	5	5
280.45	1.319256763	5	5
280.7	1.321860233	5	5
280.95	1.324242293	5	5
281.2	1.326124766	5	5
281.45	1.327423992	5	5
281.7	1.328346475	5	5
281.95	1.329332931	5	5
282.2	1.330864812	5	5
282.45	1.333225034	5	5
282.7	1.336335443	5	5
282.95	1.339759021	5	5
283.2	1.342872907	5	5
283.45	1.345132683	5	5
283.7	1.346303793	5	5
283.95	1.346554104	5	5
284.2	1.346370902	5	5
284.45	1.346348929	5	5
284.7	1.346951513	5	5
284.95	1.348349851	5	5
285.2	1.350399595	5	5
285.45	1.352746325	5	5
285.7	1.3549968	5	5
285.95	1.356874569	5	5
286.2	1.358298957	5	5
286.45	1.359369484	5	5
286.7	1.360279807	5	5
286.95	1.361208634	5	5
287.2	1.362234467	5	5
287.45	1.363302948	5	5
287.7	1.364251435	5	5
287.95	1.364875017	5	5
288.2	1.365006609	5	5
288.45	1.364581811	5	5
288.7	1.363665922	5	5
288.95	1.362433996	5	5
289.2	1.361111981	5	5
289.45	1.359902193	5	5
289.7	1.35892295	5	5
289.95	1.358185721	5	5
290.2	1.357615508	5	5
290.45	1.357100159	5	5
290.7	1.356542705	5	5
290.95	1.35589364	5	5
291.2	1.355154077	5	5
291.45	1.354355919	5	5
291.7	1.353532791	5	5
291.95	1.352693884	5	5
292.2	1.351807724	5	5
292.45	1.350799598	5	5
292.7	1.349564956	5	5
292.95	1.347997301	5	5
293.2	1.346021286	5	5
293.45	1.343615468	5	5
293.7	1.340812494	5	5
293.95	1.337678731	5	5
294.2	1.334291021	5	5
294.45	1.330731193	5	5
294.7	1.327103587	5	5
294.95	1.323557002	5	5
295.2	1.320279709	5	5
295.45	1.317448212	5	5
295.7	1.315142816	5	5
295.95	1.313274041	5	5
296.2	1.31156937	5	5
296.45	1.30964203	5	5
296.7	1.307118195	5	5
296.95	1.303765462	5	5
297.2	1.29956544	5	5
297.45	1.294705213	5	5
297.7	1.289503636	5	5
297.95	1.28431297	5	5
298.2	1.279433938	5	5
298.45	1.275062578	5	5
298.7	1.271268622	5	5
298.95	1.26799822	5	5
299.2	1.265095989	5	5
299.45	1.262343429	5	5
299.7	1.25950796	5	5
299.95	1.256392494	5	5
300.2	1.252875169	5	5
300.45	1.248933116	5	5
300.7	1.244648279	5	5
300.95	1.240193597	5	5
301.2	1.235796788	5	5
301.45	1.231682595	5	5
301.7	1.228004749	5	5
301.95	1.224790222	5	5
302.2	1.221920404	5	5
302.45	1.219161867	5	5
302.7	1.216238441	5	5
302.95	1.212918178	5	5
303.2	1.209083544	5	5
303.45	1.204762255	5	5
303.7	1.200113283	5	5
303.95	1.195378253	5	5
304.2	1.190816405	5	5
304.45	1.186640672	5	5
304.7	1.182966886	5	5
304.95	1.179782856	5	5
305.2	1.176942256	5	5
305.45	1.174188951	5	5
305.7	1.171215681	5	5
305.95	1.167752243	5	5
306.2	1.163662906	5	5
306.45	1.159018514	5	5
306.7	1.154107327	5	5
306.95	1.14936652	5	5
307.2	1.145248739	5	5
307.45	1.142069794	5	5
307.7	1.139897458	5	5
307.95	1.13852858	5	5
308.2	1.137567016	5	5
308.45	1.136573287	5	5
308.7	1.135226591	5	5
308.95	1.133434241	5	5
309.2	1.13134566	5	5
309.45	1.129268664	5	5
309.7	1.127527432	5	5
309.95	1.126325351	5	5
310.2	1.125671195	5	5
310.45	1.125396229	5	5
310.7	1.125247695	5	5
310.95	1.125010797	5	5
311.2	1.124601851	5	5
311.45	1.124093299	5	5
311.7	1.123666459	5	5
311.95	1.123522231	5	5
312.2	1.123796472	5	5
312.45	1.124518748	5	5
312.7	1.125627105	5	5
312.95	1.12702261	5	5
313.2	1.128630736	5	5
313.45	1.13043903	5	5
313.7	1.132497677	5	5
313.95	1.134890216	5	5
314.2	1.137694338	5	5
314.45	1.140952062	5	5
314.7	1.144657832	5	5
314.95	1.14876057	5	5
315.2	1.153169692	5	5
315.45	1.15775827	5	5
315.7	1.162365062	5	5
315.95	1.166803597	5	5
316.2	1.170885028	5	5
316.45	1.174452516	5	5
316.7	1.177414879	5	5
316.95	1.179764441	5	5
317.2	1.181571822	5	5
317.45	1.182964214	5	5
317.7	1.184103401	5	5
317.95	1.18517731	5	5
318.2	1.186404992	5	5
318.45	1.188039497	5	5
318.7	1.19034819	5	5
318.95	1.193561101	5	5
319.2	1.197799302	5	5
319.45	1.203013653	5	5
319.7	1.208967104	5	5
319.95	1.215277555	5	5
320.2	1.22151089	5	5
320.45	1.227290211	5	5
320.7	1.232380477	5	5
320.95	1.236721349	5	5
321.2	1.240406305	5	5
321.45	1.243628351	5	5
321.7	1.246619738	5	5
321.95	1.249604076	5	5
322.2	1.252763243	5	5
322.45	1.256211589	5	5
322.7	1.259972459	5	5
322.95	1.26396322	5	5
323.2	1.268003586	5	5
323.45	1.271858975	5	5
323.7	1.275315161	5	5
323.95	1.278261214	5	5
324.2	1.280746019	5	5
324.45	1.28297743	5	5
324.7	1.285252732	5	5
324.95	1.28783806	5	5
325.2	1.290841399	5	5
325.45	1.294135686	5	5
325.7	1.297375094	5	5
325.95	1.300109288	5	5
326.2	1.301952712	5	5
326.45	1.302734572	5	5
326.7	1.302561209	5	5
326.95	1.301765984	5	5
327.2	1.300778484	5	5
327.45	1.299981025	5	5
327.7	1.299616151	5	5
327.95	1.299770935	5	5
328.2	1.300419923	5	5
328.45	1.301485458	5	5
328.7	1.302880577	5	5
328.95	1.304523392	5	5
329.2	1.306332638	5	5
329.45	1.30821937	5	5
329.7	1.310081981	5	5
329.95	1.311802486	5	5
330.2	1.313240752	5	5
330.45	1.314230077	5	5
330.7	1.314583983	5	5
330.95	1.314122506	5	5
331.2	1.312715856	5	5
331.45	1.310331036	5	5
331.7	1.307061369	5	5
331.95	1.303123676	5	5
332.2	1.298820041	5	5
332.45	1.29447412	5	5
332.7	1.29036047	5	5
332.95	1.286647301	5	5
333.2	1.283368849	5	5
333.45	1.280434563	5	5
333.7	1.277670879	5	5
333.95	1.274880914	5	5
334.2	1.271902266	5	5
334.45	1.268645458	5	5
334.7	1.265103808	5	5
334.95	1.261335528	5	5
335.2	1.257426996	5	5
335.45	1.253451368	5	5
335.7	1.249438845	5	5
335.95	1.245372365	5	5
336.2	1.241212941	5	5
336.45	1.23694351	5	5
336.7	1.232606927	5	5
336.95	1.228312649	5	5
337.2	1.22420168	5	5
337.45	1.220382589	5	5
337.7	1.216868302	5	5
337.95	1.213543221	5	5
338.2	1.210174885	5	5
338.45	1.206465113	5	5
338.7	1.202123365	5	5
338.95	1.196942825	5	5
339.2	1.190862567	5	5
339.45	1.184001638	5	5
339.7	1.176653052	5	5
339.95	1.169231805	5	5
340.2	1.162184122	5	5
340.45	1.155881585	5	5
340.7	1.150534339	5	5
340.95	1.146153866	5	5
341.2	1.142577032	5	5
341.45	1.139537561	5	5
341.7	1.13675186	5	5
341.95	1.133983577	5	5
342.2	1.131066916	5	5
342.45	1.127894149	5	5
342.7	1.124393316	5	5
342.95	1.12052492	5	5
343.2	1.116308593	5	5
343.45	1.111862893	5	5
343.7	1.107422762	5	5
343.95	1.10330496	5	5
344.2	1.099821164	5	5
344.45	1.097172732	5	5
344.7	1.095376717	5	5
344.95	1.094258171	5	5
345.2	1.093509192	5	5
345.45	1.092784101	5	5
345.7	1.09179093	5	5
345.95	1.090352436	5	5
346.2	1.088430192	5	5
346.45	1.086117818	5	5
346.7	1.083611039	5	5
346.95	1.081160855	5	5
347.2	1.079019129	5	5
347.45	1.077391312	5	5
347.7	1.076410578	5	5
347.95	1.076137107	5	5
348.2	1.076572205	5	5
348.45	1.077670808	5	5
348.7	1.079343043	5	5
348.95	1.081449277	5	5
349.2	1.08380133	5	5
349.45	1.086178969	5	5
349.7	1.088360183	5	5
349.95	1.090156133	5	5
350.2	1.091442117	5	5
350.45	1.092180834	5	5
350.7	1.092436342	5	5
350.95	1.092374015	5	5
351.2	1.092238623	5	5
351.45	1.092306192	5	5
351.7	1.092816999	5	5
351.95	1.093910369	5	5
352.2	1.095587577	5	5
352.45	1.097721768	5	5
352.7	1.100115804	5	5
352.95	1.102588311	5	5
353.2	1.10505418	5	5
353.45	1.107564938	5	5
353.7	1.110288139	5	5
353.95	1.113428912	5	5
354.2	1.117121939	5	5
354.45	1.121337646	5	5
354.7	1.125844683	5	5
354.95	1.130251052	5	5
355.2	1.134115734	5	5
355.45	1.137093354	5	5
355.7	1.139058399	5	5
355.95	1.140159771	5	5
356.2	1.14078071	5	5
356.45	1.141414734	5	5
356.7	1.142501923	5	5
356.95	1.144287374	5	5
357.2	1.146756318	5	5
357.45	1.149669315	5	5
357.7	1.152678541	5	5
357.95	1.15547146	5	5
358.2	1.157878172	5	5
358.45	1.159898823	5	5
358.7	1.161647789	5	5
358.95	1.163251183	5	5
359.2	1.164753747	5	5
359.45	1.166081482	5	5
359.7	1.167074546	5	5
359.95	1.167568597	5	5
360.2	1.167480641	5	5
360.45	1.16685729	5	5
