Kurbelwinkel [°KW]	Zeit [s n. Rechenbeginn]	Brennraumvolumen [m3]	p [bar]	dQh [J/s]	dQh [J/KW]	Qh [J]	dQb [J/s]	dQb [J/KW]	Qb [J]	T_mittel [K]	 kappa [-]	dQw [J/s]	dQw [J/KW]	Qw [J]	Xb[-]	Qb/Qmax [-]	Alpha [W/(m^2K)]	dmL [kg/s]	dmL [kg/KW]	mL [kg]
-130.0	 0.0	 4.296400409409662E-4	 1.2103560840806113	 906.0541875000001	 0.07549178008620769	 0.11323767012931152	 906.0541875000001	 0.07549178008620769	 0.11323767012931152	 378.0683225816245	 1.3939821550088314	 0.0	 0.0	 0.0	 0.0	 3.068790095275543E-4	 105.69810662397197	 0.0	 0.0	 0.0	 
-128.5	 1.2497891593190336E-4	 4.2596733887179046E-4	 1.224700982872048	 -751.4786175561761	 -0.06261265531211753	 0.019318687161135235	 -759.2899602	 -0.06326349073584937	 0.01834243402553748	 379.2788245346753	 1.3939049317865755	 -7.811342643823863	 -6.508354237318363E-4	 -9.762531355977543E-4	 0.0	 4.9708793722561864E-5	 106.61765333029591	 2.282740752644904E-6	 1.901963097460915E-10	 2.8529446461913724E-10	 
-127.0	 2.499578318638067E-4	 4.22188731962874E-4	 1.2398572663255505	 1125.2368639852386	 0.09375392228499314	 0.15994957058862494	 1117.621102	 0.09311938250038614	 0.15802150777611668	 380.56676133869934	 1.3938227525266387	 -7.615761985238469	 -6.345397846070027E-4	 -0.0019280628125082583	 3.8828170847812364E-4	 4.2824515671338316E-4	 107.58350671809707	 2.8963234844281673E-6	 2.413195795146302E-10	 6.472738338910825E-10	 
-125.5	 3.749367477957101E-4	 4.1830503699352305E-4	 1.2558928069788522	 253.21745306034882	 0.021097895185680015	 0.19159641336714495	 245.80150460000004	 0.020480003719559176	 0.18874151335545544	 381.94299824310355	 1.3937343213492281	 -7.415948460348763	 -6.178914661208375E-4	 -0.0028549000116895144	 3.8828170847812364E-4	 5.114977075129794E-4	 108.59857697494009	 3.4170258255629115E-6	 2.847041222601132E-10	 1.0743300172812522E-9	 
-124.0	 4.999156637276134E-4	 4.1431715917825205E-4	 1.2737839458528744	 325.0935652169383	 0.02708656090483365	 0.23222625472439543	 317.99101629999996	 0.02649478166217214	 0.22848368584871365	 383.6913387545268	 1.3936210640997169	 -7.102548916938365	 -5.917792426615141E-4	 -0.0037425688756817857	 3.8828170847812364E-4	 6.19200722925404E-4	 109.6970443287064	 3.937406431919211E-6	 3.2806185829637776E-10	 1.5664228047258188E-9	 
-122.5	 6.248945796595168E-4	 4.1022609678479304E-4	 1.2921400523443973	 212.8360533301843	 0.01773334614428747	 0.25882627394082663	 205.9905112500013	 0.01716298052552247	 0.2542281566369973	 385.377762225247	 1.39351085108549	 -6.845542080183008	 -5.703656187649994E-4	 -0.004598117303829284	 3.8828170847812364E-4	 6.889693581092404E-4	 110.8313686503334	 4.38175698677353E-6	 3.650848253893328E-10	 2.114050042809818E-9	 
-121.0	 7.498734955914202E-4	 4.060329457062269E-4	 1.3108906369238285	 672.4027788335826	 0.056024113578813685	 0.3428624443090471	 665.7922384000001	 0.055473328127404915	 0.3374381488281047	 386.97422051212266	 1.393405647443827	 -6.610540433582526	 -5.507854514087724E-4	 -0.005424295480942443	 3.8828170847812364E-4	 9.144720548464874E-4	 111.99993278199268	 4.786525338112269E-6	 3.9880983189190574E-10	 2.7122647906476766E-9	 
-119.5	 8.748524115233235E-4	 4.0173890396502025E-4	 1.3300970688643123	 -396.15582506507144	 -0.033007417037827586	 0.2933513187523058	 -402.52807077	 -0.033538347944663385	 0.28713062691110963	 388.49201118871446	 1.3933048470373266	 -6.37224570492856	 -5.309309068357993E-4	 -0.006220691841196142	 3.8828170847812364E-4	 7.781364831233726E-4	 113.20569663297626	 5.170918021282948E-6	 4.308371524484571E-10	 3.3585205193203623E-9	 
-118.0	 9.998313274552268E-4	 3.973452761258489E-4	 1.3502931083099394	 -774.0176782777037	 -0.0644905935621841	 0.19661542840902962	 -780.1131944	 -0.06499846756019079	 0.18963292557082345	 390.07811115980223	 1.3931987008304312	 -6.095516122296323	 -5.078739980066892E-4	 -0.006982502838206175	 3.8828170847812364E-4	 5.139134733744679E-4	 114.46766085483604	 5.551071114270796E-6	 4.625112334149779E-10	 4.052287369442829E-9	 
-116.5	 0.0011248102433871303	 3.928534775932957E-4	 1.372097064149023	 686.9037269931457	 0.057232322099458305	 0.28246391155821704	 681.1019261	 0.056748920242072905	 0.2747563059339328	 391.8966621196954	 1.3930759859984616	 -5.801800893145663	 -4.834018573853958E-4	 -0.0077076056242842686	 3.8828170847812364E-4	 7.446015352503228E-4	 115.80744738252208	 5.921091750267918E-6	 4.933410853878804E-10	 4.79229899752465E-9	 
-115.0	 0.0012497891593190335	 3.8826503876985874E-4	 1.3956048994496084	 686.571513748158	 0.05720464233198046	 0.3682708750561877	 681.1019261	 0.056748920242072905	 0.35987968629704215	 393.9558859352696	 1.392935732721512	 -5.46958764815808	 -4.5572208990755046E-4	 -0.008391188759145594	 3.8828170847812364E-4	 9.752895971261777E-4	 117.22880465729969	 6.288877002801498E-6	 5.239846868261392E-10	 5.578276027763859E-9	 
-113.5	 0.001374768075250937	 3.8358160904919614E-4	 1.4192601461718315	 356.53731360424626	 0.02970643129568784	 0.41283052199971954	 351.353517099997	 0.029274521117346065	 0.40379146797306126	 395.8014136799271	 1.3928088701455195	 -5.183796504249223	 -4.319101783417721E-4	 -0.009039054026658253	 3.8828170847812364E-4	 0.001094292434714928	 118.68020450153848	 6.632680171162044E-6	 5.526301183432423E-10	 6.407221205278723E-9	 
-112.0	 0.0014997469911828404	 3.788049606191895E-4	 1.4449706112938954	 -744.8149769330016	 -0.062057445591288105	 0.3197443536127874	 -749.5936024	 -0.06245559721162813	 0.3101080721556191	 397.954118656205	 1.3926595109196342	 -4.778625466998442	 -3.981516203400338E-4	 -0.009636281457168303	 3.8828170847812364E-4	 8.40406358775675E-4	 120.22648589607873	 6.997027508118579E-6	 5.829872751402448E-10	 7.28170211798909E-9	 
-110.5	 0.0016247259071147436	 3.73936992049243E-4	 1.4715714552013184	 941.8397391169815	 0.07847340638428468	 0.43745446318921444	 937.4019065499994	 0.07810364938207887	 0.4272635462287374	 400.07271330416506	 1.3925110761148756	 -4.437832566982151	 -3.697570022058168E-4	 -0.010190916960477029	 3.8828170847812364E-4	 0.001157902787333713	 121.82956356970554	 7.33655746029726E-6	 6.112766653733798E-10	 8.19861711604916E-9	 
-109.0	 0.001749704823046647	 3.6897973163626396E-4	 1.4995563416242155	 -1371.1922637051737	 -0.11424674843472345	 0.2660843405371293	 -1375.241073	 -0.11458409229904505	 0.2553874077801699	 402.27708891095364	 1.3923551234932938	 -4.048809294826316	 -3.373438643216047E-4	 -0.010696932756959435	 3.8828170847812364E-4	 6.921109791104869E-4	 123.5068493427446	 7.679419916019988E-6	 6.398437173933643E-10	 9.158382692139206E-9	 
-107.5	 0.0018746837389785503	 3.639353404839962E-4	 1.5276951475561344	 481.7485397609852	 0.04013894016740358	 0.3262927507882347	 478.01281214999483	 0.03982768204271128	 0.3151289308442368	 404.22374474489703	 1.3922161342891575	 -3.735727610990349	 -3.11258124692302E-4	 -0.011163819943997889	 3.8828170847812364E-4	 8.540131041244738E-4	 125.21900829958344	 8.000715599488274E-6	 6.666138415356752E-10	 1.015830345444272E-8	 
-106.0	 0.0019996626549104537	 3.5880611529081957E-4	 1.559069925714215	 -541.3170670345418	 -0.045102146808943	 0.2586395305748202	 -544.5868772000003	 -0.04537458502879775	 0.2470670533010402	 406.71224811940266	 1.3920367370533506	 -3.2698101654585368	 -2.7243821985475035E-4	 -0.011572477273780014	 3.8828170847812364E-4	 6.695624567101437E-4	 127.06825546158875	 8.346296143742037E-6	 6.954073627276703E-10	 1.1201414498534225E-8	 
-104.5	 0.002124641570842357	 3.5359449082178593E-4	 1.5912294640493427	 479.0083798398925	 0.039910632023124774	 0.31850547860950734	 476.1387745499992	 0.03967153858426923	 0.306574361177444	 409.0732583498343	 1.3918647598660983	 -2.869605289893294	 -2.3909343885554612E-4	 -0.011931117432063333	 3.8828170847812364E-4	 8.308298483820873E-4	 128.97530600211303	 8.674323151798396E-6	 7.227383359698499E-10	 1.2285522002489E-8	 
-103.0	 0.0022496204867742606	 3.4830304204154066E-4	 1.6258227574263908	 630.9286974612551	 0.05256852309269033	 0.39735826324854284	 628.5333775	 0.05236894676464519	 0.38512778132441183	 411.7126961248813	 1.3916704783535245	 -2.3953199612549994	 -1.995763280451324E-4	 -0.012230481924131032	 3.8828170847812364E-4	 0.0010437130324159433	 130.9949343586549	 9.010449428310108E-6	 7.507441344062904E-10	 1.3411638204098435E-8	 
-101.5	 0.002374599402706164	 3.429344858858765E-4	 1.662079320160487	 -71.36792450345878	 -0.005946323891168134	 0.38843877741179067	 -73.26488574999632	 -0.0061043773312728635	 0.37597121532750255	 414.4076309945118	 1.3914699279745548	 -1.8969612465375443	 -1.5805344010472958E-4	 -0.012467562084288127	 3.8828170847812364E-4	 0.0010188983404446552	 133.103266122851	 9.345777692481124E-6	 7.786834430312374E-10	 1.4579663368645291E-8	 
-100.0	 0.002499578318638067	 3.3749168265098347E-4	 1.699261584943609	 733.5289325390996	 0.06111710052894863	 0.4801144282052136	 732.078986999992	 0.06099629211452332	 0.46746565349928754	 416.95504455060353	 1.3912783462987435	 -1.4499455391076186	 -1.2080841442531291E-4	 -0.012648774705926095	 3.8828170847812364E-4	 0.0012668522459901696	 135.27819409582935	 9.669931063341322E-6	 8.056916676217573E-10	 1.5788200870077928E-8	 
-98.5	 0.0026245572345699707	 3.3197763698099585E-4	 1.7384460873282213	 -475.4015388483568	 -0.039610112638417516	 0.4206992592475874	 -476.34782040000005	 -0.03968895613341134	 0.40793221929917056	 419.60155953919394	 1.3910772631285013	 -0.9462815516432553	 -7.884349499382232E-5	 -0.012767039948416829	 3.8828170847812364E-4	 0.001105514050845013	 137.55573353774977	 9.999351453026909E-6	 8.331387364142705E-10	 1.7037908974699332E-8	 
-97.0	 0.002749536150501874	 3.263954984361571E-4	 1.779859378966405	 612.1648232547925	 0.05100513065468613	 0.49720695522961655	 611.7516497999998	 0.05097070534103824	 0.4843882773107279	 422.37484488537285	 1.3908643300830559	 -0.41317345479269135	 -3.442531364788656E-5	 -0.012818677918888658	 3.8828170847812364E-4	 0.0013127132923003936	 139.94447856918111	 1.0329963464973905E-5	 8.606850903124045E-10	 1.8328936610167937E-8	 
-95.5	 0.002874515066433777	 3.2074856162586424E-4	 1.8247735137167815	 200.28600878591695	 0.016687685502927714	 0.5222384834840081	 200.5025764000046	 0.01670572976001747	 0.5094468719507541	 425.5426301649201	 1.3906183602899769	 0.21656761408765363	 1.8044257089755834E-5	 -0.012791611533254024	 3.8828170847812364E-4	 0.0013806231733011435	 142.4856557055637	 1.0669582696692864E-5	 8.889819192523121E-10	 1.9662409489046406E-8	 
-94.0	 0.0029994939823656808	 3.1504026589294134E-4	 1.870724996297286	 584.3908394966193	 0.048691022400548276	 0.5952750170848305	 585.1574523000002	 0.04875489602528565	 0.5825792159886826	 428.4958636915941	 1.3903864412243294	 0.7666128033808866	 6.387362473737372E-5	 -0.012695801096147962	 3.8828170847812364E-4	 0.0015788150053757468	 145.10367932243582	 1.0997627006184377E-5	 9.163143340375649E-10	 2.1036880990102754E-8	 
-92.5	 0.003124472898297584	 3.092741945377567E-4	 1.9203060720286944	 583.712165688219	 0.048634475789318114	 0.6682267307688077	 585.1574523	 0.04875489602528564	 0.655711560026611	 431.8033717188546	 1.3901237490050866	 1.445286611781043	 1.2042023596752562E-4	 -0.012515170742196675	 3.8828170847812364E-4	 0.00177700683745035	 147.88101211515254	 1.1337681738549365E-5	 9.44647448576558E-10	 2.245385216296759E-8	 
-91.0	 0.003249451814229487	 3.03454073573185E-4	 1.972152037358962	 -295.58626649966686	 -0.024628034100991365	 0.6312846796173206	 -293.46162569999547	 -0.024451010565066284	 0.6190350441790116	 435.11751197493004	 1.3898574412487368	 2.124640799671421	 1.7702353592508432E-4	 -0.012249635438309049	 3.8828170847812364E-4	 0.0016776118848397916	 150.77703322645164	 1.1675666555830184E-5	 9.728080992866908E-10	 2.3913064311897626E-8	 
-89.5	 0.0033744307301613904	 2.975837700039306E-4	 2.0272183109359347	 671.8468030848536	 0.055977790081239966	 0.7152513647391806	 674.7014189500029	 0.05621563461205888	 0.7033584960970999	 438.61583524175546	 1.3895730244927547	 2.8546158651492672	 2.378445308189119E-4	 -0.011892868642080681	 3.8828170847812364E-4	 0.0019061321058494343	 153.82298045411244	 1.2016707288593673E-5	 1.0012233666662927E-9	 2.5414899361897064E-8	 
-88.0	 0.003499409646093294	 2.916672896263115E-4	 2.0853050592817706	 391.614935150077	 0.03262907337186617	 0.7641949747969798	 395.2143562	 0.03292897453240074	 0.752751957895701	 442.21478002460464	 1.389276930954087	 3.59942104992302	 2.999011605345683E-4	 -0.01144301690127883	 3.8828170847812364E-4	 0.002039990534909149	 157.01465718989232	 1.2357620922530557E-5	 1.0296280442635178E-9	 2.695934142829234E-8	 
-86.5	 0.0036243885620251973	 2.8570877434726624E-4	 2.145086496610753	 -127.12409325755385	 -0.010591887576103512	 0.7483071434328246	 -122.81492160000562	 -0.010232850507886937	 0.7374026821338706	 445.60057518505806	 1.3889951838524732	 4.309171657548236	 3.5903706821657446E-4	 -0.010904461298953968	 3.8828170847812364E-4	 0.0019983933302211965	 160.31465261350604	 1.2695003681984615E-5	 1.0577385319506393E-9	 2.8545949226218297E-8	 
-85.0	 0.0037493674779571005	 2.797124990240232E-4	 2.2103884362862947	 630.8110516452357	 0.05255872092832364	 0.8271452248253099	 636.0206192000019	 0.052992778331969435	 0.8168918496318247	 449.53063376672105	 1.3886643278214301	 5.209567554766178	 4.3405740364579567E-4	 -0.010253375193485275	 3.8828170847812364E-4	 0.0022138124302617202	 163.83984686400152	 1.3046199892477701E-5	 1.0869999463951848E-9	 3.0176449145811076E-8	 
-83.5	 0.003874346393889004	 2.73682867828568E-4	 2.2779775795361115	 93.63905244220774	 0.007801938175411848	 0.8388481320884278	 99.6556008499906	 0.008303232640516196	 0.829346698592599	 453.29129595706974	 1.3883439529216979	 6.016548407782857	 5.012944651043471E-4	 -0.009501433495828755	 3.8828170847812364E-4	 0.0022475656124716073	 167.4961505820981	 1.3390048774036376E-5	 1.1156491867029188E-9	 3.1849922925865456E-8	 
-82.0	 0.003999325309820907	 2.676244101437052E-4	 2.3509794661834085	 316.2913643092975	 0.026353167886665807	 0.8783778839184265	 323.2963999	 0.026936822389459405	 0.8697519321767881	 457.4634748713962	 1.3879842705913594	 7.005035590702523	 5.836545027936011E-4	 -0.008625951741638353	 3.8828170847812364E-4	 0.0023570655522697844	 171.3783820587118	 1.3745504576687994E-5	 1.1452655072876545E-9	 3.3567821186796936E-8	 
-80.5	 0.004124304225752811	 2.615417760001198E-4	 2.427818551248775	 454.64868323923946	 0.03788099970740498	 0.9351993834795339	 462.62136265	 0.03854527759395795	 0.9275698485677251	 461.67966140691175	 1.387616335898208	 7.9726794107605174	 6.642778865529704E-4	 -0.007629534911808898	 3.8828170847812364E-4	 0.0025137546195628147	 175.4426999110641	 1.4099183937610198E-5	 1.1747338160313514E-9	 3.532992191084396E-8	 
-79.0	 0.004249283141684714	 2.5543973106637616E-4	 2.50900545189022	 -547.8768034811359	 -0.045648699308872547	 0.8667263345162252	 -538.8622618999882	 -0.04489761421924928	 0.8602234272388511	 465.9884214363115	 1.387235782246843	 9.014541581147638	 7.510850896232653E-4	 -0.006502907277374	 3.8828170847812364E-4	 0.002331242889596724	 179.70700640673635	 1.4457046857097326E-5	 1.2045506958511697E-9	 3.7136747954620715E-8	 
-77.5	 0.0043742620576166175	 2.493231512062123E-4	 2.59632614300226	 1473.2036071224181	 0.12274625984341966	 1.0508457242813547	 1483.363243	 0.12359275336224836	 1.0456125572822237	 470.6614091798945	 1.386817979213535	 10.159635877581962	 8.464935188287103E-4	 -0.005233166999130935	 3.8828170847812364E-4	 0.002833655492575197	 184.22530628785626	 1.4820216689086501E-5	 1.2348097437852888E-9	 3.898896257029865E-8	 
-76.0	 0.004499240973548521	 2.431970166197815E-4	 2.688638601109029	 -1146.0367989375923	 -0.09548695783285932	 0.9076152875320658	 -1134.680862	 -0.09454078937429175	 0.9038013732207861	 475.42182609342825	 1.3863870437272448	 11.355936937592237	 9.461684585675576E-4	 -0.003813914311279599	 3.8828170847812364E-4	 0.0024493410179396153	 188.96783422861822	 1.5185866952003262E-5	 1.2652754594316569E-9	 4.088687575944613E-8	 
-74.5	 0.004624219889480424	 2.370664055876289E-4	 2.7861892325654365	 411.9339855344802	 0.0343220419650718	 0.9590983504796734	 424.5450358000189	 0.03537278555903831	 0.9568605515593436	 480.2538062505269	 1.3859442727441236	 12.61105026553874	 0.0010507435939665158	 -0.0022377989203298254	 3.8828170847812364E-4	 0.002593133698204834	 193.945203479698	 1.5554454008356237E-5	 1.2959858665846742E-9	 4.283085455932314E-8	 
-73.0	 0.004749198805412328	 2.3093648783815675E-4	 2.888638512688251	 -230.42046277670485	 -0.01919846643090671	 0.9303006508333134	 -216.5852719	 -0.01804572832591902	 0.9297919590704651	 485.04020044069915	 1.3855004875582562	 13.835190876704837	 0.0011527381049876869	 -5.086917628482953E-4	 3.8828170847812364E-4	 0.0025197766356407055	 199.1521472644809	 1.5922831641088735E-5	 1.3266788247129866E-9	 4.482087279639262E-8	 
-71.5	 0.004874177721344231	 2.2481251756111415E-4	 2.9998109585641655	 194.35188691444304	 0.016193258757257977	 0.9545905389692003	 209.6707104999996	 0.017469612067307932	 0.9559963771714269	 490.3522694015455	 1.3850020709994406	 15.318823585556547	 0.0012763533100499534	 0.0014058382022266347	 3.8828170847812364E-4	 0.002590791748040016	 204.69804154118626	 1.6301573972412678E-5	 1.3582353620372454E-9	 4.6858225839448486E-8	 
-70.0	 0.004999156637276134	 2.1869982609121533E-4	 3.116293486746061	 1408.4155799006248	 0.11734816823838874	 1.1306127913267834	 1425.1136119999728	 0.11873943620503717	 1.1341055314789827	 495.5442921510348	 1.3845090922158516	 16.698032099348037	 0.001391267966648428	 0.003492740152199277	 3.8828170847812364E-4	 0.0030734753002473027	 210.49310135273015	 1.66781292010534E-5	 1.3896096715465836E-9	 4.894264034676836E-8	 
-68.5	 0.005124135553208038	 2.1260381428736105E-4	 3.2413253073546513	 49.32959891662241	 0.004110106530636709	 1.1367779511227385	 67.62987220000002	 0.005634872074779447	 1.142557839591152	 501.06178261345997	 1.3839790851657725	 18.300273283377614	 0.0015247655441427387	 0.005779888468413385	 3.8828170847812364E-4	 0.0030963814227304145	 216.62990246597803	 1.7062895872404903E-5	 1.4216681525280754E-9	 5.1075142575560474E-8	 
-67.0	 0.005249114469139941	 2.0652994463407276E-4	 3.374008871912771	 -622.5205519768288	 -0.051867962487596106	 1.0589760073913443	 -602.5262588	 -0.050202052430219635	 1.0672547609458225	 506.67423291827566	 1.3834336824358326	 19.99429317682876	 0.0016659100573764736	 0.008278753554478095	 3.8828170847812364E-4	 0.002892306805488069	 223.08868826019636	 1.7451574053612337E-5	 1.4540525376838681E-9	 5.325622138208628E-8	 
-65.5	 0.005374093385071844	 2.0048373309267806E-4	 3.516927333344283	 717.0265605597942	 0.05974213482209623	 1.1485892096244887	 738.8542742000129	 0.06156080414744726	 1.1595959671669933	 512.6773281988873	 1.3828435509415726	 21.827713640218633	 0.00181866932535103	 0.01100675754250464	 3.8828170847812364E-4	 0.00314255548926417	 229.9425829798221	 1.7845185953749245E-5	 1.4868479967352065E-9	 5.5486493377189085E-8	 
-64.0	 0.005499072301003748	 1.9447074073047674E-4	 3.668621318353815	 94.39549302504533	 0.00786496425808514	 1.1603866560116165	 118.0983474	 0.009839868954267545	 1.1743557705983947	 518.7531927671746	 1.3822394008940546	 23.70285437495467	 0.001974904696182405	 0.013969114586778249	 3.8828170847812364E-4	 0.0031825551983069066	 237.15802339860204	 1.8241736196562625E-5	 1.5198882763747726E-9	 5.7766325791751246E-8	 
-62.5	 0.0056240512169356514	 1.884965651565961E-4	 3.8313746689988375	 80.96774920743343	 0.006746174347594172	 1.1705059175330077	 106.76197454999988	 0.008895330561338961	 1.187698766440403	 525.1263253835835	 1.3815985609196284	 25.794225342566456	 0.0021491562137447894	 0.017192848907395433	 3.8828170847812364E-4	 0.003218715297180805	 244.7998002171168	 1.8644423831688583E-5	 1.5534399191062554E-9	 6.009648567041063E-8	 
-61.0	 0.005749030132867554	 1.8256683179349934E-4	 4.004232290118246	 848.7509922510756	 0.07071731927177782	 1.2765818964406743	 876.6661690999844	 0.07304319163219382	 1.2972635538886939	 531.555984814216	 1.380944946187952	 27.915176848908814	 0.002325872360415993	 0.020681657448019423	 3.8828170847812364E-4	 0.003515640634948993	 252.84919541486525	 1.9050203026181766E-5	 1.5872491483299079E-9	 6.247735939290549E-8	 
-59.5	 0.005874009048799458	 1.7668718501316809E-4	 4.1907661351871335	 143.45316357714358	 0.011952413913915607	 1.2945105173115479	 173.7648287	 0.014477959945345927	 1.3189804938067127	 538.4043216177109	 1.380241291752219	 30.31166512285641	 0.0025255460314303193	 0.0244699764951649	 3.8828170847812364E-4	 0.0035744944863608115	 261.40272197441595	 1.946235838941601E-5	 1.6215896353249318E-9	 6.490974384589288E-8	 
-58.0	 0.0059989879647313615	 1.7086327916683133E-4	 4.389506741686272	 601.2095822772185	 0.05009234789391948	 1.369649039152427	 634.0083053	 0.052825113792144815	 1.3982181644949299	 545.3518041809281	 1.3795199516869574	 32.79872302278142	 0.0027327658982253212	 0.02856912534250288	 3.8828170847812364E-4	 0.003789232019112082	 270.42948012959465	 1.9878517110332034E-5	 1.6562636791887266E-9	 6.739413936467597E-8	 
-56.5	 0.006123966880663264	 1.6510076953678006E-4	 4.603083937483664	 414.42938412105644	 0.03452995677185067	 1.421443974310203	 449.9313200999935	 0.03748795241993826	 1.4544500931248372	 552.6021540884261	 1.378759540945573	 35.50193597893705	 0.0029579956480875924	 0.03300611881463427	 3.8828170847812364E-4	 0.00394162299061533	 280.0014130930697	 2.029989749062365E-5	 1.6913727879379394E-9	 6.993119854658288E-8	 
-55.0	 0.006248945796595168	 1.594053032383084E-4	 4.832087861863319	 -469.4814448981009	 -0.03911685468900552	 1.3627686922766948	 -431.0580711000001	 -0.03591544695318356	 1.400576922695062	 560.085723680218	 1.377966975575967	 38.423373798100805	 0.0032014077358219592	 0.03780823041836721	 3.8828170847812364E-4	 0.003795624356391231	 290.1395771493602	 2.07262648873727E-5	 1.726897411294209E-9	 7.252154466352419E-8	 
-53.500000000000014	 0.006373924712527071	 1.5378251009915848E-4	 5.077702651613779	 -140.25728637672955	 -0.011686135735276118	 1.3452394886737806	 -98.71966629998144	 -0.008225251250220623	 1.3882390458197311	 567.7975402898113	 1.3771425779555617	 41.53762007674813	 0.003460884485055497	 0.042999557145950454	 3.8828170847812364E-4	 0.0037621881736187423	 300.87983036818827	 2.1157417675775342E-5	 1.7628207500245951E-9	 7.516577578856109E-8	 
-52.0	 0.006498903628458974	 1.4823799354304857E-4	 5.339907768166839	 635.5716440629918	 0.05295537004803351	 1.4246725437458307	 680.3281323999825	 0.05668444831021749	 1.4732657182850573	 575.592347361546	 1.3763019547322675	 44.75648833699063	 0.0037290782621839766	 0.048593174539226416	 3.8828170847812364E-4	 0.0039926141528868276	 312.2299154223729	 2.159337958935578E-5	 1.7991447815891825E-9	 7.786449296094486E-8	 
-50.5	 0.006623882544390878	 1.4277732150294608E-4	 5.623576395973996	 292.09974087942504	 0.024337539306066944	 1.4611788527049312	 340.46768771999996	 0.028367521680724934	 1.5158170008061447	 583.8429468320767	 1.3754047388809976	 48.3679468405749	 0.0040299823746579875	 0.054638148101213396	 3.8828170847812364E-4	 0.004107929978612373	 324.31213059339495	 2.203451201770539E-5	 1.8358996167075443E-9	 8.061834238600617E-8	 
-49.000000000000014	 0.006748861460322781	 1.3740601738871286E-4	 5.929343296374877	 36.135817606281705	 0.00301081020716405	 1.4656950680156773	 88.42530830000658	 0.007367532781519439	 1.5268682999784238	 592.4327896378185	 1.3744631994571734	 52.28949069372487	 0.004356722574355389	 0.06117323196274648	 3.8828170847812364E-4	 0.0041378794798702925	 337.1478382367753	 2.2480339982299527E-5	 1.873045680512279E-9	 8.34279109067746E-8	 
-47.5	 0.0068738403762546845	 1.3212955113263888E-4	 6.258088095921164	 275.3209687900328	 0.0229395441417998	 1.500104384228377	 331.79080125000417	 0.02764456977093542	 1.568335154634827	 601.27196411082	 1.3734871833623483	 56.4698324599714	 0.004705025629135622	 0.06823077040644991	 3.8828170847812364E-4	 0.0042502564589325465	 350.76482997625504	 2.2930902628635615E-5	 1.9105862345779414E-9	 8.629379025864151E-8	 
-46.0	 0.006998819292186588	 1.26953330335195E-4	 6.61059791778316	 -583.3550188933086	 -0.04860471857648048	 1.4271973063636563	 -522.4257393	 -0.043528135035091446	 1.5030429520821897	 610.2626584812748	 1.372487817372287	 60.92927959330861	 0.005076583541389034	 0.07584564571853346	 3.8828170847812364E-4	 0.004073311751165733	 365.18952541685974	 2.3386262336625543E-5	 1.9485264763537078E-9	 8.921657997317207E-8	 
-44.500000000000014	 0.007123798208118491	 1.2188269153209325E-4	 6.990741876084162	 -177.29626652856794	 -0.014772196793009484	 1.405039011174142	 -111.509753599987	 -0.009290912080506688	 1.4891065839614297	 619.5836444074051	 1.3714455790461235	 65.78651292858095	 0.005481284712502795	 0.08406757278728764	 3.8828170847812364E-4	 0.004035543587617099	 380.51623949099996	 2.384587388615226E-5	 1.986820978493462E-9	 9.219681144091226E-8	 
-43.0	 0.007248777124050395	 1.169228916024625E-4	 7.399855207474869	 897.0234740944737	 0.07473934757186475	 1.517148032531939	 967.9592699999823	 0.08064966682055623	 1.610081084192264	 629.158618074649	 1.3703693737711933	 70.93579590550857	 0.0059103192486914735	 0.09293305166032485	 3.8828170847812364E-4	 0.00436338974311054	 396.7816944242646	 2.431030878104589E-5	 2.0255173582832976E-9	 9.52350874783372E-8	 
-41.5	 0.007373756039982298	 1.1207909933665222E-4	 7.841098521188821	 -434.30275335733353	 -0.03618579153389356	 1.4628693452310988	 -357.7178573	 -0.029804793343224868	 1.5653738941774267	 639.0601177724124	 1.3692515838264092	 76.58489605733354	 0.006380998190668697	 0.10250454894632789	 3.8828170847812364E-4	 0.004242231314339918	 414.0611151653821	 2.4778181178659988E-5	 2.064500148315478E-9	 9.833183770081042E-8	 
-40.000000000000014	 0.007498734955914201	 1.0735638718086194E-4	 8.315157338013215	 -557.8399175889231	 -0.04647881877587061	 1.3931511170672928	 -475.1864690999974	 -0.03959219318241771	 1.5059856044038	 649.144491866162	 1.3681091613713525	 82.65344848892568	 0.006886625593452898	 0.11283448733650724	 3.8828170847812364E-4	 0.004081286466901306	 432.3756581478109	 2.524991845744699E-5	 2.1038049574537882E-9	 1.014875451369911E-7	 
-38.5	 0.007623713871846105	 1.027597231744906E-4	 8.82611621774691	 134.3921553371577	 0.011197457255859954	 1.4099473029510827	 223.56136419998774	 0.01862697129464793	 1.533926061345772	 659.5359657402663	 1.3669289388219596	 89.16920886283002	 0.007429514038787977	 0.1239787583946892	 3.8828170847812364E-4	 0.004157006320041238	 451.8164379623361	 2.572526925305685E-5	 2.143410842202247E-9	 1.0470266140029447E-7	 
-37.0	 0.007748692787778008	 9.829396309481523E-5	 9.355875105896144	 4804.79984691265	 0.4003324507579455	 2.0104459790880007	 4899.989485	 0.4082635826086837	 2.1463214352587974	 668.3681088031088	 1.3638283505767428	 95.18963808735049	 0.00793113185073819	 0.1358754561707965	 3.8828170847812364E-4	 0.005816624409773019	 472.1290430852396	 2.6186687501323933E-5	 2.1818558771753254E-9	 1.0797544521605746E-7	 
-35.5	 0.007873671703709912	 9.396384282233798E-5	 9.915627677538025	 -1484.0629872157879	 -0.12365105554459423	 1.8249693957711095	 -1382.1907779500002	 -0.11516313669284346	 1.9735767302195322	 676.6986722389198	 1.3603836754174736	 101.87220926578765	 0.00848791885175076	 0.14860733444842264	 3.8828170847812364E-4	 0.0053484787483244695	 493.48218137354445	 2.6650715712881106E-5	 2.2205183724034825E-9	 1.1130622277466268E-7	 
-34.0	 0.007998650619641815	 8.977397093892696E-5	 10.504914066980659	 4460.52700877939	 0.3716478866948158	 2.382441225813333	 4568.810265	 0.3806699693455014	 2.544581684237784	 684.490477103753	 1.357023663528219	 108.28325622061026	 0.009022082650685602	 0.16214045842445104	 3.8828170847812364E-4	 0.006895927000521331	 515.8567241004434	 2.7117938412374173E-5	 2.259447030057763E-9	 1.1469539331974932E-7	 
-32.500000000000014	 0.008123629535573718	 8.572882156968796E-5	 11.166327185054817	 1022.6511743821782	 0.08520655676718167	 2.5102510609641056	 1139.2825405001404	 0.0949241979012349	 2.6869679810896363	 694.3397698687007	 1.3534476628864351	 116.63136611796227	 0.009717641134053233	 0.1767169201255309	 3.8828170847812364E-4	 0.007281800055824348	 540.0860182069139	 2.7567042809022483E-5	 2.2968660838133345E-9	 1.1814069244546932E-7	 
-31.0	 0.008248608451505622	 8.183272747837653E-5	 11.858859045852936	 16630.39564288803	 1.3856325459778633	 4.588699879930901	 16754.38308	 1.3959630896308162	 4.78091261553586	 703.4210799429993	 1.3499866251330574	 123.98743711196978	 0.010330543652952684	 0.1922127356049599	 3.8828170847812364E-4	 0.012956481058096757	 565.3581215970859	 2.8031615763485733E-5	 2.3355739666267336E-9	 1.2164405339540941E-7	 
-29.5	 0.008373587367437525	 7.808987342509373E-5	 12.601570251227892	 -3154.2198677373135	 -0.2628073197871207	 4.194488900250219	 -3021.2913299999936	 -0.25173181009190515	 4.403314900398002	 712.8131035056175	 1.3465169346596997	 132.92853773731983	 0.01107550969521556	 0.20882600014778324	 3.8828170847812364E-4	 0.011933174832447217	 592.0315642225996	 2.847974657121009E-5	 2.3729119016567857E-9	 1.252034212478946E-7	 
-28.000000000000014	 0.008498566283369428	 7.450428979398767E-5	 13.370943881207861	 6960.276658610483	 0.5799252209195125	 5.064376731629488	 7101.961654999783	 0.5917303124212128	 5.290910369029821	 721.1252795336918	 1.3432035685666754	 141.68499638930027	 0.01180509150170026	 0.22653363740033364	 3.8828170847812364E-4	 0.01433859714433185	 619.6487398756733	 2.8932493604185354E-5	 2.4106344572385423E-9	 1.288193729337524E-7	 
-26.5	 0.008623545199301332	 7.107984649774873E-5	 14.229457776177604	 618.485626548372	 0.05153177541698638	 5.1416743947549675	 771.0672634999992	 0.06424476713520612	 5.38727751973263	 731.6671017906594	 1.3396610608089061	 152.58163695162722	 0.012712991718219746	 0.24560312497766326	 3.8828170847812364E-4	 0.014599756312697816	 649.3391135480272	 2.935817959572724E-5	 2.4461023064054104E-9	 1.3248852639336053E-7	 
-25.0	 0.008748524115233235	 6.782024716479755E-5	 15.125245487052416	 4122.243514184613	 0.3434623504067417	 5.656867920365079	 4285.223339	 0.3570417116228742	 5.922840087166941	 741.9850663869315	 1.3380795738682034	 162.97982481538781	 0.01357936121613246	 0.265972166801862	 3.8828170847812364E-4	 0.01605115415624752	 679.944399034588	 2.983289971732029E-5	 2.4856556438505844E-9	 1.362170098591364E-7	 
-23.500000000000014	 0.008873503031165138	 6.472902361425703E-5	 16.082036255799096	 -6473.420583722847	 -0.5393607246166336	 4.847826833440129	 -6298.597184999985	 -0.5247945653820242	 5.135648239093905	 752.9685117266974	 1.3368152945299558	 174.82339872286232	 0.014566159234609488	 0.28782140565377623	 3.8828170847812364E-4	 0.013917830021540801	 711.9463094034229	 3.0283228802960686E-5	 2.5231767378078787E-9	 1.4000177496584823E-7	 
-22.0	 0.008998481947097042	 6.180953062305986E-5	 17.100078950102574	 12051.146809209327	 1.004092842634132	 6.353966097391327	 12238.625190000002	 1.0197134058287234	 6.665218347836991	 764.5285216270026	 1.3354996186866612	 187.47838079067526	 0.015620563194591446	 0.3112522504456634	 3.8828170847812364E-4	 0.018063031520635663	 745.2959681064243	 3.073033559965024E-5	 2.5604293529785763E-9	 1.438424189953161E-7	 
-20.5	 0.009123460863028945	 5.906494098885967E-5	 18.259244845444666	 21572.476368880045	 1.7974031403661541	 9.050070807940559	 21776.122714999765	 1.814370806747178	 9.386774557957757	 780.1105895188551	 1.3337524678565233	 203.6463461197196	 0.01696766638102382	 0.33670375001719915	 3.8828170847812364E-4	 0.02543856718100101	 781.2590783790101	 3.11285670022761E-5	 2.593609705638724E-9	 1.477328335537742E-7	 
-19.000000000000014	 0.009248439778960848	 5.6498240891815664E-5	 19.687687418719875	 67641.16746913009	 5.635813188440137	 17.50379059060076	 67868.45514999927	 5.654750633746608	 17.868900508577667	 804.5938592628762	 1.3310743725349412	 227.28768086917677	 0.01893744530647075	 0.3651099179769053	 3.8828170847812364E-4	 0.048425497302768156	 821.7771593638337	 3.1425349929244094E-5	 2.6183374446250952E-9	 1.5166033972071184E-7	 
-17.5	 0.009373418694892752	 5.4112225557767084E-5	 21.549038444795187	 119656.64835877632	 9.969705463949886	 32.45834878652559	 119919.524265	 9.991608094472854	 32.856312650286945	 843.4782632284159	 1.3270126431724445	 262.8759062236726	 0.021902630522967526	 0.39796386376135656	 3.8828170847812364E-4	 0.08904203584667142	 869.0927315783917	 3.1571171884482545E-5	 2.6304872245482767E-9	 1.5560607055753425E-7	 
-16.0	 0.009498397610824655	 5.190949522484199E-5	 23.97765668122776	 190168.5910828161	 15.844709571885188	 56.22541314435337	 190484.0371	 15.870992306060307	 56.662801109377405	 900.3423387161304	 1.3215717822901587	 315.44601718388304	 0.02628273417511884	 0.4373879650240348	 3.8828170847812364E-4	 0.15355865465657884	 924.5248634645604	 3.1531852125826084E-5	 2.6272111306738845E-9	 1.5954688725354508E-7	 
-14.500000000000014	 0.009623376526756558	 4.9892451415116797E-5	 26.8756457543265	 219493.88595769284	 18.28807194711552	 83.65752106502664	 219876.3189999996	 18.319935991811544	 84.14270509709472	 969.9545764159972	 1.3158828619367766	 382.43304230677944	 0.031864044696027355	 0.48518403206807587	 3.8828170847812364E-4	 0.22803038926603278	 985.4975754769204	 3.138429508897926E-5	 2.6149167850050577E-9	 1.6346926243105267E-7	 
-13.0	 0.009748355442688462	 4.806329351258489E-5	 30.146381088874474	 237142.81997247945	 19.758568374130004	 113.29537362622165	 237607.0619	 19.797248676017773	 113.83857811112138	 1048.1172110526545	 1.3106857959806344	 464.2419275205487	 0.03868030188777029	 0.5432044848997313	 3.8828170847812364E-4	 0.3085074962852245	 1049.7030960494826	 3.116449518712905E-5	 2.596603216034939E-9	 1.6736416725510508E-7	 
-11.5	 0.009873334358620365	 4.6424015648374064E-5	 33.53033203216429	 231423.960293854	 19.282077118795815	 142.21848930441536	 231974.11345000018	 19.32791548216359	 142.83045133436676	 1126.017575421301	 1.3060327177961224	 550.1531561461612	 0.04583836336777493	 0.6119620299513937	 3.8828170847812364E-4	 0.38707673326208963	 1112.9578990821783	 3.0950913650708604E-5	 2.5788077567783404E-9	 1.7123237889027258E-7	 
-10.000000000000014	 0.009998313274552268	 4.49764038939033E-5	 36.82043147614515	 213503.00524575938	 17.78891609587899	 168.90186344823385	 214138.04020000016	 17.84182674931891	 169.59319145834513	 1197.9581905335356	 1.302137529187465	 635.0349542407826	 0.05291065343991924	 0.6913280101112725	 3.8828170847812364E-4	 0.4596049226191392	 1172.3746884664451	 3.076818315549463E-5	 2.5635827839786456E-9	 1.7507775306624055E-7	 
-8.5	 0.010123292190484173	 4.372203376243755E-5	 39.86020129598243	 177119.6048120409	 14.757477466464003	 191.03807964792986	 177834.2764	 14.817023386670979	 191.8187265383516	 1260.6987775158875	 1.2990209631717093	 714.6715879591047	 0.059545920206973885	 0.7806468904217334	 3.8828170847812364E-4	 0.5198370890332272	 1226.015946410595	 3.0624735702922727E-5	 2.551630845901559E-9	 1.7890519933509288E-7	 
-7.0	 0.010248271106416075	 4.266226801933781E-5	 42.558307336872765	 138003.17589871964	 11.498324879321169	 208.28556696691163	 138790.0042	 11.563882844733543	 209.1645508054519	 1313.4186858160979	 1.2965842764152464	 786.8283012803466	 0.06555796541237252	 0.8789838385402922	 3.8828170847812364E-4	 0.5668450269786838	 1272.842440101514	 3.05136220881943E-5	 2.5423729398255365E-9	 1.827187587448312E-7	 
-5.500000000000014	 0.010373250022347978	 4.1798254801160973E-5	 44.850179917948005	 116430.0418558361	 9.700866942032354	 222.83686737996013	 117277.40145000024	 9.771468331021108	 223.82175330198356	 1356.1278934187533	 1.294721806931831	 847.3595941641427	 0.07060138898875476	 0.9848859220234243	 3.8828170847812364E-4	 0.6065666830269225	 1312.1173738981256	 3.0439853582531613E-5	 2.5362266012471106E-9	 1.8652309864670187E-7	 
-4.0	 0.010498228938279883	 4.113092604365344E-5	 46.72787514152012	 98080.94022022586	 8.172033054870433	 235.09491696226578	 98977.65946	 8.2467470538586	 236.19187388277146	 1390.356683581937	 1.2932960398893205	 896.7192397741325	 0.07471399898816773	 1.096956920505676	 3.8828170847812364E-4	 0.6400902476431286	 1343.7278186999379	 3.0384740639397152E-5	 2.531634630655936E-9	 1.9032055059268577E-7	 
-2.5	 0.010623207854211785	 4.0660996218617637E-5	 48.19784486971225	 78233.44391436204	 6.5183540066908865	 244.87244797230213	 79170.53623500004	 6.596431861598519	 246.08652167516925	 1417.720877482284	 1.2921964816600628	 937.0923206380025	 0.07807785490763276	 1.2140737028671251	 3.8828170847812364E-4	 0.6669051733713564	 1367.6853773256137	 3.0325840280828315E-5	 2.5267270953479804E-9	 1.9411064123570775E-7	 
-1.0	 0.010748186770143688	 4.038896137956317E-5	 49.26886374223535	 62041.26938552568	 5.169233727228122	 252.6262985631443	 63010.21747000031	 5.249965781356078	 253.96147034720337	 1439.539933998212	 1.2913441367706213	 968.9480844746279	 0.08073205412795555	 1.3351717840590585	 3.8828170847812364E-4	 0.6882466266686068	 1384.0247998758823	 3.025373089838534E-5	 2.5207189937171526E-9	 1.9789171972628347E-7	 
0.5	 0.010873165686075593	 4.031509851602872E-5	 49.919765389133566	 55962.6216589453	 4.662765191761493	 259.62044635078655	 56952.661940000005	 4.745254632464915	 261.0793522959007	 1455.9019343245452	 1.2907186170126488	 990.040281054699	 0.08248944070342214	 1.4589059451141917	 3.8828170847812364E-4	 0.7075363962290006	 1392.4775389998224	 3.0174651990086485E-5	 2.514130196228973E-9	 2.0166291502062693E-7	 
2.0	 0.010998144602007496	 4.0439465216439126E-5	 50.18315805320628	 46369.03822617589	 3.863434753541634	 265.415598481099	 47371.92629	 3.9469946622201557	 266.99984428923096	 1468.110080156604	 1.2902592876193626	 1002.888063824108	 0.08355990867852169	 1.5842458081319741	 3.8828170847812364E-4	 0.7235811869488575	 1393.4317471096938	 3.0073765418911485E-5	 2.505724400030614E-9	 2.0542150162067286E-7	 
3.5	 0.011123123517939398	 4.07618996393452E-5	 50.04800838627268	 37911.4513641552	 3.1587547285981303	 270.1537305739962	 38918.123955000076	 3.2426299613328995	 271.8637892312303	 1475.8417712213693	 1.2899715770320244	 1006.6725908448775	 0.08387523273476886	 1.7100586572341274	 3.8828170847812364E-4	 0.736762689221845	 1386.8495136630643	 2.995464777163774E-5	 2.4957996037475263E-9	 2.0916520102629415E-7	 
5.0	 0.011248102433871303	 4.128202079289849E-5	 49.54979837257552	 36854.85291723512	 3.0707197096171943	 274.759810138422	 37856.95727	 3.1542143200566586	 276.59511071131533	 1479.8059281526819	 1.2898250093698962	 1002.1043527648804	 0.08349461043946428	 1.8353005728933238	 3.8828170847812364E-4	 0.7495847761466897	 1373.2734828657915	 2.9815392033885893E-5	 2.484196916319844E-9	 2.1289149640077393E-7	 
6.5	 0.011373081349803206	 4.1999229122399E-5	 48.73079923643635	 29407.185500500298	 2.4501854429739427	 278.43508830288295	 30397.99353999998	 2.532738852756133	 280.39421899044953	 1480.6421188354072	 1.2897941739603695	 990.8080394996834	 0.08255340978218995	 1.9591306875666088	 3.8828170847812364E-4	 0.7598805247651245	 1353.3788694323641	 2.965144562823431E-5	 2.4705370202869994E-9	 2.1659730193120443E-7	 
8.0	 0.011498060265735108	 4.291270740574986E-5	 47.631621108848485	 23584.984937006648	 1.9650838997982407	 281.38271415258026	 24558.934010000143	 2.0462326326753133	 283.4635679394625	 1478.7332121974812	 1.2898646082738212	 973.9490729934944	 0.08114873287707276	 2.080853786882218	 3.8828170847812364E-4	 0.7681985938696188	 1327.872225996068	 2.94616611782084E-5	 2.4547243170703523E-9	 2.2027938840680995E-7	 
9.5	 0.011623039181667013	 4.402142195663432E-5	 46.31085401330542	 25708.64285555756	 2.142025542778704	 284.59575246674837	 26660.766994999998	 2.221355837965446	 286.7956016964107	 1474.8867929964808	 1.2900069810961043	 952.1241394424402	 0.07933029518674171	 2.1998492296623304	 3.8828170847812364E-4	 0.7772285502249284	 1297.69907799392	 2.924845274925964E-5	 2.436959944858646E-9	 2.2393482832409792E-7	 
11.0	 0.011748018097598916	 4.532412413519884E-5	 44.78381369255856	 23677.744904409476	 1.9728125932434968	 287.5549713566136	 24602.5487	 2.049866577125239	 289.87040156209855	 1468.4716988473144	 1.290245776350823	 924.8037955905244	 0.0770539838817422	 2.315430205484944	 3.8828170847812364E-4	 0.7855613915506129	 1263.344938689261	 2.9020288052035095E-5	 2.417949427183276E-9	 2.2756175246487284E-7	 
12.5	 0.011872997013530819	 4.6819352165977674E-5	 43.108707719707006	 20560.69824131045	 1.7131025180013146	 290.1246251336156	 21455.540764999976	 1.7876601503616385	 292.551891787641	 1460.187814136119	 1.2905566514317162	 894.8425236895291	 0.07455763236032394	 2.4272666540254297	 3.8828170847812364E-4	 0.7928283466507362	 1225.7843556129822	 2.8769649036884674E-5	 2.3970663655807827E-9	 2.31157352013244E-7	 
14.0	 0.011997975929462723	 4.850543326272632E-5	 41.33493307537234	 17938.513237899097	 1.494623958601818	 292.36656107151833	 18801.40379	 1.5665193757814528	 294.9016708513132	 1450.5381076430033	 1.2909224130578967	 862.8905521009049	 0.07189541717963512	 2.5351097797948823	 3.8828170847812364E-4	 0.7991963500796734	 1185.8937863416686	 2.8499452578118617E-5	 2.3745537919106354E-9	 2.3471918270110997E-7	 
15.5	 0.012122954845394626	 5.0380486059727314E-5	 39.48990170730309	 17789.62431765849	 1.4822186413711895	 294.5898890335751	 18618.336490000016	 1.5512663406504006	 297.2285703622888	 1439.3721362448998	 1.2913506114851858	 828.7121723415272	 0.06904769927921116	 2.638681328713699	 3.8828170847812364E-4	 0.8055023489260192	 1144.2869561654722	 2.821688624815514E-5	 2.3510105695121744E-9	 2.3824569855537824E-7	 
17.0	 0.012247933761326529	 5.244242334901422E-5	 37.61553587467879	 17544.67578497113	 1.4618097066549383	 296.7826035935575	 18338.37478999999	 1.5279401341380965	 299.52048056349594	 1427.1769658936691	 1.2918244876172877	 793.699005028862	 0.06613042748315832	 2.7378769699384367	 3.8828170847812364E-4	 0.8117135252215875	 1101.7239467402817	 2.7920636790830475E-5	 2.32632727883094E-9	 2.417351894736246E-7	 
18.49999999999997	 0.012372912677258431	 5.4688955122784156E-5	 35.73638681487561	 15335.10502106755	 1.2777098674899403	 298.69916839479237	 16093.438234999987	 1.3408936428182283	 301.53182102772325	 1413.973245392365	 1.2923450273888166	 758.333213932438	 0.06318377532828817	 2.832652632930869	 3.8828170847812364E-4	 0.8171643453310079	 1058.7395598353569	 2.7613368970716937E-5	 2.3007259461252405E-9	 2.4518627839281247E-7	 
20.0	 0.012497891593190336	 5.711759192007833E-5	 33.88023660340908	 14130.191556003338	 1.177317348386288	 300.4651444173718	 14853.50828	 1.237583575079967	 303.3881963903432	 1400.0718317786987	 1.2929016713009234	 723.3167239966626	 0.0602662266936791	 2.9230519729713875	 3.8828170847812364E-4	 0.8221952032773221	 1015.8788296530846	 2.729597838217522E-5	 2.274281191669952E-9	 2.485977001803174E-7	 
21.5	 0.012622870509122239	 5.972564847655261E-5	 32.063032344916664	 13131.591448722626	 1.0941147091480041	 302.10631648109376	 13820.238425000014	 1.1514922775179581	 305.1154348066201	 1385.487123472345	 1.2934953956876716	 688.6469762773879	 0.05737756836995408	 3.0091183255263187	 3.8828170847812364E-4	 0.8268760944842828	 973.5182724543413	 2.6972483421409587E-5	 2.2473278253326706E-9	 2.519686919183164E-7	 
22.99999999999997	 0.012747849425054142	 6.251024767587995E-5	 30.30025830379356	 12302.942457597577	 1.0250722740820881	 303.64392489221694	 12957.727250000005	 1.0796284697641894	 306.7348775112664	 1370.3691512619187	 1.2941216088265612	 654.7847924024283	 0.05455619568210125	 3.0909526190494705	 3.8828170847812364E-4	 0.831264854625859	 932.00028449654	 2.664383735723104E-5	 2.2199452727817896E-9	 2.552986098274891E-7	 
24.5	 0.012872828340986046	 6.546832480096786E-5	 28.60286243356124	 11029.903850171408	 0.9190036173516998	 305.0224303182445	 11651.892739999994	 0.9708272821333429	 308.19111843446643	 1354.8265791276583	 1.2947771580790035	 621.9888898285863	 0.05182366478164319	 3.168688116221935	 3.8828170847812364E-4	 0.8352113308438418	 891.5861712567639	 2.6311472894895327E-5	 2.1922529059837847E-9	 2.5858698918646475E-7	 
26.0	 0.012997807256917949	 6.859663208279093E-5	 26.980667489866203	 8925.337838582922	 0.743652698261394	 306.1379093656366	 9515.95208600005	 0.7928622505121472	 309.38041181023465	 1339.06416372757	 1.2954544781571786	 590.6142474171286	 0.04920955225075312	 3.242502444598065	 3.8828170847812364E-4	 0.8384343676016333	 852.50024415341	 2.5975695707431847E-5	 2.164276193394552E-9	 2.618334034765566E-7	 
27.49999999999997	 0.013122786172849852	 7.189174354417205E-5	 25.43923423217121	 9708.531468943778	 0.8089078255195752	 307.3512711039159	 10269.128338500033	 0.8556163515408814	 310.66383633754594	 1323.2193381773309	 1.2961483747152913	 560.596869556255	 0.04670852602130626	 3.3125652336300244	 3.8828170847812364E-4	 0.8419125038728484	 814.8934621451592	 2.563870754400504E-5	 2.1361985831632417E-9	 2.6503770135130143E-7	 
29.0	 0.013247765088781756	 7.535006013533716E-5	 23.9823841361695	 10439.750181642008	 0.8698324402010063	 308.6560197642174	 10971.79985	 0.91416243404988	 312.03507998862074	 1307.457539169075	 1.2968519590309504	 532.049668357992	 0.0443299938488737	 3.379060224403335	 3.8828170847812364E-4	 0.8456286337877632	 778.8770605519345	 2.5301285068081076E-5	 2.108084786328551E-9	 2.6819982853079425E-7	 
30.5	 0.013372744004713659	 7.896781515749008E-5	 22.611434416579367	 9806.51731297605	 0.8170719352287924	 309.88162766706057	 10311.763857999982	 0.8591687122124129	 313.32383305693935	 1291.9112512309227	 1.297559295018658	 505.2465450239324	 0.04209677698362045	 3.4422053898787657	 3.8828170847812364E-4	 0.8491212106367886	 744.5150726244989	 2.496283984520603E-5	 2.079885774957048E-9	 2.713196571932298E-7	 
31.99999999999997	 0.013497722920645562	 8.274107997001513E-5	 21.32458523970059	 7561.043885088655	 0.6299807120479514	 310.8265987351325	 8041.226757000066	 0.6699892019016555	 314.32881685979186	 1276.6122090713216	 1.298268692799833	 480.1828719114111	 0.040008489853704116	 3.502218124659322	 3.8828170847812364E-4	 0.8518447604383558	 711.8175455803247	 2.4624109777270468E-5	 2.0516630305009637E-9	 2.7439715173898125E-7	 
33.5	 0.013622701836577466	 8.666576997620767E-5	 20.115865818310596	 8082.734445272511	 0.6734475924904085	 311.8367701238682	 8539.12368200003	 0.711473613856538	 315.3960272805767	 1261.3809818879802	 1.2989884074558076	 456.38923672751946	 0.03802602136612947	 3.559257156708516	 3.8828170847812364E-4	 0.8547369470800796	 680.7265655693917	 2.4288470757566957E-5	 2.023697829949636E-9	 2.774326984839057E-7	 
35.0	 0.013747680752509369	 9.073765088166461E-5	 18.9808360961221	 8070.749307853575	 0.6724489995024662	 312.84544362312187	 8504.499054999971	 0.7085887149585287	 316.45891035301446	 1246.13620925351	 1.299722560708371	 433.7497471463953	 0.036139715456062455	 3.6134667298926098	 3.8828170847812364E-4	 0.8576174064196337	 651.1932586059432	 2.395698991512419E-5	 1.9960790857225083E-9	 2.8042681711248944E-7	 
36.49999999999997	 0.013872659668441272	 9.495234521863488E-5	 17.924000703405156	 7433.415466369486	 0.6193468044388681	 313.77446382978013	 7846.327746500027	 0.6537503572026585	 317.43953588881845	 1231.419289390968	 1.3004447237208074	 412.9122801305407	 0.03440355276379025	 3.665072059038295	 3.8828170847812364E-4	 0.8602749442584227	 623.2844930938668	 2.3625768206569095E-5	 1.968481932343623E-9	 2.833795400110049E-7	 
38.0	 0.013997638584373176	 9.930533912872713E-5	 16.935299976232102	 7374.760774201971	 0.6144597378779245	 314.69615343659706	 7767.940105	 0.6472191555645703	 318.41036462216533	 1216.839836724989	 1.3011734757350926	 393.1793307980288	 0.032759417686645906	 3.714211185568264	 3.8828170847812364E-4	 0.8629059323365963	 596.8616487824096	 2.3299172192342645E-5	 1.9412701884731545E-9	 2.862914452937146E-7	 
39.5	 0.014122617500305079	 1.0379198939541336E-4	 16.011416836899386	 6214.463532877977	 0.5177846102916239	 315.47283035203446	 6589.132185999988	 0.5490017316921941	 319.2338672197036	 1202.4419322074668	 1.301906496594232	 374.6686531220116	 0.031217121400570237	 3.7610368676691195	 3.8828170847812364E-4	 0.8651376601811142	 571.8727711610642	 2.2976380203776182E-5	 1.9143753932714614E-9	 2.891630083836218E-7	 
40.99999999999997	 0.014247596416236982	 1.0840753071675346E-4	 15.152008186874715	 6383.819333367035	 0.531895213192892	 316.27067317182383	 6741.330198000008	 0.5616827600566963	 320.07639135978866	 1188.5096474817026	 1.302628737500003	 357.51086463297315	 0.02978754686380429	 3.805718187964826	 3.8828170847812364E-4	 0.8674209372329743	 548.3054823037123	 2.2656399199066955E-5	 1.887714807213221E-9	 2.9199458059444163E-7	 
42.5	 0.014372575332168886	 1.131470832076891E-4	 14.34979510040559	 5500.406046817406	 0.45828985661101695	 316.9581079567403	 5841.733743000004	 0.48672903357530717	 320.8064849101516	 1174.801899961335	 1.303352035641538	 341.32769618259874	 0.028439176964290176	 3.8483769534112615	 3.8828170847812364E-4	 0.8693995224983014	 526.0453486986163	 2.2341397983095896E-5	 1.8614691335536916E-9	 2.9478678429477217E-7	 
44.0	 0.01449755424810079	 1.1800566012012975E-4	 13.602241804070992	 6130.3615560452145	 0.5107772943634314	 317.72427389828545	 6456.565039999983	 0.5379563328953495	 321.6134194094946	 1161.4255796311033	 1.3040702624441614	 326.20348395476907	 0.027179038531918047	 3.8891455112091387	 3.8828170847812364E-4	 0.8715863500763434	 505.04345876927033	 2.203058322635631E-5	 1.8355722726517238E-9	 2.9754014270374974E-7	 
45.49999999999997	 0.014622533164032692	 1.2297817576790282E-4	 12.906546937159417	 4865.271198955645	 0.4053708801067921	 318.33233021844563	 5177.412144000031	 0.4313782380598636	 322.2604867665844	 1148.4672470730761	 1.3047780002366185	 312.1409450443857	 0.026007357953071433	 3.928156548138746	 3.8828170847812364E-4	 0.8733399307479924	 485.24604745174946	 2.1723660506434786E-5	 1.809999693444615E-9	 3.0025514224391666E-7	 
47.0	 0.014747512079964597	 1.2805945364242286E-4	 12.257536666934705	 6940.573583742889	 0.5782835749611945	 319.1997555808874	 7239.441487	 0.6031850326651377	 323.1652643155821	 1135.789264446964	 1.3054820565419685	 298.8679032571105	 0.024901457703943097	 3.9655087346946605	 3.8828170847812364E-4	 0.8757919172447307	 466.5625127838731	 2.142202731869351E-5	 1.7848678342359556E-9	 3.029324439952706E-7	 
48.5	 0.0148724909958965	 1.3324423470372084E-4	 11.654129396353376	 4515.36553046752	 0.37621699268940967	 319.76408106992153	 4801.990043000009	 0.4000983399266234	 323.76541182547203	 1123.6047175790177	 1.3061697759201572	 286.6245125324886	 0.023881347237213784	 4.001330755550481	 3.8828170847812364E-4	 0.8774183430904333	 448.96307543639745	 2.1123908303551544E-5	 1.760028773348536E-9	 3.055724871552934E-7	 
49.99999999999997	 0.014997469911828402	 1.3852718583022387E-4	 11.090025905480974	 6026.715061767245	 0.5021415433667629	 320.51729338497165	 6301.75525099996	 0.5250576931587697	 324.55299836521016	 1111.6170731714165	 1.306857179877224	 275.0401892327146	 0.02291614979200682	 4.035704980238491	 3.8828170847812364E-4	 0.8795527368567132	 432.33754022982265	 2.0831270391733293E-5	 1.7356463940287887E-9	 3.081759567463366E-7	 
51.5	 0.015122448827760307	 1.439029084094354E-4	 10.564095298874319	 4566.277718716186	 0.3804589594194358	 321.0879818241008	 4830.497319499987	 0.4024735456020489	 325.1567086836132	 1099.9978346328483	 1.3075338800904728	 264.2196007837997	 0.02201458618261305	 4.06872685951241	 3.8828170847812364E-4	 0.8811888180683942	 416.65445017016964	 2.0543178872730805E-5	 1.7116428168727178E-9	 3.107434209716457E-7	 
53.0	 0.01524742774369221	 1.4936594705040957E-4	 10.075363805607441	 6077.720835310718	 0.5063913075559171	 321.8475687854347	 6331.958405999982	 0.527574198205187	 325.948069980921	 1088.9415328204632	 1.3081875008301647	 254.23757068926398	 0.021182890649269908	 4.1005011954863155	 3.8828170847812364E-4	 0.8833334415918112	 401.88588348351743	 2.025894676091958E-5	 1.6879608027345827E-9	 3.1327536217574755E-7	 
54.49999999999997	 0.015372406659624112	 1.549107983977064E-4	 9.617044914892832	 3886.1413139813953	 0.3237904857197182	 322.33325451401424	 4130.846074499987	 0.34417910951504455	 326.46433864519355	 1077.997650194826	 1.3088439673360588	 244.70476051859114	 0.020388623795326365	 4.131084131179305	 3.8828170847812364E-4	 0.8847325521189101	 387.9112466043612	 1.9980542676511962E-5	 1.6647643756277305E-9	 3.1577250873918916E-7	 
56.0	 0.015497385575556017	 1.6053192002531987E-4	 9.18889305876332	 4719.224600963305	 0.39320238311170874	 322.9230580886818	 4955.061958	 0.412852181257503	 327.0836169170798	 1067.3854853241914	 1.3094897140097905	 235.8373570366947	 0.01964979814579423	 4.160558828397996	 3.8828170847812364E-4	 0.8864108231614118	 374.71358591897354	 1.9706475325900914E-5	 1.641929282046599E-9	 3.1823540266225903E-7	 
57.5	 0.01562236449148792	 1.662237393879254E-4	 8.7888544388672	 4582.735924624031	 0.3818302452411335	 323.49580345654346	 4810.206330499972	 0.40078291506311026	 327.6847912896744	 1057.119789515099	 1.310123125967279	 227.47040587594057	 0.018952669821976742	 4.188987833130962	 3.8828170847812364E-4	 0.8880400318496912	 362.2476995777566	 1.9437410590643903E-5	 1.619511002761315E-9	 3.20664669166401E-7	 
59.0	 0.015747343407419824	 1.7198066280573474E-4	 8.416111667592128	 4289.310023716025	 0.35738221123991704	 324.0318767734033	 4509.071475	 0.3756925765366457	 328.2483301544794	 1047.3507514033467	 1.3107340143767598	 219.76145128397476	 0.01831036529672864	 4.216453381076055	 3.8828170847812364E-4	 0.8895672466755009	 350.4891980412788	 1.917232613658876E-5	 1.5974243576291734E-9	 3.2306080570284474E-7	 
60.49999999999997	 0.015872322323351725	 1.7779708445823895E-4	 8.065449733504103	 3718.977521878699	 0.30986251937301085	 324.49667055246283	 3931.327468	 0.3275553634159697	 328.73966319960334	 1037.6631485362793	 1.3113477572491206	 212.34994612130086	 0.017692844042958848	 4.242992647140493	 3.8828170847812364E-4	 0.8908987805905277	 339.3406742930603	 1.891283378568103E-5	 1.575803642489794E-9	 3.254245111665794E-7	 
62.0	 0.01599730123928363	 1.836673953612336E-4	 7.73719754322092	 4249.303018646266	 0.3540488564910499	 325.0277438371994	 4454.722595	 0.3711642671336369	 329.2964096003038	 1028.3028080676238	 1.3119484010849525	 205.41957635373475	 0.017115410642587082	 4.268665763104374	 3.8828170847812364E-4	 0.8924075875432835	 328.79688797829914	 1.8657805434283147E-5	 1.5545548645633887E-9	 3.277563434634245E-7	 
63.5	 0.016122280155215534	 1.8958599230073432E-4	 7.430320266396964	 3866.353555434613	 0.3221417839784521	 325.51095651316706	 4065.3089225000003	 0.3387186013748961	 329.8044875023661	 1019.344819938457	 1.3125303586595094	 198.95536706538712	 0.016576817396443996	 4.29353098919904	 3.8828170847812364E-4	 0.8937845007486654	 318.83081310502087	 1.8407167516394858E-5	 1.5336718943839837E-9	 3.300568513050005E-7	 
64.99999999999997	 0.016247259071147435	 1.9554728669674725E-4	 7.142575873933528	 5274.435294014512	 0.4394621367992691	 326.17014971836596	 5467.2655659999255	 0.4555286157003298	 330.4877804259166	 1010.6855148495366	 1.3130996391741367	 192.83027198541356	 0.016066478901060707	 4.317630707550631	 3.8828170847812364E-4	 0.8956362542804795	 309.39511232873167	 1.816131891288716E-5	 1.513187966417474E-9	 3.323266332546267E-7	 
66.5	 0.01637223798707934	 2.0154571336934073E-4	 6.873120881298583	 3935.3227900442917	 0.3278882507612326	 326.6619820945078	 4122.460881	 0.3434804612527062	 331.00300111779563	 1002.3951322260602	 1.3136509485381664	 187.13809095570815	 0.015592210491473557	 4.341019023287841	 3.8828170847812364E-4	 0.8970325247568272	 300.46665009914113	 1.791974082090716E-5	 1.4930598543851021E-9	 3.345662230362044E-7	 
68.0	 0.016497216903011244	 2.07575739179131E-4	 6.61935376794695	 3940.727770895385	 0.3283385898595009	 327.154489979297	 4122.460881	 0.3434804612527062	 331.5182218096747	 994.2728405949415	 1.3141868382890223	 181.73311010461475	 0.015141871393205324	 4.363731830377649	 3.8828170847812364E-4	 0.8984287952331748	 291.99185060342626	 1.7682733933271285E-5	 1.473312611795018E-9	 3.3677619195389693E-7	 
69.49999999999997	 0.016622195818943145	 2.1363187151411466E-4	 6.3817063593840695	 3686.216099541276	 0.30713286134093193	 327.6151892713084	 3862.918318500047	 0.3218555625197513	 332.0010051534543	 986.5479917616507	 1.3147079550660414	 176.702218958771	 0.014722701178819348	 4.385815882145878	 3.8828170847812364E-4	 0.8997371590858246	 283.97053992165786	 1.7450108133342586E-5	 1.4539303982664307E-9	 3.3895708755129656E-7	 
71.0	 0.01674717473487505	 2.197086665948021E-4	 6.1569829026161225	 5075.750069800919	 0.4229078275100011	 328.2495510125734	 5247.532416	 0.43722060844613453	 332.6568360661235	 978.8867011936456	 1.315241127437285	 171.78234619908142	 0.014312780936133411	 4.407285053550078	 3.8828170847812364E-4	 0.9015144893741258	 276.338654273012	 1.722260090032741E-5	 1.4349746600338283E-9	 3.411095495413473E-7	 
72.5	 0.016872153650806954	 2.2580073756979952E-4	 5.9466838049849375	 3781.9391661773834	 0.3151084380728373	 328.7222136696827	 3949.246017	 0.32904832396869815	 333.15040855207656	 971.6713736827862	 1.3157578575922264	 167.30685082261635	 0.013939885895860845	 4.4281948823938695	 3.8828170847812364E-4	 0.9028520922711685	 269.1160971378597	 1.6999095242603698E-5	 1.416352330162524E-9	 3.432340780365911E-7	 
73.99999999999997	 0.016997132566738855	 2.3190276237441913E-4	 5.748188066692563	 4105.168061475198	 0.34203963602762893	 329.23527312372414	 4268.196894999986	 0.3556230806140095	 333.68384317299757	 964.623823634267	 1.3162759788924552	 163.02883352478852	 0.013583444586380543	 4.448570049273441	 3.8828170847812364E-4	 0.9042977232871459	 262.2492827788083	 1.678018154435838E-5	 1.3981125990362947E-9	 3.4533124693514555E-7	 
75.5	 0.01712211148267076	 2.380094913255018E-4	 5.56236991928739	 4822.493369509563	 0.40180666227339806	 329.83798311713423	 4981.555241	 0.41505958245004776	 334.3064325466726	 958.0255698943181	 1.3167728581950997	 159.06187149043686	 0.013252920176649682	 4.468449429538415	 3.8828170847812364E-4	 0.9059849675594591	 255.74813788417396	 1.6565498795111312E-5	 1.380225387522842E-9	 3.474015850164298E-7	 
77.0	 0.017247090398602664	 2.4411575442647514E-4	 5.386592835500542	 2915.5540086682768	 0.2429218528961843	 330.20236589647845	 3070.830556	 0.25585938259962937	 334.69022162057206	 951.556880844703	 1.3172708508665423	 155.2765473317229	 0.012937529703445073	 4.487855724093583	 3.8828170847812364E-4	 0.9070250526365475	 249.55872150609804	 1.6355234602808878E-5	 1.3627063269806718E-9	 3.4944564450690086E-7	 
78.49999999999997	 0.017372069314534565	 2.502164683577167E-4	 5.220495728258319	 4517.315387168063	 0.3763794533405139	 330.76693507648923	 4668.980623	 0.38901609117973523	 335.27374575734166	 945.2664592168409	 1.3177652619410392	 151.665235831937	 0.012636637839221301	 4.506810680852415	 3.8828170847812364E-4	 0.9086064284183238	 243.66874472820948	 1.6149282138622626E-5	 1.3455465165090037E-9	 3.514639642816644E-7	 
80.0	 0.01749704823046647	 2.563066431285417E-4	 5.063707203601089	 2834.929110619755	 0.23620424465936798	 331.12124144347825	 2983.179791	 0.24855638420609472	 335.6465803336508	 939.1973439636082	 1.3182515958354095	 148.25068038024492	 0.012352139546726737	 4.525338890172505	 3.8828170847812364E-4	 0.9096168263306503	 238.066132905289	 1.5947520511769677E-5	 1.328735883575178E-9	 3.5345706810702716E-7	 
81.5	 0.017622027146398375	 2.6238138836859125E-4	 4.916041308227306	 4470.173561707971	 0.37245163051314506	 331.679918889248	 4615.230971	 0.3845377090206172	 336.2233868971817	 933.423494990906	 1.318722620760389	 145.05740929202895	 0.012086078507472123	 4.543468007933713	 3.8828170847812364E-4	 0.9111799971968755	 232.74267892722932	 1.5749883264033614E-5	 1.3122688909286325E-9	 3.554254714434201E-7	 
82.99999999999997	 0.017747006062330276	 2.684359192380585E-4	 4.775898593893987	 3267.9577692183316	 0.27228387953876554	 332.0883447085561	 3409.9067100000266	 0.28411096269648434	 336.6495533412264	 927.7429304997096	 1.319193852768485	 141.94894078169511	 0.011827083157718802	 4.561208632670291	 3.8828170847812364E-4	 0.9123349267895895	 227.6636326446816	 1.5556365748717376E-5	 1.2961451514099265E-9	 3.5736968917053496E-7	 
84.5	 0.01787198497826218	 2.7446556193800714E-4	 4.64446331492388	 4651.3398606350465	 0.38754627560867905	 332.6696641219691	 4790.475763000027	 0.39913897843853396	 337.2482618088842	 922.4802012207298	 1.3196372328888497	 139.13590236497984	 0.011592702829854886	 4.5785976869150735	 3.8828170847812364E-4	 0.9139574527682746	 222.84732189816165	 1.5366900951502688E-5	 1.2803590814344935E-9	 3.592902277926867E-7	 
86.0	 0.017996963894194085	 2.8046575880405814E-4	 4.517920482518151	 473.96073951589494	 0.039490066279319856	 332.72889922138813	 610.2436456	 0.05084505952094709	 337.3245293981656	 916.9671859092076	 1.320108612999735	 136.28290608410506	 0.011354993241627233	 4.595630176777514	 3.8828170847812364E-4	 0.9141641412512769	 218.21652751036788	 1.5181343841440957E-5	 1.2648985971285122E-9	 3.6118757568837945E-7	 
87.49999999999997	 0.018121942810125986	 2.8643207296886065E-4	 4.399101072677033	 4331.780865632768	 0.36092085109423017	 333.2702804980295	 4465.469189500048	 0.37205966562068743	 337.8826188965967	 911.848394559609	 1.3205525214659906	 133.6883238672795	 0.011138814526457198	 4.6123383985672	 3.8828170847812364E-4	 0.9156765880572795	 213.82175079351921	 1.4999784706394605E-5	 1.2497712212114275E-9	 3.6306223252019657E-7	 
89.0	 0.01824692172605789	 2.923601925810524E-4	 4.286275440707582	 3194.683354330363	 0.26617870824660367	 333.6695485603994	 3325.775109	 0.27710117850408517	 338.2982706643528	 906.8532908136816	 1.3209914031374832	 131.09175466963742	 0.010922470257481545	 4.6287221039534225	 3.8828170847812364E-4	 0.9168030224200822	 209.62604271519916	 1.4821907450007904E-5	 1.2349506167633267E-9	 3.6491465844534156E-7	 
90.5	 0.018371900641989795	 2.982459345708046E-4	 4.180717435083037	 4233.3214390644325	 0.3527172828303719	 334.1986244846449	 4362.163764	 0.36345233222810075	 338.8434491626949	 902.3306580136605	 1.3213935576594884	 128.8423249355676	 0.010735049397728853	 4.644824678050016	 3.8828170847812364E-4	 0.9182804798544845	 205.65107216431787	 1.4648237389153613E-5	 1.2204805528063954E-9	 3.6674537927455116E-7	 
91.99999999999997	 0.018496879557921696	 3.0408524795452817E-4	 4.079443857181533	 3269.4316336732904	 0.2724066808599731	 334.60723450593485	 3395.960464	 0.2829489715588823	 339.26787262003324	 897.7146357410287	 1.3218086388248662	 126.52883032670921	 0.010542290698909237	 4.66063811409838	 3.8828170847812364E-4	 0.9194306858774405	 201.83515289200622	 1.447799753291942E-5	 1.2062962910193604E-9	 3.685548237110802E-7	 
93.5	 0.0186218584738536	 3.0987421667384745E-4	 3.9845961509755576	 4138.00791634347	 0.3447758290014941	 335.1243982494371	 4262.513468000041	 0.3551495415838553	 339.800596932409	 893.5386764672706	 1.3221881167980136	 124.50555165657082	 0.01037371258236121	 4.676198682971922	 3.8828170847812364E-4	 0.9208743919263767	 198.21753136217322	 1.4311977486863643E-5	 1.1924636207666833E-9	 3.7034351914223025E-7	 
95.0	 0.018746837389785505	 3.156090619665195E-4	 3.8928904770644817	 2097.9957752351606	 0.1748034917457357	 335.38660348705565	 2220.376695	 0.18500018153437495	 340.07809720471056	 889.1332330400603	 1.3225924781891638	 122.38091976483946	 0.010196689788639255	 4.691493717654881	 3.8828170847812364E-4	 0.9216264297297886	 194.7301175868131	 1.4149054040374865E-5	 1.1788889569519786E-9	 3.721118525776582E-7	 
96.49999999999997	 0.018871816305717406	 3.212861442695557E-4	 3.8071408744662736	 4278.168659676525	 0.35645392084014405	 335.92128436831587	 4398.702798500037	 0.36649673817544276	 340.6278423119737	 885.1924679658702	 1.3229576477827085	 120.53413882351168	 0.01004281733529869	 4.706557943657828	 3.8828170847812364E-4	 0.9231162628729191	 191.42631399461257	 1.3990399747039044E-5	 1.1656699958926098E-9	 3.738603575714971E-7	 
98.0	 0.01899679522164931	 3.269019646573473E-4	 3.725196459341801	 3401.052780686878	 0.28337325970495436	 336.3463442578733	 3519.701903	 0.29325901882693156	 341.0677308402141	 881.2822712241484	 1.3233231714121456	 118.64912231312192	 0.00988575912197719	 4.721386582340794	 3.8828170847812364E-4	 0.9243083799104278	 188.26056721526558	 1.3834869253919892E-5	 1.152711307609686E-9	 3.7558942453291164E-7	 
99.5	 0.019121774137581215	 3.324531658201102E-4	 3.6477596014306233	 3409.8252597865276	 0.28410417632356066	 336.7725005223586	 3526.7940909999998	 0.29384993480548166	 341.5085057424223	 877.6200602989237	 1.3236683561131448	 116.96883121347213	 0.009745758481921019	 4.736005220063675	 3.8828170847812364E-4	 0.9255028990599281	 185.2446206459471	 1.3683430450148198E-5	 1.1400935359260788E-9	 3.7729956483680077E-7	 
100.99999999999997	 0.019246753053513116	 3.37936532590391E-4	 3.572764090032839	 2505.094589037529	 0.20872267069652492	 337.0855845284034	 2620.29285	 0.21832090654474498	 341.8359871022394	 873.7573963776583	 1.3240353766763449	 115.19826096247057	 0.00959823584822005	 4.750402573836006	 3.8828170847812364E-4	 0.9263903877836421	 182.33418524318503	 1.3534677195700874E-5	 1.1276995222712995E-9	 3.7899111412020774E-7	 
102.5	 0.01937173196944502	 3.4334899202771236E-4	 3.5020519980107263	 3712.5026589820973	 0.3093230384759275	 337.54956908611734	 3826.1069979999857	 0.3187884698996716	 342.31416980708894	 870.1843184300069	 1.3243775374537732	 113.6043390178883	 0.009465431423744073	 4.764600720971622	 3.8828170847812364E-4	 0.9276862837047597	 179.56451107635033	 1.3389881177500935E-5	 1.1156352226807097E-9	 3.806645669542288E-7	 
104.0	 0.019496710885376925	 3.486876130736487E-4	 3.4358385324666187	 4061.2565529061003	 0.33838096086902875	 338.05714052742087	 4173.413047	 0.3477257589000811	 342.83575844543907	 867.0090688508448	 1.324683718231609	 112.15649409389971	 0.00934479803105234	 4.7786179180182	 3.8828170847812364E-4	 0.9290998115929168	 176.93821121276835	 1.3248975220663192E-5	 1.103895040191424E-9	 3.823204095145159E-7	 
105.49999999999997	 0.019621689801308826	 3.539496057916915E-4	 3.3720771768644844	 2673.4528122817424	 0.22275015618271368	 338.3912657616949	 2784.1595925000124	 0.23197416510137425	 343.1837196930911	 863.7633780288454	 1.3249987262899703	 110.70678021827005	 0.009224008918660584	 4.7924539313961905	 3.8828170847812364E-4	 0.9300428017031115	 174.41132715983608	 1.311106122362036E-5	 1.0924041456299247E-9	 3.8395901573296083E-7	 
107.0	 0.01974666871724073	 3.5913232020818176E-4	 3.3111426836489044	 4180.627368839485	 0.34832685098186955	 338.9137560381677	 4289.927256	 0.3574336385877366	 343.7198701509727	 860.5769177089817	 1.325309964673209	 109.2998871605154	 0.009106787605867053	 4.806114112804991	 3.8828170847812364E-4	 0.9314957927553343	 171.98962623429878	 1.2976343582854E-5	 1.081179569163336E-9	 3.855807850867058E-7	 
108.5	 0.019871647633172635	 3.642332447723104E-4	 3.2525618317949045	 2310.5622784494867	 0.192514379169177	 339.2025276069215	 2418.4738875000003	 0.20150549644624402	 344.0221283956421	 857.3613343302087	 1.3256260127962214	 107.91160905051348	 0.00899111727706703	 4.819600788720591	 3.8828170847812364E-4	 0.9323149257403185	 169.66145984227776	 1.2844592643401165E-5	 1.0702021761061191E-9	 3.87186088350865E-7	 
109.99999999999997	 0.019996626549104536	 3.6925000445475113E-4	 3.1974766474952916	 3230.1314181132757	 0.26913221530225256	 339.6062259298749	 3336.837096	 0.2780228552662937	 344.43916267854155	 854.4527834132498	 1.3259135653328775	 106.70567788672462	 0.008890639964041144	 4.832936748666653	 3.8828170847812364E-4	 0.9334451067792702	 167.44898903752232	 1.2717051937892997E-5	 1.059575576698385E-9	 3.8877545171591255E-7	 
111.5	 0.02012160546503644	 3.7418035850582317E-4	 3.144422837998553	 2636.979344738643	 0.21971121322683765	 339.9357927497152	 2742.4106429999715	 0.22849567280150032	 344.7819061877438	 851.497783115778	 1.326207327891016	 105.43129826132868	 0.008784459574662683	 4.846113438028647	 3.8828170847812364E-4	 0.9343739565914031	 165.3200654560683	 1.2591745568184985E-5	 1.0491351405347386E-9	 3.9034915442671466E-7	 
113.0	 0.020246584380968345	 3.790221978952345E-4	 3.095156886297905	 4627.848517001371	 0.38558899383459866	 340.51417624046707	 4732.218176	 0.39428499839315273	 345.37333368533353	 849.0051151711023	 1.3264563840594759	 104.36965899862918	 0.008696004558554064	 4.8591574448664785	 3.8828170847812364E-4	 0.9359767508246335	 163.3101641160691	 1.2471010195396691E-5	 1.0390755565309286E-9	 3.9190776776151107E-7	 
