Kurbelwinkel [°KW]	Zeit [s n. Rechenbeginn]	Brennraumvolumen [m3]	p_mitWandwärmeverlust [Pa]	p_Reale Ladung [Pa]	p_Verbrennungslage [Pa]	p_HC_CO [Pa]	p_realer Brennverlauf [Pa]
-128.5	 1.2497891593190336E-4	 4.2596733887179046E-4	 121035.60840806113	 121035.60840806113	 121035.60840806113	 121035.60840806113	 121035.60840806113	 
-127.0	 2.499578318638067E-4	 4.22188731962874E-4	 122487.43700756936	 122492.6676956361	 122492.6676956361	 122492.6676956361	 122469.1851804072	 
-125.5	 3.749367477957101E-4	 4.1830503699352305E-4	 124020.36600433881	 124023.34495969421	 124023.34495969421	 124023.34495969421	 123983.9013236346	 
-124.0	 4.999156637276134E-4	 4.1431715917825205E-4	 125641.09629578466	 125631.02347306786	 125631.02347306786	 125631.02347306786	 125586.54861564412	 
-122.5	 6.248945796595168E-4	 4.1022609678479304E-4	 127447.22354012905	 127319.30679542964	 127319.30679542964	 127319.30679542964	 127374.76316106916	 
-121.0	 7.498734955914202E-4	 4.060329457062269E-4	 129299.62413905091	 129092.03589280086	 129092.03589280086	 129092.03589280086	 129209.48506694079	 
-119.5	 8.748524115233235E-4	 4.0173890396502025E-4	 131191.29352195447	 130953.30645118453	 130953.30645118453	 130953.30645118453	 131083.66302476937	 
-118.0	 9.998313274552268E-4	 3.973452761258489E-4	 133128.38408304562	 132907.48732033002	 132907.48732033002	 132907.48732033002	 133003.43312314406	 
-116.5	 0.0011248102433871303	 3.928534775932957E-4	 135164.30405571693	 134959.2404011915	 134959.2404011915	 134959.2404011915	 135022.16965291832	 
-115.0	 0.0012497891593190335	 3.8826503876985874E-4	 137360.83910675778	 137113.54218091993	 137113.54218091993	 137113.54218091993	 137201.70585128476	 
-113.5	 0.001374768075250937	 3.8358160904919614E-4	 139727.4481224582	 139375.70709822964	 139375.70709822964	 139375.70709822964	 139551.6452239786	 
-112.0	 0.0014997469911828404	 3.788049606191895E-4	 142108.50152739885	 141751.41292531288	 141751.41292531288	 141751.41292531288	 141916.34003017936	 
-110.5	 0.0016247259071147436	 3.73936992049243E-4	 144694.733010839	 144246.72836506716	 144246.72836506716	 144246.72836506716	 144486.57341289875	 
-109.0	 0.001749704823046647	 3.6897973163626396E-4	 147369.64748274803	 146868.14307983304	 146868.14307983304	 146868.14307983304	 147145.86196215637	 
-107.5	 0.0018746837389785503	 3.639353404839962E-4	 150182.4935216248	 149622.60038868722	 149622.60038868722	 149622.60038868722	 149943.5782148418	 
-106.0	 0.0019996626549104537	 3.5880611529081957E-4	 153010.4059434084	 152517.53289417058	 152517.53289417058	 152517.53289417058	 152756.70209489498	 
-104.5	 0.002124641570842357	 3.5359449082178593E-4	 156161.376765354	 155560.90132611967	 155560.90132611967	 155560.90132611967	 155893.45006477257	 
-103.0	 0.0022496204867742606	 3.4830304204154066E-4	 159390.2586007634	 158761.23692015733	 158761.23692015733	 158761.23692015733	 159108.7022506447	 
-101.5	 0.002374599402706164	 3.429344858858765E-4	 162861.81959446953	 162127.6876816253	 162127.6876816253	 162127.6876816253	 162567.36502446362	 
-100.0	 0.002499578318638067	 3.3749168265098347E-4	 166498.8960945901	 165670.06892260784	 165670.06892260784	 165670.06892260784	 166192.39583650095	 
-98.5	 0.0026245572345699707	 3.3197763698099585E-4	 170227.75090859522	 169398.91850054727	 169398.91850054727	 169398.91850054727	 169910.0368957318	 
-97.0	 0.002749536150501874	 3.263954984361571E-4	 174155.92681120418	 173325.55723217275	 173325.55723217275	 173325.55723217275	 173827.94756415495	 
-95.5	 0.002874515066433777	 3.2074856162586424E-4	 178306.02029480092	 177462.15500646556	 177462.15500646556	 177462.15500646556	 177968.7860703135	 
-94.0	 0.0029994939823656808	 3.1504026589294134E-4	 182804.93703299362	 181821.80317561014	 181821.80317561014	 181821.80317561014	 182459.77355914257	 
-92.5	 0.003124472898297584	 3.092741945377567E-4	 187406.2564903852	 186418.59386379016	 186418.59386379013	 186418.59386379016	 187054.56419794727	 
-91.0	 0.003249451814229487	 3.03454073573185E-4	 192368.9931874867	 191267.7069007568	 191267.70690075678	 191267.7069007568	 192012.39360213425	 
-89.5	 0.0033744307301613904	 2.975837700039306E-4	 197556.45235516	 196385.50516079768	 196385.50516079765	 196385.50516079768	 197196.8032115334	 
-88.0	 0.003499409646093294	 2.916672896263115E-4	 203064.00068270785	 201789.63916852	 201789.63916851993	 201789.63916852	 202703.3441508158	 
-86.5	 0.0036243885620251973	 2.8570877434726624E-4	 208871.3360040234	 207499.16192115346	 207499.1619211534	 207499.16192115346	 208512.0498832113	 
-85.0	 0.0037493674779571005	 2.797124990240232E-4	 214845.75483483414	 213534.65497320902	 213534.65497320896	 213534.65497320902	 214490.3484363493	 
-83.5	 0.003874346393889004	 2.73682867828568E-4	 221369.47496583985	 219918.36693352557	 219918.3669335255	 219918.36693352557	 221020.84044185164	 
-82.0	 0.003999325309820907	 2.676244101437052E-4	 228118.76947010733	 226674.36563703392	 226674.36563703386	 226674.36563703392	 227780.21695026386	 
-80.5	 0.004124304225752811	 2.615417760001198E-4	 235405.79814888444	 233828.70537374655	 233828.7053737465	 233828.70537374655	 235081.05291970086	 
-79.0	 0.004249283141684714	 2.5543973106637616E-4	 243072.48863472123	 241409.61068494723	 241409.61068494717	 241409.61068494723	 242765.82125984348	 
-77.5	 0.0043742620576166175	 2.493231512062123E-4	 251169.4094393399	 249447.67837020065	 249447.6783702006	 249447.67837020065	 250885.60990958728	 
-76.0	 0.004499240973548521	 2.431970166197815E-4	 259874.58671544652	 257976.09948682174	 257976.09948682168	 257976.09948682174	 259619.0468020906	 
-74.5	 0.004624219889480424	 2.370664055876289E-4	 269072.9118156032	 267030.90326307557	 267030.9032630755	 267030.90326307557	 268851.97765071143	 
-73.0	 0.004749198805412328	 2.3093648783815675E-4	 278788.54795692704	 276651.2249836016	 276651.22498360154	 276651.2249836016	 278609.0687283166	 
-71.5	 0.004874177721344231	 2.2481251756111415E-4	 288986.6577421916	 286879.6000346501	 286879.60003465007	 286879.6000346501	 288856.4147258368	 
-70.0	 0.004999156637276134	 2.1869982609121533E-4	 300048.7284924622	 297762.286409749	 297762.28640974895	 297762.286409749	 299976.51898749697	 
-68.5	 0.005124135553208038	 2.1260381428736105E-4	 311632.33042669087	 309349.6180625289	 309349.61806252884	 309349.6180625289	 311628.13295944984	 
-67.0	 0.005249114469139941	 2.0652994463407276E-4	 324060.1011506991	 321696.3915379416	 321696.3915379415	 321696.3915379416	 324135.24642095476	 
-65.5	 0.005374093385071844	 2.0048373309267806E-4	 337240.93634344614	 334862.2882963894	 334862.28829638934	 334862.2882963894	 337408.1768344702	 
-64.0	 0.005499072301003748	 1.9447074073047674E-4	 351431.53444441746	 348912.3350413013	 348912.33504130127	 348912.3350413013	 351705.3262938702	 
-62.5	 0.0056240512169356514	 1.884965651565961E-4	 366483.91765272303	 363917.40413515025	 363917.4041351502	 363917.40413515025	 366880.86674231	 
-61.0	 0.005749030132867554	 1.8256683179349934E-4	 382624.48883753177	 379954.7557969438	 379954.75579694373	 379954.7557969438	 383163.2890924101	 
-59.5	 0.005874009048799458	 1.7668718501316809E-4	 399755.35851942876	 397108.62315749965	 397108.6231574996	 397108.62315749965	 400457.2118517389	 
-58.0	 0.0059989879647313615	 1.7086327916683133E-4	 418230.9265860104	 415470.840331905	 415470.84033190494	 415470.840331905	 419119.9810093224	 
-56.5	 0.006123966880663264	 1.6510076953678006E-4	 437901.1143379204	 435141.51235452713	 435141.5123545271	 435141.51235452713	 439004.81916816655	 
-55.0	 0.006248945796595168	 1.594053032383084E-4	 459025.346031754	 456229.72398697905	 456229.723986979	 456229.72398697905	 460374.901356537	 
-53.500000000000014	 0.006373924712527071	 1.5378251009915848E-4	 481658.4801367977	 478854.2818964285	 478854.28189642844	 478854.2818964285	 483289.46605494805	 
-52.0	 0.006498903628458974	 1.4823799354304857E-4	 505914.3746859265	 503144.4813127026	 503144.4813127025	 503144.4813127026	 507867.17371768865	 
-50.5	 0.006623882544390878	 1.4277732150294608E-4	 531785.6968926747	 529240.8837606627	 529240.8837606626	 529240.8837606627	 534106.2566785984	 
-49.000000000000014	 0.006748861460322781	 1.3740601738871286E-4	 559753.8061655447	 557296.0865237656	 557296.0865237655	 557296.0865237656	 562494.3570769408	 
-47.5	 0.0068738403762546845	 1.3212955113263888E-4	 589874.9803864453	 587475.4567524795	 587475.4567524794	 587475.4567524795	 593095.3418597934	 
-46.0	 0.006998819292186588	 1.26953330335195E-4	 622229.1139620763	 619957.7931384603	 619957.7931384601	 619957.7931384603	 625997.6126577299	 
-44.500000000000014	 0.007123798208118491	 1.2188269153209325E-4	 656885.7466652779	 654935.8653028404	 654935.8653028402	 654935.8653028404	 661280.3817112554	 
-43.0	 0.007248777124050395	 1.169228916024625E-4	 694221.8677337657	 692616.764886677	 692616.7648866769	 692616.764886677	 699331.1030073108	 
-41.5	 0.007373756039982298	 1.1207909933665222E-4	 734359.0358945578	 733221.9821105137	 733221.9821105136	 733221.9821105137	 740283.9543365226	 
-40.000000000000014	 0.007498734955914201	 1.0735638718086194E-4	 777599.7145111855	 776987.096583652	 776987.0965836518	 776987.096583652	 784455.7413024895	 
-38.5	 0.007623713871846105	 1.027597231744906E-4	 823997.2856858905	 824160.9407210392	 824160.9407210391	 824160.9407210392	 831915.8491280726	 
-37.0	 0.007748692787778008	 9.829396309481523E-5	 873943.2677260078	 875004.0577417183	 875004.0577417181	 875004.0577417183	 883073.666241713	 
-35.5	 0.007873671703709912	 9.396384282233798E-5	 925662.4720875494	 926648.0647211757	 926648.0647211756	 926648.0647211757	 936117.3560387429	 
-34.0	 0.007998650619641815	 8.977397093892696E-5	 980233.3195108667	 981380.4404492838	 981380.4404492837	 981380.4404492838	 992168.4977730296	 
-32.500000000000014	 0.008123629535573718	 8.572882156968796E-5	 1037584.880647998	 1039996.3371444589	 1039996.3371444588	 1039996.3371444589	 1051182.4784374537	 
-31.0	 0.008248608451505622	 8.183272747837653E-5	 1101962.7274808374	 1102692.8035152429	 1102692.8035152426	 1102692.8035152429	 1117419.3622324485	 
-29.5	 0.008373587367437525	 7.808987342509373E-5	 1169233.6510931747	 1169645.8443422606	 1169645.8443422604	 1169645.8443422606	 1186780.1362105776	 
-28.000000000000014	 0.008498566283369428	 7.450428979398767E-5	 1241279.5440654382	 1240999.1591669316	 1240999.1591669314	 1240999.1591669316	 1261172.2081539773	 
-26.5	 0.008623545199301332	 7.107984649774873E-5	 1315726.5573371819	 1316850.1777139616	 1316850.1777139613	 1316850.1777139616	 1338245.1501444113	 
-25.0	 0.008748524115233235	 6.782024716479755E-5	 1398811.880651538	 1397233.1029186344	 1397233.1029186342	 1397233.1029186344	 1424247.3804302106	 
-23.500000000000014	 0.008873503031165138	 6.472902361425703E-5	 1485152.833018025	 1486976.276703329	 1486976.2767033288	 1486976.276703329	 1514002.9334537098	 
-22.0	 0.008998481947097042	 6.180953062305986E-5	 1577173.3190756538	 1582797.27337278	 1582797.2733727798	 1582797.27337278	 1609882.114315239	 
-20.5	 0.009123460863028945	 5.906494098885967E-5	 1674899.516959846	 1683562.9734023914	 1683562.9734023912	 1683562.9734023914	 1711909.8763073129	 
-19.000000000000014	 0.009248439778960848	 5.6498240891815664E-5	 1786308.960214138	 1788882.894009693	 1788882.8940096928	 1788882.894009693	 1828073.991788876	 
-17.5	 0.009373418694892752	 5.4112225557767084E-5	 1924225.6259610767	 1898163.3994742692	 1898163.399474269	 1898163.3994742692	 1971189.4782058676	 
-16.0	 0.009498397610824655	 5.190949522484199E-5	 2104975.365737373	 2010574.5477351416	 2010574.5477351414	 2010574.5477351416	 2157621.6456484664	 
-14.500000000000014	 0.009623376526756558	 4.9892451415116797E-5	 2341864.2017055606	 2125020.8797470722	 2125020.8797470722	 2125020.8797470722	 2400813.6091854335	 
-13.0	 0.009748355442688462	 4.806329351258489E-5	 2624726.454161155	 2240120.453509606	 2240120.453509606	 2240120.453509606	 2690996.470040558	 
-11.5	 0.009873334358620365	 4.6424015648374064E-5	 2943533.2813630877	 2354197.326246034	 2354197.326246034	 2354197.326246034	 3018526.0600315384	 
-10.000000000000014	 0.009998313274552268	 4.49764038939033E-5	 3272156.7422276814	 2465293.16669939	 2465293.1666993895	 2465293.16669939	 3357459.994621136	 
-8.5	 0.010123292190484173	 4.372203376243755E-5	 3589784.0907095894	 2571203.394578194	 2571203.3945781994	 2571203.3945782	 3687097.6363718994	 
-7.0	 0.010248271106416075	 4.266226801933781E-5	 3880801.6657913188	 2669541.857557592	 4022308.092771288	 4022300.9773094957	 3991789.869126581	 
-5.500000000000014	 0.010373250022347978	 4.1798254801160973E-5	 4136261.801709389	 2757835.3460020777	 5473403.956128614	 5473389.965318223	 4262393.828825074	 
-4.0	 0.010498228938279883	 4.113092604365344E-5	 4350001.159197433	 2833645.2514755456	 5619738.853961059	 5619724.511118024	 4492437.214118219	 
-2.5	 0.010623207854211785	 4.0660996218617637E-5	 4521603.884827179	 2894708.827932109	 5737554.713571322	 5737540.087634469	 4681105.561136993	 
-1.0	 0.010748186770143688	 4.038896137956317E-5	 4652144.557228506	 2939087.677042412	 5823151.40848138	 5823136.577040663	 4829021.023993317	 
0.5	 0.010873165686075593	 4.031509851602872E-5	 4742952.617415964	 3703003.491532783	 5873715.986803277	 5873701.034016359	 4937036.56348852	 
2.0	 0.010998144602007496	 4.0439465216439126E-5	 4792343.925455069	 5126435.8027304355	 5887537.993828783	 5887523.007843572	 5003011.819021446	 
3.5	 0.011123123517939398	 4.07618996393452E-5	 4804013.900094334	 5792320.304469283	 5864146.019993506	 5864131.090057761	 5030183.53538278	 
5.0	 0.011248102433871303	 4.128202079289849E-5	 4777215.576189587	 5733223.955517489	 5804345.987977649	 5804331.2014608495	 5017428.295708746	 
6.5	 0.011373081349803206	 4.1999229122399E-5	 4715822.0604132125	 5640142.492460505	 5710155.584719908	 5710141.0242852615	 4968275.784063305	 
8.0	 0.011498060265735108	 4.291270740574986E-5	 4624289.4768583495	 5516109.965011815	 5584644.405839209	 5584630.146982025	 4886939.692627161	 
9.5	 0.011623039181667013	 4.402142195663432E-5	 4506818.84714131	 5364971.21298184	 5431702.376776312	 5431688.485893894	 4777472.413074534	 
11.0	 0.011748018097598916	 4.532412413519884E-5	 4369330.197387061	 5191112.350028416	 5255767.105671489	 5255753.638760168	 4645728.6707698535	 
12.5	 0.011872997013530819	 4.6819352165977674E-5	 4213282.337695993	 4999182.880024565	 5061542.766418401	 5061529.768419209	 4493243.081393262	 
14.0	 0.011997975929462723	 4.850543326272632E-5	 4044411.5367879192	 4793837.970391432	 4853739.366386126	 4853726.871134657	 4325840.294788317	 
15.5	 0.012122954845394626	 5.0380486059727314E-5	 3867507.3730446408	 4579521.816489194	 4636853.576153771	 4636841.606841026	 4148467.6281559225	 
17.0	 0.012247933761326529	 5.244242334901422E-5	 3685102.2036394104	 4360303.824424079	 4415002.986095109	 4414991.556118286	 3963877.244082278	 
18.49999999999997	 0.012372912677258431	 5.4688955122784156E-5	 3501181.716855568	 4139770.591360027	 4191816.8055531927	 4191805.9196276725	 3776272.41152653	 
20.0	 0.012497891593190336	 5.711759192007833E-5	 3317970.4080102537	 3920969.77787132	 3970379.056119994	 3970368.711531911	 3588120.7415841906	 
21.5	 0.012622870509122239	 5.972564847655261E-5	 3138032.838333624	 3706397.546964572	 3753215.839131953	 3753206.027029316	 3402212.150014208	 
22.99999999999997	 0.012747849425054142	 6.251024767587995E-5	 2962750.8564017867	 3498019.2162988787	 3542316.2053642245	 3542306.9120079875	 3220153.099219572	 
24.5	 0.012872828340986046	 6.546832480096786E-5	 2793484.3229390504	 3297312.6449812423	 3339176.02768255	 3339167.2356030564	 3043502.5265104277	 
26.0	 0.012997807256917949	 6.859663208279093E-5	 2631159.1921087704	 3105325.009465506	 3144855.4231046825	 3144847.1121304873	 2873364.7107590954	 
27.49999999999997	 0.013122786172849852	 7.189174354417205E-5	 2476614.5673688995	 2922735.4045548365	 2960042.0723639936	 2960034.220507743	 2710730.0442086947	 
29.0	 0.013247765088781756	 7.535006013533716E-5	 2330283.5441036522	 2749917.661630874	 2785114.7635324923	 2785107.347731773	 2556161.6268130615	 
30.5	 0.013372744004713659	 7.896781515749008E-5	 2192445.823047965	 2586999.597637961	 2620203.3285927395	 2620196.3253128957	 2410047.507035817	 
31.99999999999997	 0.013497722920645562	 8.274107997001513E-5	 2063149.1086228867	 2433916.4321107417	 2465242.683208212	 2465236.068919692	 2272524.288886079	 
33.5	 0.013622701836577466	 8.666576997620767E-5	 1942143.9173233458	 2290457.281356585	 2320019.8653759067	 2320013.616921525	 2143416.057771965	 
35.0	 0.013747680752509369	 9.073765088166461E-5	 1828774.1162094492	 2156304.473129058	 2184213.8126246105	 2184207.90749297	 2022129.2063896838	 
36.49999999999997	 0.013872659668441272	 9.495234521863488E-5	 1722553.2941311481	 2031065.971697689	 2057428.1704407958	 2057422.5869616563	 1908222.2727222666	 
38.0	 0.013997638584373176	 9.930533912872713E-5	 1623918.7939321045	 1914301.524514881	 1939217.749746001	 1939212.4672221232	 1802146.6611631825	 
39.5	 0.014122617500305079	 1.0379198939541336E-4	 1531831.9850013265	 1805543.2985138695	 1829109.4100167204	 1829104.408805053	 1702898.3553316968	 
40.99999999999997	 0.014247596416236982	 1.0840753071675346E-4	 1445950.2477431106	 1704311.8186524927	 1726618.1898378984	 1726613.4513911759	 1610146.4043155946	 
42.5	 0.014372575332168886	 1.131470832076891E-4	 1366240.6883086285	 1610127.9948453878	 1631259.479987414	 1631254.986865453	 1523856.5666897842	 
44.0	 0.01449755424810079	 1.1800566012012975E-4	 1291966.1625961114	 1522521.956341629	 1542557.966353322	 1542553.7022116638	 1443301.5644825087	 
45.49999999999997	 0.014622533164032692	 1.2297817576790282E-4	 1222878.2969674836	 1441039.3261153488	 1460053.982544848	 1460049.9321069391	 1368227.6397275003	 
47.0	 0.014747512079964597	 1.2805945364242286E-4	 1158703.369563886	 1365245.475865598	 1383307.819057883	 1383303.9680757164	 1298354.3914484475	 
48.5	 0.0148724909958965	 1.3324423470372084E-4	 1098927.5874521863	 1294728.213282	 1311902.4459105395	 1311898.7811176307	 1233164.3078070239	 
49.99999999999997	 0.014997469911828402	 1.3852718583022387E-4	 1043455.8007349481	 1229099.2720297033	 1245445.0235363552	 1245441.532596038	 1172548.5802752126	 
51.5	 0.015122448827760307	 1.439029084094354E-4	 991660.9468805542	 1167994.9035962066	 1183567.5045945449	 1183564.1760458662	 1115877.1780108544	 
53.0	 0.01524742774369221	 1.4936594705040957E-4	 943444.4305456773	 1111075.8092630124	 1125926.5677756795	 1125923.3909785924	 1063036.2779380907	 
54.49999999999997	 0.015372406659624112	 1.549107983977064E-4	 898723.1798360469	 1058026.5996003964	 1072203.0732275909	 1072200.0383086917	 1013927.71278248	 
56.0	 0.015497385575556017	 1.6053192002531987E-4	 856818.055411636	 1008554.9271093735	 1022101.1869661493	 1022098.2847658461	 967872.8438328519	 
57.5	 0.01562236449148792	 1.662237393879254E-4	 817720.7884940422	 962390.4038078649	 975347.287413156	 975344.5094348796	 924846.2285465564	 
59.0	 0.015747343407419824	 1.7198066280573474E-4	 781236.5923844486	 919283.3884937913	 931688.7398215157	 931686.0781833683	 884641.9138559883	 
60.49999999999997	 0.015872322323351725	 1.7779708445823895E-4	 747297.1850390177	 879003.7069928041	 890892.6026700141	 890890.0500590913	 847177.4415930997	 
62.0	 0.01599730123928363	 1.836673953612336E-4	 715382.4275359198	 841339.3519013629	 852744.3131137887	 852741.8627432897	 811931.2282450143	 
63.5	 0.016122280155215534	 1.8958599230073432E-4	 685540.6952835091	 806095.1952882868	 817046.3853733513	 817044.0309425023	 778935.3389450762	 
64.99999999999997	 0.016247259071147435	 1.9554728669674725E-4	 657679.3532998412	 773091.7377756424	 783617.1457822328	 783614.8814389854	 748085.7145446672	 
66.5	 0.01637223798707934	 2.0154571336934073E-4	 631581.160389517	 742163.9097640917	 752289.5204650513	 752287.340771472	 719157.7755888433	 
68.0	 0.016497216903011244	 2.07575739179131E-4	 607171.64580607	 713159.9347920528	 722909.8857716817	 722907.7856719198	 692066.6492661452	 
69.49999999999997	 0.016622195818943145	 2.1363187151411466E-4	 584194.9786778635	 685940.2607119111	 695336.9872341437	 695334.9620248452	 666551.8603871438	 
71.0	 0.01674717473487505	 2.197086665948021E-4	 562706.6754922234	 660376.5612012112	 669440.9296081726	 669438.9749111958	 642655.9697234952	 
72.5	 0.016872153650806954	 2.2580073756979952E-4	 542388.221651674	 636350.8078408211	 645102.238246678	 645100.3499839639	 620059.5188937855	 
73.99999999999997	 0.016997132566738855	 2.3190276237441913E-4	 523404.23264257703	 613754.5692477141	 622210.9904184566	 622209.1647889058	 598911.7831801747	 
75.5	 0.01712211148267076	 2.380094913255018E-4	 505493.8595196523	 592487.8941936197	 600666.0362671583	 600664.2697415054	 578950.5407487155	 
77.0	 0.017247090398602664	 2.4411575442647514E-4	 488756.07357705996	 572458.5379778091	 580374.4016612518	 580372.690971544	 560262.5902807486	 
78.49999999999997	 0.017372069314534565	 2.502164683577167E-4	 472926.74665543187	 553581.5719347061	 561250.1089576734	 561248.4509462437	 542584.2566000954	 
80.0	 0.01749704823046647	 2.563066431285417E-4	 457976.5112341621	 535778.7575502752	 543213.8879416826	 543212.2796670264	 525879.0528045082	 
81.5	 0.017622027146398375	 2.6238138836859125E-4	 443873.99956204597	 518977.97332585405	 526192.670571104	 526191.109290156	 510109.5123457167	 
82.99999999999997	 0.017747006062330276	 2.684359192380585E-4	 430606.88469171384	 503112.6925036033	 510119.06063630915	 510117.54378838977	 495256.68777934497	 
84.5	 0.01787198497826218	 2.7446556193800714E-4	 418015.8830744448	 488121.50735678605	 494930.850841597	 494929.37603385106	 481160.57314265834	 
86.0	 0.017996963894194085	 2.8046575880405814E-4	 406229.5133489467	 473947.6960177228	 480570.5831809746	 480569.1481751466	 467939.04718450125	 
87.49999999999997	 0.018121942810125986	 2.8643207296886065E-4	 394858.34003846184	 460538.82809648	 466985.14877413976	 466983.75147454813	 455211.00341066276	 
89.0	 0.01824692172605789	 2.923601925810524E-4	 384200.9704610458	 447846.40562426776	 454125.42362028186	 454124.0620628692	 443258.7116984862	 
90.5	 0.018371900641989795	 2.982459345708046E-4	 374082.75194008846	 435825.5361303052	 441945.93701153883	 441944.60935388977	 431909.27822362754	 
91.99999999999997	 0.018496879557921696	 3.0408524795452817E-4	 364640.22563442535	 424434.6349249289	 430404.5696201521	 430403.27413238265	 421289.5884315752	 
93.5	 0.0186218584738536	 3.0987421667384745E-4	 355568.459686131	 413635.1539120317	 419462.2785307918	 419461.0135872236	 411101.6593493304	 
95.0	 0.018746837389785505	 3.156090619665195E-4	 347093.38392778864	 403391.3344888635	 409082.84673065605	 409081.6108021997	 401558.996622628	 
96.49999999999997	 0.018871816305717406	 3.212861442695557E-4	 338878.29789805645	 393669.98230995936	 399232.65479407925	 399231.4464412575	 392333.6508258478	 
98.0	 0.01899679522164931	 3.269019646573473E-4	 331218.5469597889	 384440.2618943244	 389880.4727054509	 389879.2905720016	 383706.26950081345	 
99.5	 0.019121774137581215	 3.324531658201102E-4	 323894.17132756056	 375673.50924129615	 380997.26995465305	 380996.1127616566	 375462.0172933195	 
100.99999999999997	 0.019246753053513116	 3.37936532590391E-4	 316981.14200072445	 367343.0607912829	 372556.042213595	 372554.90875407757	 367670.81444709713	 
102.5	 0.01937173196944502	 3.4334899202771236E-4	 310268.0609922637	 359424.09722360777	 364531.6530616098	 364530.5421955785	 360126.29360205313	 
104.0	 0.019496710885376925	 3.486876130736487E-4	 303948.7987174958	 351893.5007258913	 356900.68937244144	 356899.60002231214	 353012.1317804983	 
105.49999999999997	 0.019621689801308826	 3.539496057916915E-4	 298048.02032166184	 344729.72449869686	 349641.32910727244	 349640.2602536542	 346349.6712122743	 
107.0	 0.01974666871724073	 3.5913232020818176E-4	 292355.71418329957	 337912.67337651056	 342733.2203777226	 342732.17105552775	 339934.5490154397	 
108.5	 0.019871647633172635	 3.642332447723104E-4	 286913.1528706746	 331423.5945525029	 336157.370751006	 336156.3400458564	 333804.02948096924	 
109.99999999999997	 0.019996626549104536	 3.6925000445475113E-4	 281673.2587055601	 325244.97749081603	 329896.04586738814	 329895.03291229194	 327910.77434974926	 
111.5	 0.02012160546503644	 3.7418035850582317E-4	 276756.629059655	 319360.4621972255	 323932.6765286519	 323931.6805009276	 322368.63037784334	 
113.0	 0.020246584380968345	 3.790221978952345E-4	 272013.01422925806	 313754.7550977699	 318251.7734963216	 318250.7936147477	 317031.37688083894	 
114.49999999999997	 0.020371563296900246	 3.8377354245639037E-4	 267626.5309217373	 308413.5518460822	 312838.84931067657	 312837.88483284856	 312074.1895104768	 
