vKurbelwinkel	p_Zyl_1	p_Ein	p_Aus
[KWnZOT]	[bar]	[bar]	[bar]
-360	3.4305	2.0105	3.318
-359.8	3.4014	2.0172	3.3113
-359.6	3.3724	2.0237	3.3048
-359.4	3.3436	2.03	3.2983
-359.2	3.3149	2.0362	3.2919
-359	3.2864	2.0422	3.2856
-358.8	3.258	2.0481	3.2794
-358.6	3.2297	2.0539	3.2733
-358.4	3.2016	2.0594	3.2673
-358.2	3.1736	2.0649	3.2614
-358	3.1458	2.0702	3.2556
-357.8	3.1181	2.0753	3.2498
-357.6	3.0905	2.0803	3.2442
-357.4	3.0631	2.0851	3.2387
-357.2	3.0358	2.0897	3.2332
-357	3.0087	2.0942	3.2279
-356.8	2.9817	2.0986	3.2226
-356.6	2.9548	2.1028	3.2175
-356.4	2.9281	2.1069	3.2124
-356.2	2.9015	2.1108	3.2074
-356	2.875	2.1145	3.2025
-355.8	2.8478	2.1187	3.1978
-355.6	2.8211	2.1228	3.1933
-355.4	2.7947	2.1268	3.1888
-355.2	2.768	2.1306	3.1844
-355	2.7423	2.1342	3.18
-354.8	2.7166	2.1376	3.1758
-354.6	2.6898	2.1406	3.1714
-354.4	2.6632	2.1432	3.1671
-354.2	2.6377	2.1455	3.163
-354	2.6133	2.1473	3.1588
-353.8	2.5881	2.1489	3.1547
-353.6	2.5632	2.15	3.1507
-353.4	2.5395	2.151	3.1469
-353.2	2.5159	2.1516	3.1431
-353	2.4916	2.1519	3.1394
-352.8	2.4675	2.1519	3.1357
-352.6	2.4443	2.1516	3.1322
-352.4	2.4206	2.1511	3.1288
-352.2	2.3966	2.1503	3.1252
-352	2.3733	2.1493	3.1217
-351.8	2.3507	2.1482	3.1181
-351.6	2.3287	2.147	3.1145
-351.4	2.3074	2.1456	3.1107
-351.2	2.2855	2.1442	3.1069
-351	2.2653	2.1426	3.1032
-350.8	2.247	2.1407	3.0994
-350.6	2.2286	2.1385	3.0956
-350.4	2.2104	2.1359	3.0918
-350.2	2.1938	2.1331	3.088
-350	2.1778	2.1302	3.0842
-349.8	2.1625	2.127	3.0805
-349.6	2.1487	2.1237	3.077
-349.4	2.1352	2.1203	3.0735
-349.2	2.1216	2.1166	3.0702
-349	2.1089	2.1126	3.0669
-348.8	2.098	2.1083	3.0637
-348.6	2.0883	2.1038	3.0606
-348.4	2.0799	2.0991	3.0575
-348.2	2.0728	2.0943	3.0545
-348	2.0661	2.0894	3.0514
-347.8	2.0587	2.0844	3.0482
-347.6	2.0525	2.0793	3.045
-347.4	2.0469	2.074	3.0419
-347.2	2.042	2.0686	3.0387
-347	2.0372	2.0629	3.0357
-346.8	2.0324	2.057	3.0329
-346.6	2.0277	2.0509	3.0303
-346.4	2.0246	2.0447	3.028
-346.2	2.0221	2.0385	3.026
-346	2.0189	2.0323	3.0241
-345.8	2.0144	2.0262	3.0224
-345.6	2.0117	2.0201	3.021
-345.4	2.0105	2.0142	3.0198
-345.2	2.0077	2.0081	3.0186
-345	2.0039	2.0022	3.0174
-344.8	2.0011	1.9965	3.0164
-344.6	1.9984	1.991	3.0154
-344.4	1.9949	1.9857	3.0144
-344.2	1.9923	1.9808	3.0135
-344	1.9921	1.9763	3.0127
-343.8	1.9911	1.9721	3.0121
-343.6	1.9899	1.968	3.0114
-343.4	1.9892	1.9642	3.011
-343.2	1.9893	1.9607	3.0108
-343	1.9885	1.9574	3.0107
-342.8	1.9875	1.9542	3.0107
-342.6	1.988	1.9513	3.0109
-342.4	1.9883	1.9487	3.0112
-342.2	1.9885	1.9464	3.0117
-342	1.9876	1.9442	3.0122
-341.8	1.9877	1.9423	3.0129
-341.6	1.9874	1.9406	3.0136
-341.4	1.986	1.9387	3.0144
-341.2	1.9845	1.9369	3.0151
-341	1.9853	1.9353	3.0161
-340.8	1.9859	1.9337	3.0171
-340.6	1.9865	1.9321	3.0182
-340.4	1.9862	1.9306	3.0195
-340.2	1.9851	1.9292	3.0209
-340	1.9827	1.9278	3.0224
-339.8	1.9811	1.9264	3.024
-339.6	1.9818	1.9252	3.0258
-339.4	1.9819	1.9239	3.0277
-339.2	1.9812	1.9225	3.0298
-339	1.9809	1.9212	3.0319
-338.8	1.9803	1.92	3.0341
-338.6	1.9789	1.9189	3.0362
-338.4	1.9772	1.9179	3.0382
-338.2	1.9738	1.9169	3.0401
-338	1.9704	1.9159	3.0417
-337.8	1.9664	1.9147	3.043
-337.6	1.9646	1.9136	3.0442
-337.4	1.963	1.9125	3.0449
-337.2	1.9597	1.9113	3.0452
-337	1.9562	1.9103	3.0451
-336.8	1.9529	1.9092	3.0448
-336.6	1.949	1.9082	3.0441
-336.4	1.9461	1.907	3.0432
-336.2	1.9433	1.9058	3.0422
-336	1.94	1.9045	3.041
-335.8	1.9364	1.9031	3.0396
-335.6	1.9327	1.9015	3.038
-335.4	1.9297	1.8998	3.0361
-335.2	1.9274	1.898	3.0341
-335	1.9258	1.896	3.0318
-334.8	1.925	1.894	3.0293
-334.6	1.9238	1.8918	3.0265
-334.4	1.9208	1.8895	3.0233
-334.2	1.9182	1.8869	3.0198
-334	1.9152	1.8841	3.0161
-333.8	1.9139	1.8811	3.0121
-333.6	1.9147	1.878	3.0079
-333.4	1.9159	1.8748	3.0034
-333.2	1.9167	1.8716	2.9987
-333	1.9177	1.8684	2.994
-332.8	1.9174	1.8652	2.9893
-332.6	1.9163	1.8619	2.9846
-332.4	1.914	1.8587	2.9799
-332.2	1.9143	1.8554	2.9753
-332	1.9161	1.8522	2.9707
-331.8	1.9189	1.8491	2.9661
-331.6	1.9204	1.8459	2.9616
-331.4	1.9206	1.8428	2.9571
-331.2	1.9203	1.8397	2.9526
-331	1.9206	1.8368	2.948
-330.8	1.9201	1.8339	2.9433
-330.6	1.919	1.831	2.9384
-330.4	1.9183	1.828	2.9335
-330.2	1.9166	1.825	2.9286
-330	1.9148	1.8218	2.9236
-329.8	1.9114	1.8186	2.9185
-329.6	1.9091	1.8154	2.9134
-329.4	1.9065	1.8124	2.9084
-329.2	1.9035	1.8093	2.9034
-329	1.8999	1.8063	2.8987
-328.8	1.8964	1.8032	2.8943
-328.6	1.8925	1.8	2.8901
-328.4	1.888	1.7968	2.8863
-328.2	1.8826	1.7935	2.8828
-328	1.8784	1.7902	2.8795
-327.8	1.8745	1.7869	2.8763
-327.6	1.8707	1.7835	2.8732
-327.4	1.869	1.7801	2.8702
-327.2	1.8667	1.7766	2.8671
-327	1.8632	1.7731	2.8639
-326.8	1.8591	1.7696	2.8606
-326.6	1.8551	1.766	2.8573
-326.4	1.8508	1.7624	2.8539
-326.2	1.8471	1.7588	2.8506
-326	1.8439	1.7552	2.8472
-325.8	1.8419	1.7518	2.844
-325.6	1.8394	1.7485	2.8407
-325.4	1.8356	1.7454	2.8376
-325.2	1.8313	1.7425	2.8345
-325	1.8266	1.7399	2.8315
-324.8	1.8217	1.7375	2.8286
-324.6	1.8169	1.7354	2.8257
-324.4	1.8126	1.7336	2.8229
-324.2	1.8099	1.7322	2.82
-324	1.8078	1.7312	2.8171
-323.8	1.8046	1.7306	2.8142
-323.6	1.8003	1.7304	2.8111
-323.4	1.7965	1.7306	2.8079
-323.2	1.7927	1.7311	2.8046
-323	1.7895	1.7321	2.8013
-322.8	1.786	1.7334	2.798
-322.6	1.7821	1.7352	2.7947
-322.4	1.7782	1.7373	2.7915
-322.2	1.7741	1.7398	2.7884
-322	1.7702	1.7427	2.7852
-321.8	1.7673	1.746	2.7822
-321.6	1.7649	1.7496	2.7793
-321.4	1.7625	1.7536	2.7764
-321.2	1.7594	1.7578	2.7737
-321	1.7551	1.7623	2.7711
-320.8	1.7512	1.7669	2.7685
-320.6	1.7484	1.7716	2.766
-320.4	1.7459	1.7765	2.7635
-320.2	1.7437	1.7815	2.7611
-320	1.7421	1.7866	2.7586
-319.8	1.7398	1.7917	2.7561
-319.6	1.7375	1.7967	2.7535
-319.4	1.7353	1.8016	2.7508
-319.2	1.7331	1.8064	2.7482
-319	1.7325	1.811	2.7455
-318.8	1.7321	1.8154	2.743
-318.6	1.7314	1.8196	2.7405
-318.4	1.73	1.8236	2.7381
-318.2	1.7277	1.8273	2.7358
-318	1.7257	1.8308	2.7337
-317.8	1.7254	1.834	2.7317
-317.6	1.7253	1.8369	2.7298
-317.4	1.7251	1.8396	2.7278
-317.2	1.7253	1.842	2.726
-317	1.7249	1.8442	2.7242
-316.8	1.7236	1.8461	2.7224
-316.6	1.7235	1.8478	2.7208
-316.4	1.7244	1.8494	2.7194
-316.2	1.7259	1.8508	2.718
-316	1.7279	1.8519	2.7168
-315.8	1.7303	1.8529	2.7158
-315.6	1.7324	1.8536	2.7151
-315.4	1.7348	1.8541	2.7145
-315.2	1.7376	1.8544	2.7143
-315	1.7408	1.8546	2.7143
-314.8	1.7444	1.8547	2.7145
-314.6	1.749	1.8547	2.715
-314.4	1.7532	1.8546	2.7157
-314.2	1.7573	1.8543	2.7165
-314	1.7623	1.854	2.7176
-313.8	1.7673	1.8535	2.7187
-313.6	1.7713	1.8529	2.7199
-313.4	1.776	1.8522	2.7212
-313.2	1.7812	1.8515	2.7225
-313	1.7862	1.8507	2.7238
-312.8	1.7923	1.8499	2.7252
-312.6	1.7991	1.8492	2.7267
-312.4	1.8059	1.8486	2.7284
-312.2	1.8123	1.8479	2.7301
-312	1.8187	1.8473	2.7319
-311.8	1.8245	1.8468	2.7338
-311.6	1.8302	1.8463	2.7358
-311.4	1.8371	1.8459	2.7379
-311.2	1.8446	1.8457	2.74
-311	1.852	1.8455	2.742
-310.8	1.8582	1.8455	2.7438
-310.6	1.8653	1.8457	2.7457
-310.4	1.8728	1.8461	2.7474
-310.2	1.8797	1.8466	2.7488
-310	1.8868	1.8472	2.7501
-309.8	1.8941	1.848	2.751
-309.6	1.901	1.8489	2.7517
-309.4	1.9071	1.8498	2.7521
-309.2	1.9134	1.851	2.7522
-309	1.9192	1.8524	2.7521
-308.8	1.925	1.8539	2.7518
-308.6	1.9308	1.8556	2.7513
-308.4	1.9359	1.8574	2.7505
-308.2	1.9411	1.8592	2.7497
-308	1.9464	1.8612	2.7487
-307.8	1.9505	1.8632	2.7476
-307.6	1.9544	1.8654	2.7463
-307.4	1.9587	1.8677	2.7449
-307.2	1.9616	1.8701	2.7432
-307	1.9639	1.8725	2.7414
-306.8	1.9666	1.8752	2.7393
-306.6	1.9694	1.8779	2.737
-306.4	1.9708	1.8806	2.7344
-306.2	1.9732	1.8834	2.7316
-306	1.9763	1.8863	2.7287
-305.8	1.9784	1.8891	2.7255
-305.6	1.9795	1.8921	2.7222
-305.4	1.9818	1.8952	2.719
-305.2	1.9836	1.8983	2.7156
-305	1.9851	1.9015	2.7122
-304.8	1.9872	1.9046	2.7088
-304.6	1.9897	1.9078	2.7054
-304.4	1.9924	1.911	2.7021
-304.2	1.9936	1.9142	2.6987
-304	1.9949	1.9174	2.6953
-303.8	1.9964	1.9207	2.6919
-303.6	1.9983	1.924	2.6884
-303.4	2.0011	1.9273	2.6849
-303.2	2.0045	1.9307	2.6812
-303	2.0074	1.934	2.6774
-302.8	2.0102	1.9374	2.6736
-302.6	2.0137	1.9407	2.6696
-302.4	2.0152	1.9439	2.6655
-302.2	2.0155	1.947	2.6613
-302	2.0172	1.9501	2.657
-301.8	2.02	1.9533	2.6529
-301.6	2.0233	1.9564	2.6487
-301.4	2.0251	1.9595	2.6446
-301.2	2.0271	1.9624	2.6405
-301	2.0294	1.9654	2.6365
-300.8	2.0308	1.9682	2.6326
-300.6	2.0308	1.9709	2.6288
-300.4	2.0312	1.9735	2.6251
-300.2	2.0334	1.9761	2.6216
-300	2.0356	1.9787	2.6181
-299.8	2.0374	1.9812	2.6146
-299.6	2.0394	1.9838	2.6112
-299.4	2.0407	1.9863	2.6079
-299.2	2.0397	1.9887	2.6045
-299	2.0392	1.9911	2.6012
-298.8	2.0409	1.9934	2.5981
-298.6	2.0419	1.9957	2.595
-298.4	2.0423	1.9978	2.592
-298.2	2.0444	1.9999	2.5892
-298	2.0464	2.0021	2.5866
-297.8	2.0469	2.0041	2.5842
-297.6	2.0474	2.0062	2.5818
-297.4	2.0486	2.0081	2.5796
-297.2	2.0494	2.0099	2.5774
-297	2.0507	2.0117	2.5752
-296.8	2.0524	2.0133	2.573
-296.6	2.0539	2.0148	2.5708
-296.4	2.0556	2.0163	2.5684
-296.2	2.0565	2.0177	2.566
-296	2.0577	2.0191	2.5635
-295.8	2.0586	2.0205	2.5609
-295.6	2.0598	2.0218	2.5583
-295.4	2.0614	2.0231	2.5557
-295.2	2.0623	2.0242	2.5531
-295	2.0625	2.0253	2.5504
-294.8	2.0632	2.0263	2.5478
-294.6	2.0638	2.0272	2.5452
-294.4	2.0641	2.0281	2.5427
-294.2	2.0649	2.0291	2.5403
-294	2.0665	2.0301	2.538
-293.8	2.0678	2.031	2.5356
-293.6	2.0683	2.0318	2.5332
-293.4	2.0687	2.0325	2.5306
-293.2	2.0704	2.0331	2.528
-293	2.0717	2.0338	2.5254
-292.8	2.0722	2.0343	2.5225
-292.6	2.0726	2.0348	2.5196
-292.4	2.0743	2.0354	2.5166
-292.2	2.0767	2.036	2.5136
-292	2.078	2.0365	2.5105
-291.8	2.0786	2.037	2.5075
-291.6	2.0801	2.0375	2.5046
-291.4	2.0818	2.0381	2.5017
-291.2	2.0831	2.0386	2.4988
-291	2.086	2.0392	2.4961
-290.8	2.0896	2.0399	2.4936
-290.6	2.091	2.0406	2.4911
-290.4	2.0931	2.0413	2.4889
-290.2	2.0963	2.0421	2.4867
-290	2.0991	2.0429	2.4846
-289.8	2.1012	2.0437	2.4826
-289.6	2.1041	2.0446	2.4806
-289.4	2.1066	2.0455	2.4787
-289.2	2.1088	2.0463	2.4769
-289	2.111	2.0472	2.4752
-288.8	2.1129	2.0481	2.4734
-288.6	2.1145	2.049	2.4718
-288.4	2.1164	2.0499	2.4704
-288.2	2.1188	2.0509	2.4692
-288	2.1207	2.0519	2.4682
-287.8	2.1213	2.0529	2.4674
-287.6	2.1218	2.0539	2.4668
-287.4	2.1219	2.0549	2.4665
-287.2	2.1211	2.056	2.4663
-287	2.1205	2.057	2.4663
-286.8	2.1207	2.0581	2.4666
-286.6	2.1216	2.0593	2.4671
-286.4	2.1221	2.0604	2.4676
-286.2	2.1211	2.0615	2.4681
-286	2.1196	2.0626	2.4686
-285.8	2.119	2.0636	2.4692
-285.6	2.1183	2.0647	2.4698
-285.4	2.1173	2.0656	2.4704
-285.2	2.1165	2.0666	2.471
-285	2.1158	2.0675	2.4715
-284.8	2.1156	2.0685	2.4722
-284.6	2.1147	2.0694	2.4729
-284.4	2.1142	2.0703	2.4737
-284.2	2.1138	2.0711	2.4746
-284	2.1132	2.0719	2.4756
-283.8	2.1133	2.0727	2.4767
-283.6	2.1138	2.0736	2.4777
-283.4	2.1143	2.0744	2.4789
-283.2	2.1148	2.0752	2.4801
-283	2.1158	2.076	2.4813
-282.8	2.1163	2.0768	2.4824
-282.6	2.1167	2.0775	2.4835
-282.4	2.1183	2.0782	2.4845
-282.2	2.1195	2.0788	2.4855
-282	2.1202	2.0794	2.4864
-281.8	2.1213	2.0799	2.4873
-281.6	2.1226	2.0804	2.4882
-281.4	2.1238	2.0808	2.489
-281.2	2.1254	2.0811	2.4898
-281	2.1276	2.0814	2.4905
-280.8	2.1291	2.0816	2.491
-280.6	2.131	2.0817	2.4914
-280.4	2.1341	2.0818	2.4917
-280.2	2.1369	2.0819	2.4919
-280	2.1374	2.0818	2.4917
-279.8	2.1379	2.0816	2.4914
-279.6	2.1402	2.0815	2.491
-279.4	2.1424	2.0813	2.4903
-279.2	2.1444	2.0811	2.4895
-279	2.1465	2.0807	2.4884
-278.8	2.1489	2.0804	2.4871
-278.6	2.1514	2.08	2.4856
-278.4	2.1523	2.0795	2.4839
-278.2	2.1526	2.0789	2.482
-278	2.1539	2.0783	2.4801
-277.8	2.1558	2.0776	2.478
-277.6	2.1573	2.0769	2.4757
-277.4	2.1584	2.0761	2.4734
-277.2	2.1594	2.0753	2.4709
-277	2.1598	2.0743	2.4683
-276.8	2.1599	2.0733	2.4656
-276.6	2.1595	2.0723	2.4627
-276.4	2.1597	2.0712	2.4598
-276.2	2.1598	2.0701	2.4566
-276	2.1602	2.069	2.4534
-275.8	2.1606	2.0678	2.4501
-275.6	2.1599	2.0667	2.4467
-275.4	2.1595	2.0655	2.4432
-275.2	2.1593	2.0644	2.4397
-275	2.1587	2.0633	2.4361
-274.8	2.1575	2.0622	2.4325
-274.6	2.1568	2.0611	2.429
-274.4	2.1555	2.06	2.4254
-274.2	2.1539	2.0589	2.4219
-274	2.153	2.0578	2.4184
-273.8	2.1525	2.0568	2.4151
-273.6	2.1519	2.0557	2.4117
-273.4	2.1519	2.0548	2.4085
-273.2	2.1515	2.0538	2.4052
-273	2.1506	2.0529	2.402
-272.8	2.1502	2.052	2.3989
-272.6	2.15	2.0512	2.3957
-272.4	2.1495	2.0504	2.3927
-272.2	2.1487	2.0496	2.3896
-272	2.1476	2.0488	2.3865
-271.8	2.1477	2.0482	2.3836
-271.6	2.148	2.0476	2.3807
-271.4	2.1471	2.0471	2.378
-271.2	2.1469	2.0466	2.3753
-271	2.1471	2.0463	2.3728
-270.8	2.1474	2.046	2.3704
-270.6	2.1481	2.0457	2.3682
-270.4	2.1486	2.0454	2.3661
-270.2	2.1492	2.0452	2.364
-270	2.1498	2.045	2.3619
-269.8	2.1502	2.0449	2.3599
-269.6	2.1511	2.0448	2.3579
-269.4	2.152	2.0447	2.3559
-269.2	2.1517	2.0446	2.3539
-269	2.1514	2.0446	2.3518
-268.8	2.1519	2.0445	2.3497
-268.6	2.1521	2.0445	2.3475
-268.4	2.1513	2.0445	2.3453
-268.2	2.1509	2.0444	2.343
-268	2.1503	2.0444	2.3407
-267.8	2.1493	2.0443	2.3383
-267.6	2.1473	2.0443	2.3359
-267.4	2.1461	2.0442	2.3335
-267.2	2.1453	2.0442	2.3311
-267	2.1439	2.0443	2.3287
-266.8	2.1421	2.0442	2.3263
-266.6	2.1407	2.0442	2.324
-266.4	2.1391	2.0442	2.3216
-266.2	2.138	2.0442	2.3193
-266	2.1373	2.0441	2.317
-265.8	2.1361	2.0441	2.3147
-265.6	2.1347	2.044	2.3123
-265.4	2.1324	2.044	2.3099
-265.2	2.1299	2.0439	2.3075
-265	2.1285	2.0439	2.305
-264.8	2.1264	2.0438	2.3026
-264.6	2.124	2.0437	2.3001
-264.4	2.1222	2.0436	2.2976
-264.2	2.1202	2.0435	2.2952
-264	2.1173	2.0434	2.2928
-263.8	2.1157	2.0433	2.2905
-263.6	2.1139	2.0432	2.2882
-263.4	2.112	2.0431	2.2859
-263.2	2.1113	2.0431	2.2838
-263	2.1108	2.043	2.2817
-262.8	2.1108	2.043	2.2797
-262.6	2.1108	2.043	2.2777
-262.4	2.1103	2.0429	2.2757
-262.2	2.1099	2.0429	2.2736
-262	2.1098	2.0429	2.2716
-261.8	2.1096	2.0428	2.2696
-261.6	2.11	2.0428	2.2676
-261.4	2.1102	2.0427	2.2657
-261.2	2.1101	2.0427	2.2637
-261	2.1099	2.0426	2.2618
-260.8	2.1097	2.0425	2.26
-260.6	2.11	2.0424	2.2583
-260.4	2.1101	2.0424	2.2567
-260.2	2.1099	2.0422	2.2551
-260	2.1096	2.042	2.2537
-259.8	2.111	2.0419	2.2525
-259.6	2.1108	2.0417	2.2513
-259.4	2.1107	2.0414	2.2502
-259.2	2.1117	2.0413	2.2494
-259	2.1129	2.0411	2.2486
-258.8	2.1128	2.0408	2.2478
-258.6	2.1125	2.0405	2.2471
-258.4	2.113	2.0402	2.2465
-258.2	2.1132	2.0398	2.246
-258	2.1126	2.0394	2.2456
-257.8	2.1127	2.039	2.2453
-257.6	2.1127	2.0386	2.2451
-257.4	2.1121	2.0381	2.245
-257.2	2.1122	2.0377	2.2452
-257	2.112	2.0371	2.2455
-256.8	2.1106	2.0365	2.2459
-256.6	2.1105	2.0358	2.2465
-256.4	2.1098	2.0351	2.2473
-256.2	2.109	2.0343	2.2482
-256	2.1081	2.0335	2.2491
-255.8	2.1073	2.0327	2.2502
-255.6	2.1057	2.0318	2.2512
-255.4	2.1045	2.0308	2.2524
-255.2	2.1035	2.0299	2.2535
-255	2.1024	2.0289	2.2546
-254.8	2.1025	2.0279	2.2557
-254.6	2.1019	2.0269	2.2568
-254.4	2.1009	2.0259	2.2577
-254.2	2.1007	2.0248	2.2586
-254	2.1004	2.0237	2.2595
-253.8	2.0993	2.0226	2.2604
-253.6	2.0989	2.0216	2.2613
-253.4	2.0996	2.0205	2.2622
-253.2	2.0996	2.0194	2.263
-253	2.0997	2.0183	2.2638
-252.8	2.1	2.0173	2.2646
-252.6	2.1011	2.0163	2.2653
-252.4	2.1006	2.0152	2.2658
-252.2	2.0995	2.0141	2.2662
-252	2.0999	2.0131	2.2665
-251.8	2.1004	2.0121	2.2666
-251.6	2.0995	2.0111	2.2664
-251.4	2.0993	2.0102	2.266
-251.2	2.1005	2.0094	2.2656
-251	2.1005	2.0086	2.2649
-250.8	2.0996	2.0077	2.2639
-250.6	2.0997	2.0071	2.2628
-250.4	2.1007	2.0064	2.2617
-250.2	2.1001	2.0058	2.2604
-250	2.1005	2.0053	2.259
-249.8	2.1027	2.005	2.2576
-249.6	2.1033	2.0047	2.2562
-249.4	2.1031	2.0043	2.2546
-249.2	2.1037	2.0041	2.2529
-249	2.1046	2.004	2.2511
-248.8	2.1043	2.0039	2.2492
-248.6	2.1045	2.0039	2.2472
-248.4	2.1049	2.004	2.2452
-248.2	2.105	2.0041	2.243
-248	2.1037	2.0042	2.2406
-247.8	2.1031	2.0045	2.2382
-247.6	2.1033	2.0049	2.2358
-247.4	2.1029	2.0052	2.2333
-247.2	2.1023	2.0056	2.2307
-247	2.1029	2.0062	2.2282
-246.8	2.1035	2.0068	2.2257
-246.6	2.1027	2.0074	2.2231
-246.4	2.101	2.008	2.2204
-246.2	2.1012	2.0087	2.2179
-246	2.1016	2.0095	2.2153
-245.8	2.101	2.0103	2.2127
-245.6	2.1006	2.011	2.2101
-245.4	2.1012	2.0119	2.2075
-245.2	2.1011	2.0127	2.2049
-245	2.1006	2.0136	2.2022
-244.8	2.0992	2.0144	2.1995
-244.6	2.0982	2.0152	2.1967
-244.4	2.0966	2.016	2.1939
-244.2	2.0957	2.0168	2.1912
-244	2.0959	2.0176	2.1884
-243.8	2.0941	2.0183	2.1856
-243.6	2.0927	2.0189	2.1828
-243.4	2.092	2.0195	2.1802
-243.2	2.0905	2.0201	2.1775
-243	2.0883	2.0206	2.1748
-242.8	2.0873	2.021	2.1723
-242.6	2.0875	2.0215	2.1699
-242.4	2.087	2.0218	2.1676
-242.2	2.0859	2.022	2.1652
-242	2.0861	2.0222	2.163
-241.8	2.0871	2.0223	2.1609
-241.6	2.0865	2.0222	2.1587
-241.4	2.0865	2.022	2.1565
-241.2	2.0876	2.0219	2.1544
-241	2.0883	2.0216	2.1524
-240.8	2.0881	2.0213	2.1503
-240.6	2.0887	2.0209	2.1483
-240.4	2.0902	2.0204	2.1463
-240.2	2.0902	2.0198	2.1443
-240	2.0899	2.0191	2.1424
-239.8	2.092	2.0185	2.1406
-239.6	2.0937	2.0177	2.1389
-239.4	2.0934	2.0167	2.137
-239.2	2.0944	2.0158	2.1353
-239	2.0965	2.0149	2.1336
-238.8	2.0964	2.0139	2.1319
-238.6	2.0966	2.0128	2.1301
-238.4	2.0981	2.0118	2.1284
-238.2	2.0999	2.0107	2.1267
-238	2.1	2.0096	2.1249
-237.8	2.1006	2.0085	2.1231
-237.6	2.1017	2.0074	2.1213
-237.4	2.1029	2.0064	2.1195
-237.2	2.1038	2.0053	2.1177
-237	2.1037	2.0043	2.1158
-236.8	2.1031	2.0033	2.114
-236.6	2.103	2.0024	2.1121
-236.4	2.1039	2.0016	2.1103
-236.2	2.1034	2.0008	2.1085
-236	2.1015	2	2.1066
-235.8	2.0995	1.9993	2.1046
-235.6	2.0994	1.9988	2.1027
-235.4	2.0985	1.9983	2.1008
-235.2	2.0964	1.9978	2.0988
-235	2.0963	1.9976	2.0969
-234.8	2.097	1.9975	2.095
-234.6	2.0966	1.9974	2.093
-234.4	2.0952	1.9974	2.0909
-234.2	2.0947	1.9974	2.0889
-234	2.0959	1.9977	2.0869
-233.8	2.0962	1.998	2.0848
-233.6	2.0948	1.9983	2.0826
-233.4	2.0949	1.9988	2.0805
-233.2	2.0954	1.9994	2.0784
-233	2.0946	2	2.0762
-232.8	2.0941	2.0008	2.0741
-232.6	2.0951	2.0016	2.072
-232.4	2.0959	2.0026	2.07
-232.2	2.0951	2.0035	2.0679
-232	2.0963	2.0045	2.0661
-231.8	2.0979	2.0056	2.0643
-231.6	2.0977	2.0066	2.0626
-231.4	2.0976	2.0077	2.061
-231.2	2.1	2.009	2.0596
-231	2.1018	2.0102	2.0583
-230.8	2.1013	2.0113	2.057
-230.6	2.1025	2.0125	2.0559
-230.4	2.1046	2.0138	2.0549
-230.2	2.1049	2.015	2.054
-230	2.1049	2.0162	2.0532
-229.8	2.1067	2.0174	2.0525
-229.6	2.1083	2.0186	2.052
-229.4	2.1087	2.0197	2.0515
-229.2	2.1096	2.0209	2.0512
-229	2.1108	2.022	2.051
-228.8	2.1121	2.0232	2.0509
-228.6	2.1137	2.0244	2.051
-228.4	2.1149	2.0256	2.0511
-228.2	2.1144	2.0266	2.0513
-228	2.1149	2.0278	2.0516
-227.8	2.1167	2.0289	2.0521
-227.6	2.1178	2.03	2.0526
-227.4	2.118	2.031	2.0531
-227.2	2.1185	2.0321	2.0537
-227	2.1196	2.0332	2.0543
-226.8	2.1199	2.0342	2.0548
-226.6	2.12	2.0352	2.0554
-226.4	2.1198	2.0362	2.0559
-226.2	2.1198	2.0372	2.0564
-226	2.1195	2.0381	2.0569
-225.8	2.1174	2.039	2.0573
-225.6	2.1157	2.0398	2.0577
-225.4	2.1159	2.0407	2.0582
-225.2	2.1158	2.0416	2.0587
-225	2.1142	2.0424	2.0591
-224.8	2.1132	2.0433	2.0595
-224.6	2.1134	2.0441	2.06
-224.4	2.1124	2.0449	2.0605
-224.2	2.1112	2.0456	2.061
-224	2.1114	2.0463	2.0614
-223.8	2.1104	2.047	2.0618
-223.6	2.1089	2.0476	2.0622
-223.4	2.1087	2.0482	2.0626
-223.2	2.1085	2.0488	2.0628
-223	2.1072	2.0493	2.063
-222.8	2.106	2.0497	2.063
-222.6	2.1061	2.0501	2.0631
-222.4	2.1058	2.0506	2.0631
-222.2	2.105	2.0508	2.0628
-222	2.105	2.0511	2.0626
-221.8	2.1057	2.0514	2.0624
-221.6	2.1066	2.0517	2.0621
-221.4	2.1066	2.0518	2.0616
-221.2	2.1076	2.052	2.0612
-221	2.1085	2.0521	2.0606
-220.8	2.1096	2.0523	2.06
-220.6	2.1105	2.0523	2.0593
-220.4	2.1107	2.0523	2.0584
-220.2	2.112	2.0523	2.0574
-220	2.1148	2.0524	2.0564
-219.8	2.1168	2.0524	2.0551
-219.6	2.1181	2.0524	2.0537
-219.4	2.1202	2.0524	2.0522
-219.2	2.1224	2.0523	2.0505
-219	2.1241	2.0522	2.0487
-218.8	2.1264	2.0522	2.0468
-218.6	2.1283	2.0522	2.0448
-218.4	2.1292	2.0521	2.0428
-218.2	2.131	2.052	2.0407
-218	2.1332	2.052	2.0386
-217.8	2.1344	2.0519	2.0365
-217.6	2.1364	2.0519	2.0344
-217.4	2.139	2.0519	2.0323
-217.2	2.1404	2.0519	2.0302
-217	2.1405	2.052	2.0279
-216.8	2.1423	2.0521	2.0258
-216.6	2.1443	2.0523	2.0235
-216.4	2.145	2.0525	2.0212
-216.2	2.1455	2.0527	2.0188
-216	2.1465	2.0529	2.0164
-215.8	2.1469	2.0531	2.0139
-215.6	2.1477	2.0535	2.0115
-215.4	2.1487	2.0538	2.0091
-215.2	2.1487	2.0542	2.0066
-215	2.149	2.0546	2.0041
-214.8	2.1498	2.055	2.0017
-214.6	2.1494	2.0555	1.9994
-214.4	2.1484	2.056	1.997
-214.2	2.1486	2.0565	1.9948
-214	2.1486	2.0571	1.9926
-213.8	2.148	2.0577	1.9904
-213.6	2.1483	2.0583	1.9883
-213.4	2.1478	2.0589	1.9862
-213.2	2.1474	2.0595	1.9843
-213	2.1473	2.0602	1.9824
-212.8	2.1475	2.061	1.9805
-212.6	2.1471	2.0618	1.9786
-212.4	2.1466	2.0625	1.9767
-212.2	2.1479	2.0634	1.9749
-212	2.1492	2.0642	1.9732
-211.8	2.1493	2.0651	1.9715
-211.6	2.1491	2.0659	1.9697
-211.4	2.1503	2.0667	1.9682
-211.2	2.1495	2.0675	1.9666
-211	2.1502	2.0683	1.9651
-210.8	2.1513	2.0692	1.9637
-210.6	2.1527	2.07	1.9623
-210.4	2.1534	2.0708	1.9609
-210.2	2.1543	2.0716	1.9596
-210	2.1559	2.0725	1.9582
-209.8	2.1568	2.0733	1.9569
-209.6	2.1577	2.0741	1.9555
-209.4	2.1584	2.075	1.954
-209.2	2.1593	2.0758	1.9525
-209	2.1607	2.0767	1.951
-208.8	2.1623	2.0776	1.9494
-208.6	2.1634	2.0785	1.9478
-208.4	2.1646	2.0794	1.9462
-208.2	2.1663	2.0803	1.9445
-208	2.1678	2.0812	1.9429
-207.8	2.1694	2.0821	1.9412
-207.6	2.1708	2.083	1.9396
-207.4	2.171	2.0839	1.9379
-207.2	2.1711	2.0847	1.9362
-207	2.1722	2.0856	1.9345
-206.8	2.1724	2.0865	1.9328
-206.6	2.1716	2.0873	1.9311
-206.4	2.1715	2.0881	1.9294
-206.2	2.1721	2.089	1.9277
-206	2.1719	2.0898	1.926
-205.8	2.1713	2.0907	1.9242
-205.6	2.1711	2.0916	1.9224
-205.4	2.1702	2.0924	1.9207
-205.2	2.1696	2.0932	1.9189
-205	2.169	2.0941	1.9171
-204.8	2.1679	2.0948	1.9153
-204.6	2.1673	2.0956	1.9136
-204.4	2.1667	2.0964	1.9119
-204.2	2.1656	2.0971	1.9102
-204	2.1646	2.0978	1.9086
-203.8	2.1633	2.0985	1.9069
-203.6	2.1616	2.0991	1.9052
-203.4	2.1609	2.0996	1.9037
-203.2	2.16	2.1002	1.9021
-203	2.1605	2.1007	1.9006
-202.8	2.1594	2.1011	1.899
-202.6	2.1589	2.1014	1.8975
-202.4	2.1578	2.1018	1.896
-202.2	2.1569	2.102	1.8945
-202	2.1572	2.1023	1.8931
-201.8	2.1573	2.1025	1.8918
-201.6	2.1568	2.1028	1.8905
-201.4	2.1571	2.1029	1.8892
-201.2	2.1581	2.103	1.8881
-201	2.1584	2.1031	1.887
-200.8	2.1582	2.1031	1.8859
-200.6	2.1589	2.1032	1.8849
-200.4	2.1602	2.1032	1.884
-200.2	2.1617	2.1032	1.8832
-200	2.1631	2.1033	1.8824
-199.8	2.164	2.1033	1.8817
-199.6	2.1642	2.1033	1.881
-199.4	2.165	2.1033	1.8804
-199.2	2.1666	2.1033	1.8799
-199	2.1679	2.1033	1.8795
-198.8	2.168	2.1033	1.8791
-198.6	2.1685	2.1034	1.8788
-198.4	2.17	2.1036	1.8786
-198.2	2.1722	2.1039	1.8785
-198	2.1739	2.1042	1.8785
-197.8	2.1748	2.1045	1.8785
-197.6	2.1759	2.1049	1.8786
-197.4	2.1772	2.1053	1.8788
-197.2	2.1786	2.1058	1.879
-197	2.179	2.1063	1.8792
-196.8	2.1788	2.1069	1.8795
-196.6	2.1797	2.1076	1.8798
-196.4	2.18	2.1083	1.8802
-196.2	2.1792	2.1091	1.8806
-196	2.1799	2.11	1.881
-195.8	2.18	2.1108	1.8815
-195.6	2.1785	2.1117	1.8819
-195.4	2.1779	2.1127	1.8824
-195.2	2.1775	2.1138	1.883
-195	2.1762	2.1148	1.8835
-194.8	2.1748	2.1159	1.884
-194.6	2.1744	2.117	1.8846
-194.4	2.1737	2.1182	1.8851
-194.2	2.1724	2.1193	1.8856
-194	2.1722	2.1206	1.8862
-193.8	2.172	2.1218	1.8867
-193.6	2.1701	2.123	1.8871
-193.4	2.1686	2.124	1.8874
-193.2	2.1683	2.1252	1.8878
-193	2.1675	2.1263	1.8881
-192.8	2.1659	2.1273	1.8882
-192.6	2.1651	2.1283	1.8883
-192.4	2.1651	2.1293	1.8884
-192.2	2.1644	2.1302	1.8884
-192	2.1634	2.131	1.8883
-191.8	2.1617	2.1317	1.8881
-191.6	2.1604	2.1323	1.8877
-191.4	2.1601	2.1329	1.8874
-191.2	2.1591	2.1334	1.8869
-191	2.1582	2.1338	1.8863
-190.8	2.1574	2.1341	1.8855
-190.6	2.1573	2.1344	1.8848
-190.4	2.1583	2.1346	1.8839
-190.2	2.1584	2.1347	1.8829
-190	2.1579	2.1347	1.8817
-189.8	2.1582	2.1347	1.8804
-189.6	2.159	2.1346	1.8791
-189.4	2.1604	2.1345	1.8777
-189.2	2.1611	2.1343	1.8762
-189	2.1612	2.134	1.8746
-188.8	2.1626	2.1337	1.8729
-188.6	2.1651	2.1334	1.8713
-188.4	2.1664	2.133	1.8696
-188.2	2.1681	2.1325	1.8679
-188	2.1706	2.1322	1.8662
-187.8	2.1723	2.1317	1.8645
-187.6	2.1735	2.1313	1.8627
-187.4	2.1761	2.1308	1.861
-187.2	2.1778	2.1304	1.8592
-187	2.1789	2.1298	1.8574
-186.8	2.1801	2.1293	1.8556
-186.6	2.1822	2.1289	1.8538
-186.4	2.183	2.1284	1.8519
-186.2	2.1837	2.1279	1.85
-186	2.1853	2.1275	1.8482
-185.8	2.1859	2.127	1.8464
-185.6	2.1853	2.1265	1.8445
-185.4	2.1857	2.126	1.8427
-185.2	2.1868	2.1256	1.841
-185	2.1861	2.125	1.8392
-184.8	2.1849	2.1245	1.8374
-184.6	2.1846	2.1239	1.8357
-184.4	2.1849	2.1234	1.834
-184.2	2.184	2.1228	1.8323
-184	2.1836	2.1222	1.8305
-183.8	2.1828	2.1216	1.8288
-183.6	2.1815	2.121	1.827
-183.4	2.1815	2.1203	1.8253
-183.2	2.1814	2.1197	1.8236
-183	2.1808	2.119	1.8218
-182.8	2.1799	2.1182	1.82
-182.6	2.1792	2.1175	1.8183
-182.4	2.1789	2.1167	1.8165
-182.2	2.1794	2.1158	1.8147
-182	2.1787	2.115	1.813
-181.8	2.1798	2.1141	1.8114
-181.6	2.1755	2.1132	1.8098
-181.4	2.1777	2.1122	1.8082
-181.2	2.1757	2.1112	1.8067
-181	2.1775	2.1102	1.8052
-180.8	2.179	2.1091	1.8038
-180.6	2.179	2.108	1.8024
-180.4	2.1804	2.1069	1.801
-180.2	2.1814	2.1057	1.7997
-180	2.1825	2.1046	1.7984
-179.8	2.1843	2.1033	1.797
-179.6	2.1836	2.102	1.7956
-179.4	2.1847	2.1009	1.7942
-179.2	2.1865	2.0996	1.7927
-179	2.1857	2.0983	1.7913
-178.8	2.189	2.097	1.79
-178.6	2.1904	2.0958	1.7886
-178.4	2.1913	2.0945	1.7873
-178.2	2.1935	2.0933	1.7861
-178	2.1939	2.092	1.7849
-177.8	2.1953	2.0908	1.7836
-177.6	2.1979	2.0896	1.7824
-177.4	2.1994	2.0885	1.7812
-177.2	2.2055	2.0874	1.78
-177	2.2073	2.0864	1.7788
-176.8	2.2068	2.0854	1.7776
-176.6	2.2074	2.0844	1.7764
-176.4	2.2056	2.0834	1.7752
-176.2	2.2057	2.0822	1.7739
-176	2.2098	2.081	1.7726
-175.8	2.213	2.0799	1.7713
-175.6	2.218	2.0788	1.7699
-175.4	2.2191	2.0774	1.7686
-175.2	2.216	2.0761	1.7671
-175	2.2147	2.0747	1.7657
-174.8	2.2111	2.0734	1.7644
-174.6	2.2093	2.072	1.763
-174.4	2.2094	2.0703	1.7616
-174.2	2.209	2.0687	1.7602
-174	2.2091	2.0671	1.7589
-173.8	2.21	2.0654	1.7574
-173.6	2.2054	2.0636	1.756
-173.4	2.2077	2.0619	1.7544
-173.2	2.202	2.0602	1.7529
-173	2.2001	2.0584	1.7512
-172.8	2.198	2.0566	1.7496
-172.6	2.1978	2.0548	1.748
-172.4	2.2021	2.053	1.7465
-172.2	2.2043	2.0512	1.7449
-172	2.2055	2.0493	1.7433
-171.8	2.2056	2.0473	1.7417
-171.6	2.2025	2.0453	1.7403
-171.4	2.2022	2.0432	1.7388
-171.2	2.2011	2.0411	1.7375
-171	2.1993	2.039	1.7361
-170.8	2.2041	2.0371	1.7349
-170.6	2.208	2.0351	1.7338
-170.4	2.2129	2.0331	1.7328
-170.2	2.2174	2.0311	1.7318
-170	2.2175	2.0292	1.7309
-169.8	2.2167	2.0273	1.73
-169.6	2.2158	2.0255	1.7292
-169.4	2.2147	2.0237	1.7285
-169.2	2.2187	2.022	1.7279
-169	2.2201	2.0203	1.7273
-168.8	2.2248	2.0185	1.7269
-168.6	2.2327	2.0168	1.7267
-168.4	2.235	2.0152	1.7264
-168.2	2.236	2.0134	1.7262
-168	2.2363	2.0119	1.7262
-167.8	2.2327	2.0105	1.7263
-167.6	2.2316	2.0088	1.7263
-167.4	2.2315	2.0072	1.7264
-167.2	2.2365	2.0058	1.7266
-167	2.2451	2.0045	1.7269
-166.8	2.2475	2.0031	1.7271
-166.6	2.2495	2.0018	1.7274
-166.4	2.2494	2.0005	1.7278
-166.2	2.2455	1.9993	1.7281
-166	2.2446	1.9981	1.7283
-165.8	2.2457	1.9971	1.7285
-165.6	2.2476	1.9961	1.7286
-165.4	2.2536	1.9952	1.7289
-165.2	2.2567	1.9942	1.7291
-165	2.2594	1.9933	1.7293
-164.8	2.2615	1.9924	1.7296
-164.6	2.2615	1.9915	1.73
-164.4	2.2628	1.9906	1.7303
-164.2	2.2635	1.9896	1.7305
-164	2.2641	1.9887	1.7307
-163.8	2.2668	1.9877	1.7309
-163.6	2.2689	1.9868	1.7311
-163.4	2.2702	1.9858	1.7313
-163.2	2.2713	1.9849	1.7315
-163	2.2724	1.984	1.7316
-162.8	2.2753	1.983	1.7318
-162.6	2.277	1.9819	1.7318
-162.4	2.2764	1.9809	1.7319
-162.2	2.2764	1.9799	1.7319
-162	2.2736	1.9787	1.7318
-161.8	2.2719	1.9776	1.7317
-161.6	2.2742	1.9765	1.7316
-161.4	2.2759	1.9755	1.7314
-161.2	2.2784	1.9744	1.7312
-161	2.2803	1.9733	1.7309
-160.8	2.2803	1.9723	1.7306
-160.6	2.2785	1.9712	1.7302
-160.4	2.2728	1.9701	1.7297
-160.2	2.2696	1.9689	1.7291
-160	2.2714	1.9679	1.7285
-159.8	2.274	1.9668	1.7278
-159.6	2.2798	1.9657	1.727
-159.4	2.2849	1.9648	1.7262
-159.2	2.2867	1.9638	1.7253
-159	2.2857	1.9629	1.7242
-158.8	2.2823	1.9619	1.7231
-158.6	2.2806	1.961	1.722
-158.4	2.2821	1.9602	1.7207
-158.2	2.2848	1.9593	1.7193
-158	2.2919	1.9585	1.7179
-157.8	2.299	1.9578	1.7165
-157.6	2.3021	1.9571	1.7151
-157.4	2.3044	1.9565	1.7137
-157.2	2.3044	1.956	1.7123
-157	2.3038	1.9555	1.7109
-156.8	2.3058	1.9551	1.7095
-156.6	2.31	1.9548	1.7081
-156.4	2.3157	1.9544	1.7066
-156.2	2.3217	1.9541	1.7051
-156	2.3263	1.9539	1.7036
-155.8	2.3298	1.9537	1.7022
-155.6	2.3295	1.9534	1.7006
-155.4	2.3282	1.9532	1.699
-155.2	2.3299	1.953	1.6975
-155	2.3324	1.9528	1.6959
-154.8	2.3359	1.9526	1.6943
-154.6	2.3406	1.9525	1.6927
-154.4	2.3446	1.9524	1.6911
-154.2	2.3462	1.9522	1.6894
-154	2.346	1.9519	1.6877
-153.8	2.347	1.9518	1.6861
-153.6	2.3482	1.9516	1.6845
-153.4	2.3484	1.9514	1.6828
-153.2	2.3513	1.9512	1.6811
-153	2.3551	1.9509	1.6795
-152.8	2.3573	1.9507	1.6779
-152.6	2.3587	1.9504	1.6763
-152.4	2.3592	1.9501	1.6747
-152.2	2.3601	1.9498	1.6732
-152	2.361	1.9494	1.6717
-151.8	2.3622	1.949	1.6701
-151.6	2.3653	1.9486	1.6686
-151.4	2.3682	1.9482	1.6671
-151.2	2.3704	1.9478	1.6656
-151	2.3728	1.9474	1.6641
-150.8	2.3743	1.9471	1.6628
-150.6	2.3756	1.9469	1.6615
-150.4	2.3771	1.9466	1.6602
-150.2	2.3781	1.9464	1.659
-150	2.3807	1.9462	1.6578
-149.8	2.3836	1.9461	1.6567
-149.6	2.3864	1.9461	1.6557
-149.4	2.3898	1.9462	1.6547
-149.2	2.3915	1.9463	1.6537
-149	2.3924	1.9463	1.6526
-148.8	2.3937	1.9465	1.6516
-148.6	2.3955	1.9466	1.6506
-148.4	2.3981	1.9469	1.6496
-148.2	2.4012	1.9472	1.6486
-148	2.4038	1.9476	1.6475
-147.8	2.4062	1.948	1.6465
-147.6	2.4083	1.9484	1.6454
-147.4	2.4114	1.9491	1.6443
-147.2	2.415	1.9497	1.6432
-147	2.4183	1.9504	1.6421
-146.8	2.4221	1.9512	1.641
-146.6	2.4257	1.9521	1.6398
-146.4	2.4293	1.953	1.6386
-146.2	2.433	1.954	1.6374
-146	2.4366	1.9551	1.6362
-145.8	2.4397	1.9562	1.6349
-145.6	2.4429	1.9574	1.6336
-145.4	2.4468	1.9586	1.6323
-145.2	2.4513	1.9598	1.631
-145	2.455	1.9611	1.6296
-144.8	2.4582	1.9624	1.6283
-144.6	2.4616	1.9637	1.6269
-144.4	2.4648	1.9651	1.6257
-144.2	2.4675	1.9665	1.6243
-144	2.4686	1.9678	1.623
-143.8	2.4707	1.9693	1.6216
-143.6	2.474	1.9708	1.6204
-143.4	2.4759	1.9723	1.6191
-143.2	2.4768	1.9738	1.6177
-143	2.4796	1.9754	1.6165
-142.8	2.4834	1.9771	1.6153
-142.6	2.4852	1.9788	1.614
-142.4	2.4862	1.9804	1.6127
-142.2	2.4886	1.9821	1.6115
-142	2.4905	1.9838	1.6103
-141.8	2.4917	1.9854	1.609
-141.6	2.4938	1.9872	1.6078
-141.4	2.4961	1.9889	1.6066
-141.2	2.4973	1.9906	1.6055
-141	2.4989	1.9923	1.6043
-140.8	2.5008	1.9941	1.6033
-140.6	2.5032	1.9959	1.6022
-140.4	2.5054	1.9977	1.6012
-140.2	2.5079	1.9994	1.6002
-140	2.5107	2.0013	1.5993
-139.8	2.514	2.0031	1.5984
-139.6	2.5174	2.0049	1.5976
-139.4	2.5208	2.0067	1.5968
-139.2	2.5241	2.0084	1.596
-139	2.5274	2.0102	1.5952
-138.8	2.5306	2.0119	1.5945
-138.6	2.534	2.0137	1.5938
-138.4	2.5389	2.0155	1.5932
-138.2	2.5439	2.0172	1.5927
-138	2.5481	2.019	1.5922
-137.8	2.5532	2.0207	1.5918
-137.6	2.5592	2.0225	1.5915
-137.4	2.5643	2.0243	1.5913
-137.2	2.5683	2.026	1.5911
-137	2.572	2.0278	1.5909
-136.8	2.5766	2.0296	1.5908
-136.6	2.5821	2.0314	1.5908
-136.4	2.5868	2.0332	1.5908
-136.2	2.5904	2.0349	1.5907
-136	2.5944	2.0366	1.5907
-135.8	2.5999	2.0384	1.5908
-135.6	2.6045	2.0401	1.5908
-135.4	2.6078	2.0417	1.5909
-135.2	2.6121	2.0434	1.5909
-135	2.6176	2.045	1.591
-134.8	2.6224	2.0467	1.5911
-134.6	2.6252	2.0482	1.5911
-134.4	2.6287	2.0498	1.5912
-134.2	2.6326	2.0514	1.5914
-134	2.635	2.0528	1.5915
-133.8	2.639	2.0544	1.5917
-133.6	2.6433	2.0559	1.5919
-133.4	2.6464	2.0574	1.5921
-133.2	2.6487	2.0588	1.5922
-133	2.6522	2.0602	1.5923
-132.8	2.6552	2.0617	1.5925
-132.6	2.6572	2.0631	1.5926
-132.4	2.66	2.0644	1.5927
-132.2	2.6636	2.0658	1.5929
-132	2.6659	2.0671	1.593
-131.8	2.6684	2.0683	1.593
-131.6	2.6721	2.0695	1.5931
-131.4	2.6752	2.0707	1.5931
-131.2	2.6778	2.0718	1.593
-131	2.6798	2.073	1.5929
-130.8	2.6825	2.0741	1.5929
-130.6	2.6855	2.0752	1.5927
-130.4	2.6884	2.0762	1.5926
-130.2	2.6912	2.0772	1.5923
-130	2.6945	2.0782	1.592
-129.8	2.6986	2.0792	1.5916
-129.6	2.7018	2.0801	1.5911
-129.4	2.7044	2.0809	1.5905
-129.2	2.7069	2.0817	1.5899
-129	2.71	2.0826	1.5892
-128.8	2.7137	2.0834	1.5885
-128.6	2.7181	2.0842	1.5876
-128.4	2.722	2.0849	1.5866
-128.2	2.7264	2.0856	1.5856
-128	2.7317	2.0864	1.5845
-127.8	2.7364	2.087	1.5833
-127.6	2.7402	2.0875	1.5821
-127.4	2.7444	2.0881	1.5808
-127.2	2.7491	2.0886	1.5794
-127	2.7544	2.0891	1.5781
-126.8	2.7604	2.0896	1.5768
-126.6	2.766	2.09	1.5754
-126.4	2.7722	2.0904	1.574
-126.2	2.7788	2.0908	1.5727
-126	2.7846	2.0911	1.5713
-125.8	2.7906	2.0914	1.5699
-125.6	2.7962	2.0916	1.5685
-125.4	2.8028	2.0918	1.5671
-125.2	2.8089	2.092	1.5657
-125	2.8159	2.0921	1.5644
-124.8	2.823	2.0923	1.5631
-124.6	2.8292	2.0925	1.5618
-124.4	2.8344	2.0926	1.5605
-124.2	2.8397	2.0927	1.5592
-124	2.8446	2.0928	1.5579
-123.8	2.85	2.0928	1.5566
-123.6	2.8556	2.0929	1.5553
-123.4	2.8607	2.0929	1.554
-123.2	2.8662	2.0928	1.5527
-123	2.8709	2.0929	1.5514
-122.8	2.8757	2.0929	1.5501
-122.6	2.8804	2.0929	1.5488
-122.4	2.8851	2.0929	1.5475
-122.2	2.8893	2.0929	1.5462
-122	2.8943	2.0929	1.5449
-121.8	2.8998	2.0929	1.5437
-121.6	2.9044	2.0929	1.5424
-121.4	2.91	2.093	1.5412
-121.2	2.9154	2.0931	1.54
-121	2.92	2.0932	1.5389
-120.8	2.9248	2.0933	1.5376
-120.6	2.9308	2.0935	1.5365
-120.4	2.936	2.0937	1.5353
-120.2	2.9408	2.0938	1.5341
-120	2.9456	2.0939	1.5329
-119.8	2.9505	2.0941	1.5317
-119.6	2.9549	2.0942	1.5305
-119.4	2.9599	2.0944	1.5294
-119.2	2.9654	2.0945	1.5283
-119	2.9715	2.0947	1.5271
-118.8	2.978	2.0948	1.526
-118.6	2.9842	2.095	1.525
-118.4	2.9902	2.0951	1.5239
-118.2	2.9961	2.0953	1.5229
-118	3.0027	2.0953	1.522
-117.8	3.0097	2.0954	1.521
-117.6	3.0167	2.0955	1.5201
-117.4	3.0242	2.0954	1.5191
-117.2	3.0316	2.0954	1.5181
-117	3.0392	2.0954	1.5172
-116.8	3.0463	2.0953	1.5162
-116.6	3.0522	2.0951	1.5152
-116.4	3.0581	2.0949	1.5142
-116.2	3.0656	2.0946	1.5132
-116	3.0724	2.0943	1.5121
-115.8	3.0805	2.0939	1.5111
-115.6	3.0886	2.0936	1.5101
-115.4	3.0959	2.0932	1.509
-115.2	3.1028	2.0927	1.508
-115	3.1096	2.0923	1.507
-114.8	3.1166	2.0919	1.5059
-114.6	3.1238	2.0914	1.5049
-114.4	3.1308	2.0909	1.5039
-114.2	3.1388	2.0904	1.5029
-114	3.1468	2.0899	1.5019
-113.8	3.155	2.0893	1.5009
-113.6	3.1624	2.0887	1.5
-113.4	3.1687	2.088	1.499
-113.2	3.174	2.0872	1.4979
-113	3.1804	2.0865	1.4969
-112.8	3.1868	2.0857	1.4959
-112.6	3.1927	2.0848	1.4948
-112.4	3.1991	2.0839	1.4938
-112.2	3.2055	2.0829	1.4926
-112	3.2107	2.0819	1.4915
-111.8	3.2157	2.0808	1.4904
-111.6	3.2211	2.0798	1.4893
-111.4	3.2268	2.0786	1.4882
-111.2	3.2329	2.0775	1.4871
-111	3.239	2.0764	1.486
-110.8	3.2456	2.0752	1.4849
-110.6	3.2523	2.074	1.4839
-110.4	3.2596	2.0728	1.4829
-110.2	3.2678	2.0717	1.482
-110	3.2758	2.0704	1.4811
-109.8	3.2831	2.0692	1.4801
-109.6	3.29	2.0678	1.4791
-109.4	3.2983	2.0664	1.4781
-109.2	3.3074	2.0651	1.4772
-109	3.3155	2.0637	1.4763
-108.8	3.3232	2.0623	1.4753
-108.6	3.3314	2.0609	1.4745
-108.4	3.3401	2.0595	1.4737
-108.2	3.3479	2.058	1.4729
-108	3.3558	2.0565	1.4722
-107.8	3.3657	2.0551	1.4716
-107.6	3.3744	2.0536	1.4711
-107.4	3.3829	2.0521	1.4706
-107.2	3.3933	2.0507	1.4703
-107	3.4041	2.0493	1.4701
-106.8	3.4144	2.0477	1.4698
-106.6	3.4244	2.0462	1.4697
-106.4	3.4356	2.0446	1.4696
-106.2	3.4466	2.0431	1.4696
-106	3.4566	2.0414	1.4696
-105.8	3.4678	2.0398	1.4697
-105.6	3.4791	2.0382	1.4697
-105.4	3.4893	2.0365	1.4698
-105.2	3.4999	2.0348	1.4699
-105	3.5118	2.0332	1.47
-104.8	3.5225	2.0315	1.4701
-104.6	3.5322	2.0298	1.4702
-104.4	3.543	2.0281	1.4703
-104.2	3.5541	2.0264	1.4705
-104	3.5637	2.0246	1.4706
-103.8	3.574	2.0228	1.4707
-103.6	3.5848	2.0211	1.4709
-103.4	3.5956	2.0193	1.4711
-103.2	3.606	2.0176	1.4713
-103	3.6154	2.0159	1.4713
-102.8	3.6255	2.0141	1.4714
-102.6	3.6361	2.0124	1.4714
-102.4	3.6465	2.0107	1.4714
-102.2	3.6565	2.0091	1.4714
-102	3.6657	2.0074	1.4713
-101.8	3.6745	2.0056	1.4712
-101.6	3.684	2.004	1.471
-101.4	3.6939	2.0024	1.4708
-101.2	3.7032	2.0009	1.4706
-101	3.7121	1.9993	1.4704
-100.8	3.7214	1.9978	1.4702
-100.6	3.7314	1.9964	1.4699
-100.4	3.7399	1.9949	1.4697
-100.2	3.7484	1.9935	1.4693
-100	3.7581	1.9921	1.469
-99.8	3.7688	1.9907	1.4687
-99.6	3.7787	1.9894	1.4684
-99.4	3.7888	1.988	1.468
-99.2	3.7989	1.9867	1.4675
-99	3.8093	1.9854	1.467
-98.8	3.8203	1.9842	1.4665
-98.6	3.83	1.983	1.4658
-98.4	3.8406	1.9817	1.4651
-98.2	3.8519	1.9806	1.4645
-98	3.8635	1.9794	1.4637
-97.8	3.8748	1.9783	1.4628
-97.6	3.8866	1.9772	1.462
-97.4	3.8986	1.9761	1.4611
-97.2	3.9114	1.9751	1.4602
-97	3.9238	1.9741	1.4593
-96.8	3.9358	1.9731	1.4583
-96.6	3.9482	1.9721	1.4574
-96.4	3.9621	1.9712	1.4564
-96.2	3.9764	1.9704	1.4555
-96	3.9901	1.9695	1.4545
-95.8	4.0043	1.9687	1.4535
-95.6	4.0179	1.9679	1.4525
-95.4	4.0317	1.9672	1.4515
-95.2	4.0454	1.9664	1.4504
-95	4.0587	1.9657	1.4493
-94.8	4.0725	1.965	1.4482
-94.6	4.0866	1.9644	1.447
-94.4	4.1011	1.9639	1.4459
-94.2	4.1153	1.9633	1.4448
-94	4.1297	1.9627	1.4437
-93.8	4.145	1.9622	1.4426
-93.6	4.1597	1.9618	1.4415
-93.4	4.1737	1.9614	1.4403
-93.2	4.1876	1.961	1.4392
-93	4.2022	1.9607	1.438
-92.8	4.2164	1.9605	1.4369
-92.6	4.2296	1.9602	1.4357
-92.4	4.2422	1.96	1.4345
-92.2	4.2563	1.9598	1.4333
-92	4.2707	1.9597	1.4321
-91.8	4.2846	1.9595	1.4309
-91.6	4.2978	1.9594	1.4297
-91.4	4.3119	1.9593	1.4285
-91.2	4.3257	1.9592	1.4273
-91	4.3401	1.9592	1.4261
-90.8	4.3542	1.9591	1.4249
-90.6	4.3679	1.9591	1.4237
-90.4	4.3832	1.9591	1.4225
-90.2	4.3976	1.9591	1.4214
-90	4.4116	1.9591	1.4202
-89.8	4.4269	1.9591	1.4191
-89.6	4.4431	1.9591	1.4181
-89.4	4.4587	1.9592	1.4171
-89.2	4.4741	1.9593	1.4161
-89	4.4897	1.9595	1.4151
-88.8	4.5062	1.9597	1.4142
-88.6	4.5229	1.9599	1.4133
-88.4	4.5398	1.9601	1.4125
-88.2	4.5566	1.9603	1.4117
-88	4.5733	1.9605	1.4108
-87.8	4.5896	1.9608	1.41
-87.6	4.6055	1.961	1.4092
-87.4	4.6233	1.9614	1.4084
-87.2	4.6412	1.9618	1.4077
-87	4.6586	1.9622	1.4069
-86.8	4.6763	1.9627	1.4061
-86.6	4.6946	1.9632	1.4054
-86.4	4.7131	1.9637	1.4047
-86.2	4.7317	1.9642	1.4039
-86	4.7506	1.9648	1.4032
-85.8	4.7687	1.9654	1.4023
-85.6	4.7865	1.966	1.4015
-85.4	4.8059	1.9668	1.4007
-85.2	4.8262	1.9675	1.3999
-85	4.846	1.9683	1.3991
-84.8	4.8661	1.969	1.3983
-84.6	4.8863	1.9697	1.3974
-84.4	4.9069	1.9705	1.3965
-84.2	4.9282	1.9713	1.3956
-84	4.9505	1.9721	1.3947
-83.8	4.9723	1.9728	1.3937
-83.6	4.9935	1.9735	1.3928
-83.4	5.016	1.9743	1.3918
-83.2	5.038	1.975	1.3908
-83	5.0599	1.9757	1.3898
-82.8	5.0825	1.9764	1.3887
-82.6	5.1052	1.9772	1.3877
-82.4	5.1277	1.9778	1.3866
-82.2	5.1503	1.9784	1.3855
-82	5.1744	1.979	1.3844
-81.8	5.1977	1.9796	1.3834
-81.6	5.2208	1.9801	1.3824
-81.4	5.2446	1.9806	1.3814
-81.2	5.2677	1.9812	1.3804
-81	5.2907	1.9817	1.3794
-80.8	5.3144	1.9821	1.3784
-80.6	5.3378	1.9826	1.3775
-80.4	5.3605	1.983	1.3766
-80.2	5.3835	1.9834	1.3757
-80	5.4072	1.9838	1.3748
-79.8	5.4299	1.9842	1.3739
-79.6	5.4526	1.9846	1.3731
-79.4	5.4775	1.9852	1.3723
-79.2	5.5013	1.9857	1.3715
-79	5.5241	1.9861	1.3708
-78.8	5.5482	1.9867	1.3701
-78.6	5.573	1.9873	1.3694
-78.4	5.5965	1.9879	1.3688
-78.2	5.6207	1.9886	1.3682
-78	5.6446	1.9892	1.3676
-77.8	5.6689	1.99	1.3671
-77.6	5.6947	1.9908	1.3666
-77.4	5.7216	1.9917	1.3662
-77.2	5.7478	1.9927	1.3659
-77	5.7739	1.9937	1.3656
-76.8	5.8007	1.9947	1.3653
-76.6	5.8271	1.9959	1.365
-76.4	5.8537	1.997	1.3647
-76.2	5.8818	1.9983	1.3645
-76	5.9104	1.9997	1.3644
-75.8	5.938	2.0011	1.3642
-75.6	5.966	2.0026	1.364
-75.4	5.9947	2.0042	1.3639
-75.2	6.0228	2.0058	1.3638
-75	6.052	2.0075	1.3637
-74.8	6.0817	2.0093	1.3636
-74.6	6.1103	2.0111	1.3634
-74.4	6.1388	2.0129	1.3633
-74.2	6.1682	2.0148	1.3632
-74	6.1973	2.0166	1.3632
-73.8	6.226	2.0185	1.3631
-73.6	6.2562	2.0205	1.3631
-73.4	6.2863	2.0225	1.3631
-73.2	6.3152	2.0244	1.363
-73	6.3445	2.0264	1.3629
-72.8	6.3743	2.0283	1.3629
-72.6	6.404	2.0302	1.3628
-72.4	6.4339	2.0321	1.3627
-72.2	6.4638	2.0339	1.3626
-72	6.4934	2.0357	1.3625
-71.8	6.524	2.0373	1.3623
-71.6	6.5561	2.039	1.3623
-71.4	6.5879	2.0407	1.3622
-71.2	6.6188	2.0422	1.3621
-71	6.6505	2.0436	1.362
-70.8	6.683	2.0451	1.362
-70.6	6.7141	2.0464	1.3619
-70.4	6.7452	2.0476	1.3618
-70.2	6.7783	2.0488	1.3617
-70	6.8124	2.05	1.3617
-69.8	6.8462	2.051	1.3616
-69.6	6.8796	2.052	1.3614
-69.4	6.9136	2.0529	1.3613
-69.2	6.9485	2.0538	1.3612
-69	6.9835	2.0547	1.361
-68.8	7.0174	2.0555	1.3606
-68.6	7.0522	2.0562	1.3602
-68.4	7.0889	2.057	1.3598
-68.2	7.1261	2.0578	1.3595
-68	7.1631	2.0585	1.359
-67.8	7.2003	2.0591	1.3585
-67.6	7.2387	2.0599	1.358
-67.4	7.2767	2.0606	1.3574
-67.2	7.3153	2.0613	1.3568
-67	7.3548	2.0621	1.3561
-66.8	7.3938	2.0629	1.3553
-66.6	7.4323	2.0637	1.3545
-66.4	7.4726	2.0646	1.3538
-66.2	7.5131	2.0655	1.353
-66	7.5533	2.0665	1.3522
-65.8	7.5951	2.0675	1.3513
-65.6	7.637	2.0685	1.3504
-65.4	7.6786	2.0696	1.3495
-65.2	7.7205	2.0707	1.3485
-65	7.763	2.0719	1.3475
-64.8	7.8064	2.073	1.3465
-64.6	7.8505	2.0743	1.3455
-64.4	7.8942	2.0754	1.3445
-64.2	7.9386	2.0766	1.3435
-64	7.9842	2.0779	1.3425
-63.8	8.0304	2.0792	1.3416
-63.6	8.0755	2.0804	1.3406
-63.4	8.1209	2.0817	1.3395
-63.2	8.1676	2.0829	1.3386
-63	8.2146	2.0841	1.3377
-62.8	8.2609	2.0853	1.3367
-62.6	8.3077	2.0865	1.3358
-62.4	8.3553	2.0876	1.3348
-62.2	8.4036	2.0887	1.3339
-62	8.4517	2.0896	1.3329
-61.8	8.4988	2.0904	1.3319
-61.6	8.5472	2.0912	1.3309
-61.4	8.5974	2.092	1.33
-61.2	8.6476	2.0927	1.3291
-61	8.6962	2.0932	1.328
-60.8	8.7457	2.0937	1.327
-60.6	8.7973	2.0942	1.326
-60.4	8.8491	2.0945	1.3251
-60.2	8.9004	2.0948	1.3242
-60	8.9531	2.095	1.3234
-59.8	9.0065	2.0952	1.3225
-59.6	9.0601	2.0953	1.3217
-59.4	9.1131	2.0952	1.3208
-59.2	9.1673	2.0952	1.32
-59	9.2221	2.0951	1.3192
-58.8	9.2769	2.0949	1.3184
-58.6	9.3323	2.0947	1.3177
-58.4	9.3891	2.0945	1.317
-58.2	9.4462	2.0942	1.3163
-58	9.504	2.0939	1.3156
-57.8	9.5632	2.0936	1.3149
-57.6	9.6225	2.0932	1.3141
-57.4	9.6822	2.0929	1.3134
-57.2	9.743	2.0926	1.3127
-57	9.8042	2.0923	1.3121
-56.8	9.8654	2.0919	1.3114
-56.6	9.9276	2.0916	1.3107
-56.4	9.9904	2.0913	1.31
-56.2	10.053	2.091	1.3093
-56	10.116	2.0907	1.3085
-55.8	10.18	2.0904	1.3078
-55.6	10.245	2.0902	1.3071
-55.4	10.311	2.09	1.3064
-55.2	10.377	2.0898	1.3058
-55	10.443	2.0897	1.305
-54.8	10.51	2.0895	1.3042
-54.6	10.579	2.0894	1.3035
-54.4	10.648	2.0893	1.3027
-54.2	10.719	2.0892	1.302
-54	10.789	2.089	1.3012
-53.8	10.86	2.0889	1.3004
-53.6	10.931	2.0888	1.2997
-53.4	11.002	2.0886	1.2988
-53.2	11.073	2.0883	1.298
-53	11.146	2.0882	1.2972
-52.8	11.219	2.088	1.2964
-52.6	11.293	2.0877	1.2956
-52.4	11.366	2.0874	1.2948
-52.2	11.442	2.0871	1.294
-52	11.518	2.0868	1.2933
-51.8	11.593	2.0863	1.2925
-51.6	11.669	2.0859	1.2917
-51.4	11.748	2.0854	1.2909
-51.2	11.828	2.085	1.2902
-51	11.908	2.0845	1.2895
-50.8	11.988	2.0839	1.2887
-50.6	12.071	2.0834	1.2881
-50.4	12.153	2.0828	1.2874
-50.2	12.235	2.0821	1.2866
-50	12.319	2.0813	1.2859
-49.8	12.404	2.0805	1.2852
-49.6	12.489	2.0796	1.2844
-49.4	12.575	2.0788	1.2838
-49.2	12.663	2.0779	1.2831
-49	12.751	2.077	1.2824
-48.8	12.838	2.076	1.2817
-48.6	12.928	2.0749	1.281
-48.4	13.018	2.0739	1.2803
-48.2	13.109	2.0728	1.2796
-48	13.202	2.0717	1.279
-47.8	13.296	2.0706	1.2784
-47.6	13.392	2.0695	1.2777
-47.4	13.488	2.0684	1.2771
-47.2	13.585	2.0673	1.2765
-47	13.684	2.0662	1.276
-46.8	13.784	2.0651	1.2755
-46.6	13.885	2.064	1.275
-46.4	13.988	2.063	1.2746
-46.2	14.091	2.0619	1.2742
-46	14.194	2.0608	1.2738
-45.8	14.298	2.0597	1.2734
-45.6	14.402	2.0585	1.273
-45.4	14.509	2.0574	1.2726
-45.2	14.617	2.0563	1.2723
-45	14.726	2.0553	1.2721
-44.8	14.835	2.0542	1.2718
-44.6	14.946	2.053	1.2715
-44.4	15.058	2.052	1.2714
-44.2	15.172	2.0509	1.2712
-44	15.285	2.0498	1.2711
-43.8	15.4	2.0487	1.271
-43.6	15.517	2.0476	1.271
-43.4	15.634	2.0466	1.2709
-43.2	15.752	2.0454	1.2708
-43	15.869	2.0442	1.2707
-42.8	15.989	2.043	1.2707
-42.6	16.109	2.0418	1.2706
-42.4	16.229	2.0405	1.2706
-42.2	16.354	2.0392	1.2706
-42	16.479	2.0379	1.2705
-41.8	16.605	2.0366	1.2705
-41.6	16.732	2.0352	1.2704
-41.4	16.861	2.0339	1.2704
-41.2	16.989	2.0325	1.2704
-41	17.121	2.031	1.2702
-40.8	17.253	2.0295	1.2701
-40.6	17.388	2.028	1.27
-40.4	17.523	2.0266	1.2699
-40.2	17.657	2.025	1.2698
-40	17.797	2.0235	1.2697
-39.8	17.934	2.022	1.2697
-39.6	18.074	2.0204	1.2696
-39.4	18.213	2.0189	1.2695
-39.2	18.357	2.0174	1.2694
-39	18.502	2.016	1.2692
-38.8	18.648	2.0145	1.2691
-38.6	18.796	2.0132	1.2689
-38.4	18.947	2.0118	1.2687
-38.2	19.097	2.0104	1.2684
-38	19.247	2.009	1.2681
-37.8	19.4	2.0076	1.2677
-37.6	19.557	2.0064	1.2674
-37.4	19.716	2.0052	1.267
-37.2	19.875	2.004	1.2667
-37	20.035	2.0029	1.2663
-36.8	20.196	2.0018	1.2659
-36.6	20.359	2.0008	1.2655
-36.4	20.524	1.9998	1.265
-36.2	20.688	1.9987	1.2645
-36	20.854	1.9977	1.264
-35.8	21.023	1.9968	1.2635
-35.6	21.195	1.9959	1.2629
-35.4	21.366	1.9949	1.2622
-35.2	21.539	1.9939	1.2615
-35	21.714	1.9931	1.2609
-34.8	21.891	1.9922	1.2602
-34.6	22.07	1.9914	1.2594
-34.4	22.252	1.9906	1.2587
-34.2	22.436	1.9898	1.258
-34	22.621	1.9889	1.2572
-33.8	22.807	1.9881	1.2565
-33.6	22.995	1.9873	1.2558
-33.4	23.184	1.9865	1.2551
-33.2	23.374	1.9858	1.2543
-33	23.569	1.9849	1.2536
-32.8	23.76	1.9841	1.2528
-32.6	23.957	1.9834	1.2521
-32.4	24.153	1.9826	1.2514
-32.2	24.351	1.9818	1.2506
-32	24.555	1.9811	1.25
-31.8	24.756	1.9803	1.2492
-31.6	24.96	1.9795	1.2484
-31.4	25.164	1.9788	1.2476
-31.2	25.375	1.9781	1.2468
-31	25.586	1.9775	1.2459
-30.8	25.797	1.9768	1.2451
-30.6	26.012	1.9762	1.2442
-30.4	26.228	1.9756	1.2434
-30.2	26.445	1.975	1.2426
-30	26.665	1.9745	1.2417
-29.8	26.888	1.974	1.241
-29.6	27.114	1.9735	1.2402
-29.4	27.338	1.9731	1.2394
-29.2	27.564	1.9726	1.2386
-29	27.794	1.9723	1.2379
-28.8	28.028	1.972	1.2371
-28.6	28.261	1.9717	1.2363
-28.4	28.495	1.9714	1.2355
-28.2	28.73	1.9711	1.2347
-28	28.97	1.9709	1.234
-27.8	29.215	1.9707	1.2333
-27.6	29.458	1.9705	1.2325
-27.4	29.703	1.9703	1.2317
-27.2	29.951	1.9703	1.2311
-27	30.202	1.9702	1.2303
-26.8	30.456	1.9701	1.2296
-26.6	30.712	1.9699	1.229
-26.4	30.971	1.9699	1.2284
-26.2	31.23	1.97	1.2279
-26	31.49	1.9701	1.2273
-25.8	31.752	1.9701	1.2268
-25.6	32.017	1.9701	1.2264
-25.4	32.284	1.9702	1.226
-25.2	32.552	1.9704	1.2255
-25	32.822	1.9705	1.225
-24.8	33.095	1.9708	1.2246
-24.6	33.371	1.9711	1.2242
-24.4	33.647	1.9712	1.2237
-24.2	33.925	1.9714	1.2232
-24	34.204	1.9717	1.2228
-23.8	34.484	1.9718	1.2221
-23.6	34.766	1.9721	1.2216
-23.4	35.051	1.9724	1.2211
-23.2	35.338	1.9727	1.2205
-23	35.625	1.973	1.22
-22.8	35.914	1.9733	1.2194
-22.6	36.205	1.9736	1.2188
-22.4	36.498	1.9739	1.2183
-22.2	36.791	1.9742	1.2177
-22	37.086	1.9745	1.2171
-21.8	37.382	1.9749	1.2166
-21.6	37.681	1.9752	1.2159
-21.4	37.979	1.9754	1.2153
-21.2	38.279	1.9758	1.2147
-21	38.582	1.9762	1.2141
-20.8	38.885	1.9765	1.2134
-20.6	39.187	1.9768	1.2127
-20.4	39.491	1.9771	1.212
-20.2	39.798	1.9774	1.2112
-20	40.107	1.9778	1.2105
-19.8	40.417	1.9781	1.2098
-19.6	40.725	1.9785	1.209
-19.4	41.037	1.9788	1.2083
-19.2	41.351	1.9793	1.2076
-19	41.666	1.9796	1.2068
-18.8	41.981	1.98	1.2061
-18.6	42.298	1.9805	1.2055
-18.4	42.616	1.9811	1.2049
-18.2	42.931	1.9816	1.2042
-18	43.248	1.9821	1.2036
-17.8	43.567	1.9826	1.2031
-17.6	43.888	1.9832	1.2026
-17.4	44.207	1.9839	1.2021
-17.2	44.527	1.9846	1.2015
-17	44.848	1.9853	1.2009
-16.8	45.17	1.986	1.2004
-16.6	45.492	1.9867	1.1998
-16.4	45.814	1.9874	1.1993
-16.2	46.135	1.9883	1.1987
-16	46.456	1.9891	1.1982
-15.8	46.779	1.9899	1.1978
-15.6	47.102	1.9908	1.1973
-15.4	47.424	1.9917	1.1969
-15.2	47.746	1.9927	1.1966
-15	48.067	1.9937	1.1963
-14.8	48.386	1.9946	1.196
-14.6	48.704	1.9956	1.1958
-14.4	49.02	1.9966	1.1955
-14.2	49.335	1.9976	1.1954
-14	49.65	1.9986	1.1953
-13.8	49.964	1.9995	1.1952
-13.6	50.276	2.0004	1.195
-13.4	50.587	2.0013	1.1948
-13.2	50.899	2.0023	1.1947
-13	51.212	2.0031	1.1945
-12.8	51.527	2.004	1.1943
-12.6	51.844	2.0049	1.1942
-12.4	52.163	2.0058	1.194
-12.2	52.486	2.0066	1.1938
-12	52.813	2.0075	1.1936
-11.8	53.142	2.0083	1.1934
-11.6	53.474	2.0091	1.1932
-11.4	53.808	2.0099	1.193
-11.2	54.144	2.0108	1.1929
-11	54.484	2.0117	1.1927
-10.8	54.825	2.0125	1.1925
-10.6	55.17	2.0134	1.1924
-10.4	55.517	2.0143	1.1923
-10.2	55.869	2.0152	1.1922
-10	56.226	2.0162	1.1921
-9.8	56.588	2.0171	1.192
-9.6	56.954	2.0181	1.1918
-9.4	57.322	2.0192	1.1915
-9.2	57.693	2.0203	1.1913
-9	58.064	2.0215	1.1911
-8.8	58.436	2.0227	1.1909
-8.6	58.808	2.024	1.1907
-8.4	59.18	2.0253	1.1905
-8.2	59.551	2.0267	1.1903
-8	59.922	2.0281	1.1901
-7.8	60.292	2.0296	1.1899
-7.6	60.661	2.0312	1.1898
-7.4	61.027	2.0327	1.1896
-7.2	61.39	2.0343	1.1895
-7	61.749	2.036	1.1893
-6.8	62.102	2.0377	1.1892
-6.6	62.451	2.0395	1.1891
-6.4	62.793	2.0412	1.1889
-6.2	63.13	2.0429	1.1887
-6	63.461	2.0447	1.1886
-5.8	63.789	2.0464	1.1884
-5.6	64.112	2.0482	1.1881
-5.4	64.433	2.05	1.1878
-5.2	64.753	2.0517	1.1875
-5	65.072	2.0534	1.1872
-4.8	65.389	2.0551	1.1869
-4.6	65.703	2.0568	1.1865
-4.4	66.013	2.0583	1.1861
-4.2	66.32	2.0599	1.1857
-4	66.622	2.0614	1.1853
-3.8	66.917	2.0628	1.1848
-3.6	67.21	2.0642	1.1843
-3.4	67.501	2.0655	1.1838
-3.2	67.794	2.0668	1.1832
-3	68.088	2.0681	1.1827
-2.8	68.385	2.0693	1.1821
-2.6	68.685	2.0704	1.1816
-2.4	68.989	2.0715	1.1811
-2.2	69.292	2.0726	1.1805
-2	69.595	2.0735	1.1798
-1.8	69.899	2.0745	1.1792
-1.6	70.203	2.0754	1.1785
-1.4	70.506	2.0762	1.1778
-1.2	70.81	2.077	1.1771
-1	71.117	2.0777	1.1764
-0.8	71.426	2.0784	1.1757
-0.6	71.738	2.079	1.175
-0.4	72.055	2.0796	1.1742
-0.2	72.375	2.0802	1.1735
0	72.697	2.0806	1.1727
0.2	73.023	2.0811	1.172
0.4	73.351	2.0816	1.1713
0.6	73.677	2.0819	1.1706
0.8	74.001	2.0823	1.1699
1	74.327	2.0827	1.1693
1.2	74.653	2.083	1.1686
1.4	74.981	2.0834	1.1679
1.6	75.315	2.0836	1.1672
1.8	75.654	2.0839	1.1665
2	75.999	2.0841	1.1659
2.2	76.349	2.0844	1.1653
2.4	76.7	2.0847	1.1647
2.6	77.052	2.0849	1.1641
2.8	77.405	2.0852	1.1635
3	77.76	2.0854	1.163
3.2	78.118	2.0857	1.1624
3.4	78.48	2.0859	1.1618
3.6	78.849	2.0861	1.1613
3.8	79.225	2.0864	1.1609
4	79.609	2.0866	1.1603
4.2	80.003	2.0868	1.1598
4.4	80.409	2.0871	1.1594
4.6	80.826	2.0873	1.1589
4.8	81.258	2.0876	1.1584
5	81.71	2.0878	1.1579
5.2	82.189	2.0881	1.1575
5.4	82.702	2.0882	1.1571
5.6	83.256	2.0884	1.1566
5.8	83.857	2.0885	1.1562
6	84.508	2.0887	1.1558
6.2	85.207	2.0887	1.1553
6.4	85.95	2.0888	1.1548
6.6	86.733	2.0888	1.1543
6.8	87.555	2.0889	1.1538
7	88.415	2.0889	1.1533
7.2	89.312	2.0888	1.1528
7.4	90.247	2.0887	1.1522
7.6	91.218	2.0885	1.1516
7.8	92.216	2.0882	1.151
8	93.233	2.0878	1.1504
8.2	94.256	2.0875	1.1499
8.4	95.272	2.087	1.1494
8.6	96.274	2.0865	1.1489
8.8	97.257	2.086	1.1484
9	98.22	2.0854	1.1479
9.2	99.163	2.0848	1.1473
9.4	100.08	2.0842	1.1469
9.6	100.97	2.0835	1.1464
9.8	101.81	2.0828	1.146
10	102.59	2.082	1.1456
10.2	103.29	2.0813	1.1453
10.4	103.91	2.0806	1.145
10.6	104.45	2.0798	1.1447
10.8	104.92	2.0791	1.1444
11	105.31	2.0784	1.1441
11.2	105.64	2.0776	1.1438
11.4	105.89	2.077	1.1435
11.6	106.07	2.0763	1.1433
11.8	106.16	2.0756	1.143
12	106.16	2.0748	1.1427
12.2	106.06	2.0741	1.1424
12.4	105.89	2.0734	1.1422
12.6	105.66	2.0727	1.1418
12.8	105.38	2.0719	1.1414
13	105.07	2.0713	1.1411
13.2	104.73	2.0706	1.1407
13.4	104.37	2.0699	1.1403
13.6	103.96	2.0693	1.1399
13.8	103.52	2.0688	1.1395
14	103.03	2.0682	1.1391
14.2	102.5	2.0676	1.1385
14.4	101.96	2.067	1.1379
14.6	101.4	2.0664	1.1372
14.8	100.85	2.0659	1.1365
15	100.3	2.0652	1.1358
15.2	99.742	2.0645	1.135
15.4	99.174	2.0639	1.1343
15.6	98.586	2.0632	1.1337
15.8	97.975	2.0625	1.133
16	97.346	2.0619	1.1324
16.2	96.706	2.0612	1.1318
16.4	96.068	2.0606	1.1312
16.6	95.438	2.0599	1.1306
16.8	94.819	2.0593	1.13
17	94.206	2.0587	1.1295
17.2	93.591	2.058	1.129
17.4	92.965	2.0574	1.1287
17.6	92.323	2.0567	1.1284
17.8	91.666	2.0561	1.1282
18	91.001	2.0554	1.128
18.2	90.337	2.0547	1.1279
18.4	89.684	2.054	1.1277
18.6	89.044	2.0534	1.1275
18.8	88.415	2.0527	1.1274
19	87.793	2.052	1.1273
19.2	87.167	2.0514	1.1273
19.4	86.53	2.0508	1.1274
19.6	85.879	2.0501	1.1274
19.8	85.217	2.0494	1.1275
20	84.556	2.0487	1.1276
20.2	83.904	2.048	1.1277
20.4	83.267	2.0473	1.1277
20.6	82.646	2.0466	1.1277
20.8	82.036	2.0459	1.1277
21	81.426	2.0452	1.1278
21.2	80.807	2.0444	1.1279
21.4	80.173	2.0437	1.1279
21.6	79.53	2.043	1.1279
21.8	78.885	2.0421	1.1279
22	78.252	2.0413	1.1277
22.2	77.636	2.0403	1.1274
22.4	77.041	2.0394	1.1272
22.6	76.46	2.0384	1.1269
22.8	75.879	2.0374	1.1266
23	75.291	2.0364	1.1264
23.2	74.689	2.0353	1.1262
23.4	74.079	2.0342	1.126
23.6	73.47	2.0332	1.1258
23.8	72.873	2.0321	1.1255
24	72.292	2.031	1.1252
24.2	71.729	2.0299	1.125
24.4	71.178	2.0287	1.1247
24.6	70.63	2.0275	1.1245
24.8	70.078	2.0263	1.1244
25	69.516	2.0251	1.1244
25.2	68.948	2.0239	1.1244
25.4	68.38	2.0227	1.1244
25.6	67.819	2.0215	1.1243
25.8	67.269	2.0202	1.1241
26	66.734	2.0189	1.1239
26.2	66.211	2.0176	1.1236
26.4	65.692	2.0164	1.1233
26.6	65.171	2.0152	1.123
26.8	64.646	2.0139	1.1228
27	64.117	2.0127	1.1225
27.2	63.586	2.0115	1.1223
27.4	63.058	2.0104	1.122
27.6	62.536	2.0092	1.1216
27.8	62.024	2.008	1.1213
28	61.524	2.0069	1.1209
28.2	61.029	2.0058	1.1206
28.4	60.539	2.0046	1.1202
28.6	60.051	2.0035	1.1199
28.8	59.562	2.0025	1.1195
29	59.07	2.0015	1.1192
29.2	58.579	2.0005	1.1188
29.4	58.091	1.9994	1.1182
29.6	57.611	1.9984	1.1176
29.8	57.141	1.9974	1.117
30	56.679	1.9965	1.1164
30.2	56.225	1.9955	1.1157
30.4	55.774	1.9945	1.1151
30.6	55.326	1.9937	1.1146
30.8	54.879	1.9928	1.1141
31	54.43	1.9919	1.1136
31.2	53.984	1.9911	1.1131
31.4	53.543	1.9903	1.1125
31.6	53.11	1.9895	1.1121
31.8	52.684	1.9887	1.1115
32	52.264	1.9878	1.111
32.2	51.851	1.987	1.1105
32.4	51.442	1.9861	1.1101
32.6	51.034	1.9854	1.1098
32.8	50.627	1.9846	1.1095
33	50.221	1.9839	1.1091
33.2	49.818	1.9831	1.1087
33.4	49.42	1.9824	1.1083
33.6	49.026	1.9817	1.1077
33.8	48.64	1.9809	1.1072
34	48.259	1.9802	1.1066
34.2	47.883	1.9796	1.1061
34.4	47.508	1.9789	1.1055
34.6	47.134	1.9782	1.105
34.8	46.764	1.9776	1.1046
35	46.395	1.977	1.1041
35.2	46.029	1.9764	1.1036
35.4	45.666	1.9758	1.1031
35.6	45.31	1.9752	1.1026
35.8	44.959	1.9747	1.1021
36	44.611	1.9741	1.1016
36.2	44.266	1.9736	1.1011
36.4	43.924	1.9732	1.1007
36.6	43.582	1.9727	1.1002
36.8	43.244	1.9723	1.0997
37	42.909	1.972	1.0992
37.2	42.578	1.9716	1.0986
37.4	42.25	1.9713	1.098
37.6	41.928	1.971	1.0975
37.8	41.608	1.9708	1.097
38	41.291	1.9706	1.0966
38.2	40.976	1.9704	1.0962
38.4	40.664	1.9703	1.0959
38.6	40.354	1.9702	1.0955
38.8	40.048	1.9702	1.0952
39	39.745	1.9702	1.0949
39.2	39.445	1.9703	1.0946
39.4	39.146	1.9704	1.0943
39.6	38.851	1.9707	1.094
39.8	38.558	1.9709	1.0938
40	38.268	1.9711	1.0936
40.2	37.982	1.9714	1.0935
40.4	37.699	1.9718	1.0934
40.6	37.42	1.9722	1.0934
40.8	37.141	1.9726	1.0933
41	36.865	1.9731	1.0932
41.2	36.591	1.9736	1.093
41.4	36.319	1.9741	1.0927
41.6	36.048	1.9746	1.0923
41.8	35.783	1.9752	1.0919
42	35.522	1.9759	1.0915
42.2	35.262	1.9765	1.091
42.4	35.005	1.9771	1.0905
42.6	34.752	1.9778	1.0901
42.8	34.498	1.9785	1.0896
43	34.244	1.979	1.089
43.2	33.991	1.9796	1.0884
43.4	33.742	1.9803	1.0878
43.6	33.498	1.9809	1.0872
43.8	33.256	1.9815	1.0866
44	33.018	1.9821	1.0859
44.2	32.785	1.9828	1.0854
44.4	32.552	1.9834	1.0849
44.6	32.321	1.9839	1.0843
44.8	32.09	1.9845	1.0838
45	31.86	1.985	1.0832
45.2	31.632	1.9855	1.0826
45.4	31.408	1.9861	1.082
45.6	31.187	1.9868	1.0816
45.8	30.969	1.9874	1.0811
46	30.754	1.988	1.0808
46.2	30.543	1.9887	1.0805
46.4	30.332	1.9894	1.0802
46.6	30.124	1.9902	1.08
46.8	29.917	1.9911	1.0798
47	29.71	1.9919	1.0796
47.2	29.505	1.9928	1.0795
47.4	29.302	1.9939	1.0794
47.6	29.101	1.9949	1.0794
47.8	28.901	1.9959	1.0794
48	28.706	1.997	1.0795
48.2	28.512	1.9981	1.0795
48.4	28.32	1.9993	1.0796
48.6	28.13	2.0005	1.0796
48.8	27.941	2.0017	1.0796
49	27.752	2.003	1.0795
49.2	27.564	2.0042	1.0793
49.4	27.375	2.0055	1.0791
49.6	27.189	2.0068	1.0789
49.8	27.005	2.0081	1.0787
50	26.823	2.0094	1.0785
50.2	26.644	2.0106	1.0783
50.4	26.468	2.0119	1.0781
50.6	26.294	2.0131	1.0778
50.8	26.119	2.0142	1.0775
51	25.946	2.0153	1.0771
51.2	25.774	2.0164	1.0768
51.4	25.603	2.0174	1.0765
51.6	25.433	2.0185	1.0762
51.8	25.264	2.0194	1.0759
52	25.096	2.0203	1.0755
52.2	24.932	2.0211	1.0752
52.4	24.771	2.0219	1.0748
52.6	24.612	2.0225	1.0744
52.8	24.454	2.0232	1.074
53	24.299	2.0238	1.0735
53.2	24.145	2.0244	1.0732
53.4	23.992	2.0249	1.0728
53.6	23.84	2.0254	1.0725
53.8	23.689	2.0259	1.0724
54	23.541	2.0264	1.0722
54.2	23.393	2.0267	1.0721
54.4	23.248	2.0272	1.072
54.6	23.105	2.0276	1.0719
54.8	22.964	2.028	1.0719
55	22.825	2.0284	1.0719
55.2	22.689	2.029	1.0721
55.4	22.555	2.0295	1.0723
55.6	22.421	2.03	1.0725
55.8	22.288	2.0306	1.0728
56	22.156	2.0313	1.0732
56.2	22.024	2.032	1.0734
56.4	21.892	2.0327	1.0737
56.6	21.762	2.0335	1.0739
56.8	21.634	2.0342	1.0741
57	21.508	2.0351	1.0742
57.2	21.386	2.036	1.0743
57.4	21.267	2.037	1.0743
57.6	21.148	2.0379	1.0743
57.8	21.028	2.0389	1.0743
58	20.909	2.0399	1.0742
58.2	20.788	2.0409	1.074
58.4	20.665	2.0419	1.0738
58.6	20.545	2.043	1.0735
58.8	20.425	2.0441	1.0732
59	20.307	2.0451	1.0729
59.2	20.191	2.0463	1.0725
59.4	20.078	2.0474	1.0721
59.6	19.965	2.0485	1.0717
59.8	19.853	2.0496	1.0712
60	19.741	2.0507	1.0707
60.2	19.63	2.0518	1.0701
60.4	19.517	2.0528	1.0695
60.6	19.405	2.0537	1.0688
60.8	19.293	2.0547	1.0682
61	19.183	2.0557	1.0676
61.2	19.073	2.0566	1.0671
61.4	18.965	2.0575	1.0665
61.6	18.858	2.0584	1.0659
61.8	18.753	2.0593	1.0654
62	18.649	2.0601	1.0649
62.2	18.546	2.0609	1.0645
62.4	18.444	2.0618	1.064
62.6	18.342	2.0626	1.0637
62.8	18.24	2.0633	1.0634
63	18.138	2.0641	1.0632
63.2	18.038	2.065	1.0631
63.4	17.938	2.0658	1.0629
63.6	17.839	2.0666	1.0627
63.8	17.742	2.0673	1.0626
64	17.648	2.0681	1.0624
64.2	17.555	2.0689	1.0622
64.4	17.463	2.0696	1.062
64.6	17.372	2.0703	1.0617
64.8	17.282	2.071	1.0615
65	17.193	2.0718	1.0613
65.2	17.103	2.0725	1.0611
65.4	17.012	2.0731	1.0608
65.6	16.922	2.0737	1.0605
65.8	16.832	2.0744	1.0602
66	16.744	2.075	1.0599
66.2	16.657	2.0756	1.0596
66.4	16.571	2.0762	1.0592
66.6	16.488	2.0768	1.0589
66.8	16.406	2.0774	1.0586
67	16.323	2.0779	1.0584
67.2	16.242	2.0784	1.0581
67.4	16.16	2.0789	1.0577
67.6	16.076	2.0793	1.0573
67.8	15.994	2.0798	1.0569
68	15.913	2.0802	1.0565
68.2	15.832	2.0805	1.0561
68.4	15.752	2.0809	1.0557
68.6	15.675	2.0813	1.0554
68.8	15.598	2.0817	1.055
69	15.52	2.0819	1.0546
69.2	15.445	2.0823	1.0543
69.4	15.37	2.0826	1.0541
69.6	15.294	2.0828	1.0537
69.8	15.219	2.083	1.0535
70	15.144	2.0833	1.0533
70.2	15.07	2.0835	1.053
70.4	14.995	2.0837	1.0528
70.6	14.921	2.0838	1.0526
70.8	14.848	2.0839	1.0524
71	14.776	2.084	1.0522
71.2	14.706	2.0841	1.052
71.4	14.635	2.0841	1.0517
71.6	14.566	2.0841	1.0515
71.8	14.499	2.0842	1.0513
72	14.433	2.0841	1.051
72.2	14.365	2.084	1.0507
72.4	14.298	2.0839	1.0503
72.6	14.23	2.0837	1.05
72.8	14.163	2.0836	1.0497
73	14.096	2.0833	1.0493
73.2	14.03	2.0831	1.0488
73.4	13.966	2.0829	1.0484
73.6	13.903	2.0826	1.048
73.8	13.841	2.0823	1.0476
74	13.78	2.082	1.0471
74.2	13.719	2.0817	1.0467
74.4	13.659	2.0814	1.0464
74.6	13.599	2.081	1.0461
74.8	13.538	2.0807	1.0457
75	13.478	2.0804	1.0454
75.2	13.419	2.0801	1.0451
75.4	13.36	2.0798	1.0449
75.6	13.301	2.0795	1.0446
75.8	13.244	2.0792	1.0444
76	13.187	2.0789	1.0442
76.2	13.13	2.0786	1.0439
76.4	13.075	2.0783	1.0437
76.6	13.02	2.0781	1.0436
76.8	12.964	2.0777	1.0434
77	12.909	2.0775	1.0433
77.2	12.855	2.0773	1.0432
77.4	12.8	2.077	1.0431
77.6	12.744	2.0767	1.0429
77.8	12.689	2.0764	1.0427
78	12.635	2.0762	1.0426
78.2	12.58	2.0758	1.0424
78.4	12.526	2.0754	1.0422
78.6	12.473	2.075	1.0419
78.8	12.422	2.0746	1.0417
79	12.371	2.0741	1.0414
79.2	12.32	2.0736	1.0411
79.4	12.268	2.073	1.0407
79.6	12.217	2.0724	1.0404
79.8	12.166	2.0717	1.04
80	12.114	2.0709	1.0395
80.2	12.061	2.07	1.0391
80.4	12.01	2.0691	1.0386
80.6	11.959	2.0681	1.0382
80.8	11.908	2.067	1.0377
81	11.858	2.0659	1.0373
81.2	11.81	2.0648	1.0369
81.4	11.762	2.0636	1.0365
81.6	11.714	2.0623	1.0362
81.8	11.666	2.061	1.0359
82	11.619	2.0597	1.0357
82.2	11.571	2.0584	1.0355
82.4	11.523	2.057	1.0354
82.6	11.476	2.0557	1.0353
82.8	11.43	2.0544	1.0353
83	11.383	2.053	1.0353
83.2	11.337	2.0516	1.0352
83.4	11.292	2.0503	1.0353
83.6	11.247	2.0489	1.0352
83.8	11.203	2.0477	1.0353
84	11.159	2.0465	1.0353
84.2	11.116	2.0453	1.0354
84.4	11.074	2.0441	1.0355
84.6	11.032	2.0431	1.0355
84.8	10.99	2.0421	1.0356
85	10.948	2.0411	1.0356
85.2	10.906	2.0402	1.0357
85.4	10.865	2.0394	1.0357
85.6	10.824	2.0386	1.0357
85.8	10.784	2.0379	1.0356
86	10.746	2.0372	1.0356
86.2	10.708	2.0366	1.0355
86.4	10.67	2.0359	1.0353
86.6	10.633	2.0354	1.0352
86.8	10.597	2.0349	1.0351
87	10.56	2.0343	1.0349
87.2	10.523	2.0337	1.0347
87.4	10.486	2.0332	1.0345
87.6	10.449	2.0326	1.0343
87.8	10.412	2.0321	1.034
88	10.376	2.0315	1.0337
88.2	10.339	2.0308	1.0334
88.4	10.304	2.0302	1.0331
88.6	10.268	2.0294	1.0328
88.8	10.233	2.0287	1.0325
89	10.198	2.0279	1.0323
89.2	10.163	2.0271	1.0321
89.4	10.128	2.0262	1.0319
89.6	10.092	2.0253	1.0317
89.8	10.057	2.0243	1.0316
90	10.022	2.0233	1.0315
90.2	9.9865	2.0222	1.0314
90.4	9.9507	2.0211	1.0313
90.6	9.9166	2.02	1.0313
90.8	9.8818	2.0187	1.0312
91	9.8467	2.0174	1.0312
91.2	9.8132	2.0162	1.0311
91.4	9.7804	2.0149	1.0311
91.6	9.7461	2.0136	1.0311
91.8	9.7123	2.0123	1.031
92	9.6795	2.0111	1.0309
92.2	9.6469	2.0098	1.0308
92.4	9.6141	2.0086	1.0307
92.6	9.5812	2.0073	1.0305
92.8	9.5485	2.0061	1.0303
93	9.5161	2.0049	1.0301
93.2	9.485	2.0038	1.0299
93.4	9.4537	2.0027	1.0296
93.6	9.4219	2.0016	1.0293
93.8	9.3914	2.0006	1.029
94	9.3615	1.9996	1.0287
94.2	9.3302	1.9987	1.0283
94.4	9.3002	1.9978	1.0279
94.6	9.2715	1.997	1.0276
94.8	9.2418	1.9963	1.0272
95	9.2124	1.9956	1.0268
95.2	9.1835	1.9949	1.0264
95.4	9.1553	1.9943	1.026
95.6	9.1266	1.9938	1.0256
95.8	9.0984	1.9933	1.0251
96	9.0701	1.9928	1.0247
96.2	9.0425	1.9924	1.0243
96.4	9.0157	1.992	1.024
96.6	8.9882	1.9917	1.0237
96.8	8.961	1.9913	1.0234
97	8.9345	1.9911	1.0232
97.2	8.9082	1.9908	1.023
97.4	8.8825	1.9906	1.0228
97.6	8.8568	1.9904	1.0227
97.8	8.8312	1.9902	1.0226
98	8.8057	1.99	1.0225
98.2	8.7808	1.9899	1.0224
98.4	8.7564	1.9897	1.0224
98.6	8.7313	1.9895	1.0223
98.8	8.7061	1.9893	1.0222
99	8.6816	1.989	1.0221
99.2	8.6576	1.9888	1.0221
99.4	8.6335	1.9886	1.022
99.6	8.6095	1.9883	1.0219
99.8	8.5866	1.988	1.0218
100	8.5634	1.9878	1.0217
100.2	8.5395	1.9875	1.0216
100.4	8.5156	1.9871	1.0215
100.6	8.4925	1.9868	1.0214
100.8	8.4682	1.9865	1.0212
101	8.4437	1.9861	1.0209
101.2	8.4202	1.9857	1.0207
101.4	8.396	1.9853	1.0205
101.6	8.3718	1.9849	1.0202
101.8	8.3487	1.9845	1.02
102	8.3255	1.9841	1.0198
102.2	8.3014	1.9837	1.0195
102.4	8.2782	1.9834	1.0193
102.6	8.2559	1.9831	1.0191
102.8	8.2337	1.9828	1.0189
103	8.2109	1.9825	1.0186
103.2	8.1873	1.9822	1.0183
103.4	8.1659	1.982	1.0181
103.6	8.143	1.9818	1.0177
103.8	8.1192	1.9816	1.0174
104	8.0972	1.9815	1.0171
104.2	8.0769	1.9815	1.0169
104.4	8.0551	1.9815	1.0167
104.6	8.0327	1.9814	1.0164
104.8	8.0121	1.9816	1.0162
105	7.9918	1.9817	1.016
105.2	7.9707	1.982	1.0158
105.4	7.95	1.9822	1.0156
105.6	7.9298	1.9826	1.0154
105.8	7.9094	1.983	1.0152
106	7.8895	1.9834	1.015
106.2	7.8711	1.984	1.0148
106.4	7.8522	1.9845	1.0146
106.6	7.8319	1.985	1.0143
106.8	7.8136	1.9856	1.0141
107	7.7963	1.9862	1.0139
107.2	7.7789	1.9869	1.0137
107.4	7.761	1.9876	1.0136
107.6	7.743	1.9883	1.0134
107.8	7.7247	1.989	1.0132
108	7.7065	1.9897	1.013
108.2	7.6892	1.9905	1.0128
108.4	7.6712	1.9912	1.0126
108.6	7.6532	1.9919	1.0124
108.8	7.635	1.9925	1.0123
109	7.6176	1.9932	1.0121
109.2	7.6011	1.9939	1.012
109.4	7.5838	1.9945	1.0119
109.6	7.5666	1.9951	1.0118
109.8	7.5499	1.9957	1.0117
110	7.5325	1.9963	1.0115
110.2	7.5144	1.9968	1.0114
110.4	7.4975	1.9973	1.0113
110.6	7.4812	1.9979	1.0112
110.8	7.4641	1.9984	1.011
111	7.4456	1.9988	1.0108
111.2	7.4276	1.9992	1.0106
111.4	7.4109	1.9997	1.0105
111.6	7.3938	2.0001	1.0103
111.8	7.3765	2.0005	1.0101
112	7.3603	2.001	1.01
112.2	7.3438	2.0014	1.0099
112.4	7.3262	2.0018	1.0097
112.6	7.3088	2.0023	1.0095
112.8	7.2926	2.0028	1.0094
113	7.2761	2.0033	1.0093
113.2	7.2586	2.0038	1.0091
113.4	7.242	2.0043	1.0089
113.6	7.2262	2.0049	1.0087
113.8	7.2096	2.0054	1.0085
114	7.1931	2.006	1.0082
114.2	7.1774	2.0067	1.008
114.4	7.162	2.0073	1.0078
114.6	7.1458	2.008	1.0076
114.8	7.1308	2.0087	1.0074
115	7.1161	2.0095	1.0072
115.2	7.101	2.0102	1.007
115.4	7.0856	2.011	1.0069
115.6	7.0713	2.0118	1.0067
115.8	7.0579	2.0127	1.0066
116	7.0443	2.0137	1.0065
116.2	7.0296	2.0145	1.0063
116.4	7.0143	2.0154	1.0062
116.6	7.0015	2.0164	1.0062
116.8	6.9887	2.0174	1.0063
117	6.9754	2.0183	1.0063
117.2	6.9631	2.0193	1.0063
117.4	6.9503	2.0203	1.0064
117.6	6.9374	2.0213	1.0064
117.8	6.9246	2.0223	1.0064
118	6.911	2.0233	1.0064
118.2	6.897	2.0242	1.0064
118.4	6.8843	2.0252	1.0064
118.6	6.8717	2.0263	1.0064
118.8	6.8582	2.0272	1.0064
119	6.8441	2.0281	1.0064
119.2	6.8315	2.0291	1.0065
119.4	6.819	2.0301	1.0066
119.6	6.8056	2.031	1.0066
119.8	6.7915	2.0319	1.0065
120	6.7785	2.0328	1.0065
120.2	6.7651	2.0337	1.0065
120.4	6.751	2.0346	1.0064
120.6	6.7372	2.0354	1.0063
120.8	6.7234	2.0363	1.0062
121	6.7089	2.037	1.0061
121.2	6.6938	2.0378	1.0059
121.4	6.679	2.0385	1.0057
121.6	6.6645	2.0393	1.0055
121.8	6.6497	2.04	1.0053
122	6.6353	2.0407	1.0051
122.2	6.6215	2.0414	1.0048
122.4	6.6076	2.0421	1.0046
122.6	6.5938	2.0427	1.0043
122.8	6.5808	2.0434	1.0041
123	6.5684	2.044	1.0039
123.2	6.5558	2.0447	1.0036
123.4	6.5433	2.0453	1.0034
123.6	6.5311	2.046	1.0032
123.8	6.5187	2.0467	1.003
124	6.5062	2.0473	1.0028
124.2	6.4935	2.0479	1.0026
124.4	6.4823	2.0485	1.0024
124.6	6.4725	2.0493	1.0024
124.8	6.4615	2.05	1.0023
125	6.4503	2.0506	1.0021
125.2	6.4398	2.0513	1.002
125.4	6.429	2.052	1.0018
125.6	6.4181	2.0527	1.0017
125.8	6.4073	2.0534	1.0015
126	6.3963	2.0542	1.0014
126.2	6.3859	2.0549	1.0012
126.4	6.3768	2.0558	1.0012
126.6	6.3679	2.0566	1.0011
126.8	6.358	2.0574	1.0011
127	6.3485	2.0583	1.001
127.2	6.3406	2.0592	1.001
127.4	6.3321	2.0602	1.001
127.6	6.3233	2.0611	1.0009
127.8	6.3148	2.062	1.0008
128	6.306	2.0629	1.0007
128.2	6.2972	2.0639	1.0006
128.4	6.2885	2.0648	1.0006
128.6	6.2797	2.0657	1.0005
128.8	6.2707	2.0666	1.0004
129	6.2623	2.0676	1.0003
129.2	6.2537	2.0685	1.0002
129.4	6.2442	2.0694	1
129.6	6.2357	2.0703	0.99993
129.8	6.2271	2.0712	0.99981
130	6.2183	2.072	0.99963
130.2	6.2092	2.0728	0.99944
130.4	6.2008	2.0736	0.99926
130.6	6.1929	2.0744	0.99911
130.8	6.1844	2.0752	0.99893
131	6.1755	2.0759	0.99872
131.2	6.1662	2.0766	0.99849
131.4	6.1567	2.0772	0.99823
131.6	6.1471	2.0779	0.99801
131.8	6.1379	2.0784	0.99783
132	6.129	2.079	0.99765
132.2	6.1198	2.0795	0.99747
132.4	6.1107	2.08	0.99729
132.6	6.1016	2.0805	0.99711
132.8	6.0917	2.0808	0.99685
133	6.0819	2.0812	0.9966
133.2	6.0726	2.0816	0.99634
133.4	6.0629	2.0819	0.99602
133.6	6.054	2.0823	0.99572
133.8	6.046	2.0826	0.99539
134	6.0379	2.0829	0.99502
134.2	6.0296	2.0831	0.99464
134.4	6.0221	2.0834	0.99426
134.6	6.0142	2.0836	0.99383
134.8	6.0053	2.0838	0.9934
135	5.9969	2.0839	0.99298
135.2	5.9888	2.0841	0.99266
135.4	5.9802	2.0841	0.99232
135.6	5.9718	2.0841	0.99209
135.8	5.964	2.0842	0.992
136	5.9564	2.0842	0.99209
136.2	5.949	2.0842	0.99242
136.4	5.9416	2.0841	0.99306
136.6	5.9345	2.084	0.99408
136.8	5.9273	2.0839	0.99554
137	5.9191	2.0837	0.99749
137.2	5.9104	2.0835	0.99991
137.4	5.9024	2.0832	1.0028
137.6	5.895	2.0829	1.0062
137.8	5.887	2.0825	1.0099
138	5.8797	2.0822	1.014
138.2	5.8724	2.0818	1.0186
138.4	5.8637	2.0814	1.0236
138.6	5.8544	2.0809	1.029
138.8	5.8456	2.0804	1.0348
139	5.8371	2.08	1.0408
139.2	5.8281	2.0794	1.0469
139.4	5.8196	2.0789	1.0533
139.6	5.8125	2.0784	1.06
139.8	5.8048	2.0778	1.067
140	5.7954	2.0772	1.0742
140.2	5.7855	2.0766	1.0818
140.4	5.7759	2.076	1.0897
140.6	5.7652	2.0754	1.0977
140.8	5.7543	2.0748	1.1055
141	5.7445	2.0742	1.1129
141.2	5.7352	2.0736	1.1197
141.4	5.7255	2.073	1.1259
141.6	5.716	2.0724	1.1318
141.8	5.7061	2.0718	1.1378
142	5.6937	2.0712	1.1441
142.2	5.6804	2.0705	1.1512
142.4	5.6687	2.0699	1.159
142.6	5.6571	2.0693	1.1676
142.8	5.6446	2.0686	1.1769
143	5.6331	2.068	1.1867
143.2	5.6226	2.0674	1.197
143.4	5.6113	2.0668	1.2076
143.6	5.5989	2.0662	1.2181
143.8	5.5867	2.0655	1.2284
144	5.574	2.0649	1.2382
144.2	5.5619	2.0642	1.2465
144.4	5.5505	2.0636	1.2522
144.6	5.54	2.063	1.2543
144.8	5.5284	2.0623	1.2531
145	5.5161	2.0615	1.25
145.2	5.5046	2.0608	1.2465
145.4	5.4929	2.06	1.2439
145.6	5.4804	2.0592	1.2426
145.8	5.4682	2.0585	1.243
146	5.4571	2.0577	1.2448
146.2	5.4454	2.0569	1.2477
146.4	5.4334	2.0561	1.2517
146.6	5.4225	2.0553	1.2559
146.8	5.4116	2.0545	1.2599
147	5.3995	2.0537	1.2633
147.2	5.3871	2.0528	1.2663
147.4	5.3752	2.052	1.269
147.6	5.3634	2.0512	1.2715
147.8	5.3508	2.0503	1.2731
148	5.3381	2.0495	1.2737
148.2	5.3255	2.0487	1.2735
148.4	5.3126	2.0479	1.273
148.6	5.2988	2.047	1.2727
148.8	5.2851	2.0462	1.2727
149	5.2709	2.0453	1.2733
149.2	5.2569	2.0445	1.275
149.4	5.2426	2.0437	1.2781
149.6	5.2275	2.0429	1.283
149.8	5.2116	2.042	1.2893
150	5.1951	2.0412	1.2963
150.2	5.1783	2.0403	1.3037
150.4	5.1625	2.0395	1.3113
150.6	5.1464	2.0388	1.3191
150.8	5.1288	2.0379	1.3265
151	5.1106	2.037	1.3336
151.2	5.0927	2.0362	1.3398
151.4	5.0743	2.0354	1.3444
151.6	5.0556	2.0345	1.3472
151.8	5.037	2.0337	1.3478
152	5.0183	2.0329	1.3462
152.2	4.9998	2.032	1.3426
152.4	4.981	2.0312	1.3376
152.6	4.9625	2.0305	1.3327
152.8	4.9437	2.0297	1.3294
153	4.9246	2.0288	1.3288
153.2	4.9046	2.028	1.331
153.4	4.8859	2.0272	1.3355
153.6	4.8691	2.0266	1.3416
153.8	4.8508	2.0258	1.3482
154	4.8317	2.0251	1.3546
154.2	4.8129	2.0243	1.3605
154.4	4.7947	2.0236	1.3656
154.6	4.7763	2.023	1.3697
154.8	4.7587	2.0224	1.3733
155	4.7418	2.0218	1.3764
155.2	4.7241	2.0212	1.3789
155.4	4.7066	2.0206	1.3807
155.6	4.6902	2.0201	1.3817
155.8	4.6742	2.0197	1.3821
156	4.6572	2.0192	1.3829
156.2	4.6398	2.0186	1.3846
156.4	4.6236	2.0182	1.3872
156.6	4.6083	2.0179	1.3899
156.8	4.5928	2.0174	1.3927
157	4.577	2.017	1.396
157.2	4.5619	2.0166	1.3995
157.4	4.5466	2.0162	1.4027
157.6	4.5311	2.0158	1.4053
157.8	4.515	2.0154	1.4066
158	4.498	2.0149	1.4064
158.2	4.481	2.0144	1.4056
158.4	4.4654	2.014	1.4047
158.6	4.45	2.0135	1.4038
158.8	4.4338	2.0129	1.4028
159	4.4176	2.0124	1.4017
159.2	4.4014	2.0119	1.4003
159.4	4.3853	2.0113	1.399
159.6	4.3691	2.0107	1.398
159.8	4.3522	2.0101	1.3969
160	4.3359	2.0095	1.3957
160.2	4.3194	2.0088	1.3949
160.4	4.3032	2.0082	1.3949
160.6	4.2873	2.0075	1.3957
160.8	4.2715	2.0068	1.3964
161	4.2542	2.0061	1.3966
161.2	4.2353	2.0053	1.3964
161.4	4.2186	2.0047	1.3969
161.6	4.203	2.0041	1.3982
161.8	4.1838	2.0033	1.3996
162	4.1641	2.0025	1.4004
162.2	4.1473	2.0018	1.401
162.4	4.1312	2.0013	1.4017
162.6	4.1135	2.0006	1.4028
162.8	4.0951	1.9999	1.4039
163	4.0766	1.9992	1.405
163.2	4.057	1.9986	1.4057
163.4	4.0388	1.998	1.4063
163.6	4.0222	1.9974	1.4074
163.8	4.0048	1.9969	1.4088
164	3.9862	1.9963	1.4101
164.2	3.9676	1.9958	1.411
164.4	3.9495	1.9954	1.4115
164.6	3.9313	1.9949	1.4121
164.8	3.9118	1.9945	1.4128
165	3.892	1.994	1.4132
165.2	3.8728	1.9937	1.413
165.4	3.8547	1.9933	1.4126
165.6	3.8369	1.993	1.412
165.8	3.8178	1.9926	1.4109
166	3.7975	1.9923	1.4089
166.2	3.778	1.9919	1.4067
166.4	3.7593	1.9917	1.4044
166.6	3.7409	1.9914	1.4021
166.8	3.7219	1.9911	1.4002
167	3.7029	1.9908	1.3982
167.2	3.6829	1.9905	1.396
167.4	3.664	1.9903	1.3938
167.6	3.6455	1.9901	1.3913
167.8	3.6264	1.9899	1.3886
168	3.6069	1.9897	1.3862
168.2	3.5874	1.9895	1.385
168.4	3.5698	1.9893	1.3851
168.6	3.5528	1.9892	1.3856
168.8	3.5352	1.9891	1.3861
169	3.5166	1.9889	1.387
169.2	3.4981	1.9887	1.3896
169.4	3.4819	1.9887	1.395
169.6	3.4656	1.9887	1.4025
169.8	3.447	1.9886	1.4112
170	3.4291	1.9885	1.4211
170.2	3.4138	1.9885	1.4328
170.4	3.3981	1.9885	1.4466
170.6	3.3816	1.9885	1.4625
170.8	3.365	1.9886	1.48
171	3.3486	1.9886	1.498
171.2	3.3308	1.9886	1.5159
171.4	3.3147	1.9887	1.5348
171.6	3.2998	1.9888	1.555
171.8	3.2828	1.9889	1.5763
172	3.2646	1.9889	1.5986
172.2	3.2475	1.989	1.6222
172.4	3.2314	1.9892	1.6469
172.6	3.2158	1.9893	1.6721
172.8	3.1997	1.9895	1.697
173	3.1841	1.9897	1.7217
173.2	3.1678	1.9899	1.7462
173.4	3.1519	1.9901	1.7707
173.6	3.1356	1.9903	1.7946
173.8	3.1181	1.9904	1.8176
174	3.1009	1.9906	1.8405
174.2	3.0854	1.9908	1.8643
174.4	3.07	1.9911	1.8889
174.6	3.0537	1.9913	1.914
174.8	3.037	1.9916	1.9388
175	3.0207	1.9919	1.9627
175.2	3.0045	1.9922	1.9857
175.4	2.9903	1.9926	2.0083
175.6	2.9768	1.9931	2.0301
175.8	2.9626	1.9936	2.0515
176	2.9469	1.994	2.0731
176.2	2.9329	1.9944	2.0951
176.4	2.9209	1.9951	2.1172
176.6	2.9082	1.9957	2.1388
176.8	2.8943	1.9962	2.1595
177	2.8804	1.9968	2.1802
177.2	2.8677	1.9975	2.2016
177.4	2.8562	1.9983	2.224
177.6	2.8431	1.9991	2.2466
177.8	2.8296	1.9998	2.2687
178	2.8182	2.0006	2.2898
178.2	2.8072	2.0015	2.3095
178.4	2.7963	2.0024	2.3282
178.6	2.7857	2.0034	2.3459
178.8	2.7743	2.0044	2.3625
179	2.7624	2.0053	2.3777
179.2	2.7504	2.0063	2.3923
179.4	2.7419	2.0074	2.4069
179.6	2.7331	2.0085	2.4213
179.8	2.723	2.0095	2.4355
180	2.7127	2.0105	2.4493
180.2	2.7043	2.0117	2.4628
180.4	2.697	2.0128	2.4757
180.6	2.6893	2.0139	2.4878
180.8	2.68	2.015	2.4986
181	2.6707	2.016	2.5082
181.2	2.6616	2.0171	2.5169
181.4	2.6537	2.0181	2.5252
181.6	2.6466	2.0192	2.5334
181.8	2.6401	2.0203	2.5419
182	2.6328	2.0214	2.5507
182.2	2.6246	2.0223	2.5593
182.4	2.6172	2.0233	2.5673
182.6	2.6119	2.0244	2.5746
182.8	2.6062	2.0253	2.581
183	2.5998	2.0263	2.5866
183.2	2.595	2.0272	2.5916
183.4	2.5899	2.0282	2.5961
183.6	2.5838	2.0291	2.5996
183.8	2.5778	2.0299	2.6025
184	2.5728	2.0308	2.6047
184.2	2.5686	2.0317	2.6055
184.4	2.5645	2.0325	2.6047
184.6	2.5602	2.0334	2.6031
184.8	2.5554	2.0342	2.6013
185	2.55	2.035	2.5997
185.2	2.5455	2.0358	2.5982
185.4	2.5419	2.0367	2.5961
185.6	2.5381	2.0375	2.5925
185.8	2.5361	2.0383	2.5873
186	2.5347	2.0392	2.5809
186.2	2.532	2.04	2.5737
186.4	2.5297	2.0408	2.5666
186.6	2.5284	2.0417	2.5596
186.8	2.526	2.0425	2.5525
187	2.5242	2.0433	2.5454
187.2	2.5235	2.0441	2.5387
187.4	2.5244	2.045	2.5327
187.6	2.5252	2.0458	2.5277
187.8	2.5247	2.0466	2.5238
188	2.5247	2.0473	2.5205
188.2	2.5261	2.0481	2.5175
188.4	2.5282	2.0489	2.5144
188.6	2.5288	2.0497	2.5106
188.8	2.5296	2.0504	2.5061
189	2.5317	2.0512	2.501
189.2	2.5341	2.052	2.496
189.4	2.537	2.0527	2.4918
189.6	2.5397	2.0535	2.4887
189.8	2.5412	2.0542	2.4868
190	2.5417	2.0549	2.4857
190.2	2.5447	2.0556	2.4852
190.4	2.549	2.0564	2.4849
190.6	2.5526	2.0571	2.4847
190.8	2.555	2.0577	2.4846
191	2.5588	2.0584	2.4847
191.2	2.5635	2.0592	2.4847
191.4	2.5672	2.0599	2.4843
191.6	2.5714	2.0605	2.4833
191.8	2.5754	2.0611	2.4815
192	2.5789	2.0617	2.4794
192.2	2.5815	2.0623	2.477
192.4	2.5851	2.0629	2.4747
192.6	2.5885	2.0634	2.4728
192.8	2.5912	2.064	2.4708
193	2.5941	2.0645	2.4684
193.2	2.5981	2.065	2.4655
193.4	2.6019	2.0655	2.462
193.6	2.6058	2.066	2.458
193.8	2.6099	2.0664	2.4539
194	2.6127	2.0668	2.4502
194.2	2.6149	2.0671	2.4471
194.4	2.6177	2.0675	2.445
194.6	2.6208	2.0678	2.444
194.8	2.6224	2.0681	2.444
195	2.6246	2.0682	2.4448
195.2	2.6262	2.0684	2.4458
195.4	2.6284	2.0686	2.447
195.6	2.6303	2.0687	2.4481
195.8	2.6315	2.0688	2.4495
196	2.6336	2.0689	2.4512
196.2	2.6359	2.0689	2.4528
196.4	2.6374	2.0689	2.4541
196.6	2.6391	2.0689	2.4555
196.8	2.6406	2.0689	2.4574
197	2.6413	2.0689	2.4603
197.2	2.6422	2.0689	2.4642
197.4	2.644	2.0689	2.4691
197.6	2.6456	2.0689	2.4745
197.8	2.6464	2.0688	2.48
198	2.6482	2.0688	2.4853
198.2	2.6507	2.0689	2.4903
198.4	2.653	2.069	2.495
198.6	2.6555	2.069	2.4997
198.8	2.6582	2.0692	2.5046
199	2.661	2.0693	2.5094
199.2	2.6626	2.0694	2.5137
199.4	2.6651	2.0696	2.5173
199.6	2.6684	2.0698	2.5204
199.8	2.6703	2.0701	2.5231
200	2.6729	2.0703	2.5256
200.2	2.6758	2.0707	2.5281
200.4	2.6802	2.071	2.5307
200.6	2.685	2.0714	2.5328
200.8	2.69	2.0719	2.5345
201	2.6949	2.0723	2.5358
201.2	2.6987	2.0727	2.5366
201.4	2.7038	2.0732	2.5377
201.6	2.7098	2.0738	2.5394
201.8	2.714	2.0742	2.5418
202	2.717	2.0747	2.5446
202.2	2.7216	2.0751	2.5475
202.4	2.7274	2.0756	2.5503
202.6	2.732	2.076	2.5523
202.8	2.7352	2.0763	2.5537
203	2.7395	2.0766	2.5546
203.2	2.7438	2.0769	2.555
203.4	2.7481	2.0772	2.5549
203.6	2.7529	2.0775	2.5548
203.8	2.7582	2.0776	2.5547
204	2.7619	2.0777	2.5549
204.2	2.765	2.0777	2.5553
204.4	2.7691	2.0777	2.5555
204.6	2.7734	2.0777	2.5557
204.8	2.7762	2.0775	2.5557
205	2.7789	2.0773	2.5554
205.2	2.7816	2.077	2.5546
205.4	2.7845	2.0768	2.5533
205.6	2.7878	2.0765	2.5515
205.8	2.7897	2.0761	2.5492
206	2.7908	2.0756	2.5465
206.2	2.7921	2.0751	2.5437
206.4	2.795	2.0747	2.5408
206.6	2.7972	2.0743	2.5379
206.8	2.7985	2.0737	2.5351
207	2.8004	2.0732	2.5323
207.2	2.8024	2.0727	2.5294
207.4	2.8046	2.0722	2.5266
207.6	2.8068	2.0717	2.5236
207.8	2.8087	2.0712	2.5204
208	2.8113	2.0706	2.5173
208.2	2.8134	2.0701	2.5145
208.4	2.8163	2.0695	2.512
208.6	2.8198	2.0691	2.5099
208.8	2.8221	2.0686	2.5081
209	2.8231	2.0681	2.5064
209.2	2.824	2.0675	2.5049
209.4	2.8268	2.0671	2.5037
209.6	2.8288	2.0666	2.5025
209.8	2.8296	2.0661	2.5009
210	2.8313	2.0657	2.499
210.2	2.8332	2.0652	2.4967
210.4	2.8345	2.0648	2.4943
210.6	2.835	2.0643	2.4919
210.8	2.8364	2.0639	2.4895
211	2.8383	2.0635	2.4873
211.2	2.8383	2.0631	2.4853
211.4	2.839	2.0626	2.4836
211.6	2.8402	2.0623	2.4824
211.8	2.8406	2.0618	2.4813
212	2.8395	2.0613	2.4798
212.2	2.8387	2.0609	2.4776
212.4	2.8398	2.0605	2.4752
212.6	2.8408	2.0601	2.4725
212.8	2.8408	2.0597	2.4697
213	2.8402	2.0592	2.4669
213.2	2.8382	2.0586	2.464
213.4	2.8368	2.0582	2.4611
213.6	2.8364	2.0577	2.4585
213.8	2.8344	2.0572	2.4562
214	2.831	2.0566	2.4541
214.2	2.8287	2.0561	2.4524
214.4	2.828	2.0556	2.451
214.6	2.8259	2.055	2.45
214.8	2.822	2.0543	2.4496
215	2.8195	2.0537	2.4497
215.2	2.8165	2.0531	2.4501
215.4	2.8126	2.0523	2.4505
215.6	2.8089	2.0515	2.4509
215.8	2.8053	2.0508	2.4517
216	2.8013	2.05	2.4531
216.2	2.7961	2.0491	2.4551
216.4	2.7918	2.0482	2.4573
216.6	2.788	2.0474	2.4594
216.8	2.7824	2.0465	2.4611
217	2.777	2.0455	2.4624
217.2	2.7723	2.0445	2.4636
217.4	2.7685	2.0436	2.4649
217.6	2.7636	2.0425	2.4663
217.8	2.7584	2.0415	2.4677
218	2.7539	2.0405	2.4689
218.2	2.7486	2.0394	2.4697
218.4	2.7443	2.0383	2.4701
218.6	2.7409	2.0373	2.4703
218.8	2.7373	2.0362	2.4703
219	2.7326	2.0351	2.4703
219.2	2.7275	2.034	2.4699
219.4	2.7248	2.033	2.4694
219.6	2.7225	2.0319	2.4683
219.8	2.7185	2.0308	2.4668
220	2.7137	2.0297	2.4651
220.2	2.7108	2.0287	2.4634
220.4	2.7098	2.0278	2.462
220.6	2.7075	2.0269	2.4605
220.8	2.7038	2.0259	2.4588
221	2.7005	2.0249	2.4569
221.2	2.6967	2.024	2.4547
221.4	2.6949	2.0232	2.4525
221.6	2.6945	2.0225	2.4502
221.8	2.6919	2.0218	2.4474
222	2.6883	2.021	2.4443
222.2	2.6864	2.0203	2.4413
222.4	2.6861	2.0197	2.4384
222.6	2.6836	2.019	2.4355
222.8	2.6798	2.0184	2.4325
223	2.6784	2.0178	2.4295
223.2	2.6757	2.0172	2.4261
223.4	2.6725	2.0166	2.4228
223.6	2.6698	2.016	2.4198
223.8	2.6677	2.0155	2.4174
224	2.6647	2.0149	2.4157
224.2	2.6611	2.0143	2.4144
224.4	2.6581	2.0137	2.4137
224.6	2.6556	2.0132	2.4135
224.8	2.6524	2.0126	2.4136
225	2.6489	2.012	2.4141
225.2	2.6447	2.0113	2.4151
225.4	2.6404	2.0107	2.4164
225.6	2.6361	2.01	2.418
225.8	2.6324	2.0093	2.4197
226	2.6282	2.0086	2.4216
226.2	2.6224	2.0078	2.4234
226.4	2.6186	2.0071	2.4253
226.6	2.6156	2.0064	2.4272
226.8	2.6114	2.0056	2.4293
227	2.6061	2.0048	2.4315
227.2	2.601	2.004	2.4339
227.4	2.5981	2.0033	2.4365
227.6	2.5946	2.0026	2.4388
227.8	2.5895	2.0018	2.4408
228	2.586	2.0011	2.4426
228.2	2.5843	2.0005	2.4443
228.4	2.5826	1.9999	2.4458
228.6	2.5802	1.9993	2.4471
228.8	2.5777	1.9987	2.4481
229	2.5755	1.9982	2.4487
229.2	2.5729	1.9977	2.4489
229.4	2.5718	1.9973	2.4487
229.6	2.5704	1.9969	2.448
229.8	2.5671	1.9965	2.4469
230	2.5647	1.9961	2.4456
230.2	2.5631	1.9959	2.4439
230.4	2.5612	1.9956	2.4417
230.6	2.5586	1.9953	2.4391
230.8	2.5571	1.9951	2.4362
231	2.556	1.995	2.4335
231.2	2.5544	1.9949	2.4311
231.4	2.5539	1.9948	2.4294
231.6	2.5531	1.9948	2.4283
231.8	2.5522	1.9947	2.4276
232	2.5517	1.9947	2.4274
232.2	2.5516	1.9947	2.4276
232.4	2.5509	1.9948	2.4283
232.6	2.551	1.9948	2.4295
232.8	2.5509	1.9948	2.4311
233	2.5501	1.9948	2.4329
233.2	2.5495	1.9948	2.435
233.4	2.5503	1.9949	2.4372
233.6	2.551	1.9949	2.4395
233.8	2.5511	1.9949	2.4417
234	2.5509	1.9949	2.4439
234.2	2.5516	1.9949	2.446
234.4	2.5537	1.995	2.4482
234.6	2.5552	1.995	2.4504
234.8	2.5553	1.9949	2.4525
235	2.5545	1.9949	2.4544
235.2	2.555	1.9949	2.4562
235.4	2.5577	1.9949	2.4577
235.6	2.5594	1.9948	2.4592
235.8	2.5598	1.9948	2.4609
236	2.5615	1.9948	2.4631
236.2	2.5629	1.9948	2.4657
236.4	2.5638	1.9948	2.4685
236.6	2.5636	1.9947	2.4714
236.8	2.5637	1.9947	2.4743
237	2.5638	1.9947	2.4772
237.2	2.5636	1.9947	2.4799
237.4	2.5646	1.9948	2.4828
237.6	2.5654	1.9948	2.4858
237.8	2.5658	1.9949	2.4889
238	2.5668	1.995	2.4922
238.2	2.5682	1.9951	2.4959
238.4	2.5693	1.9952	2.4999
238.6	2.5702	1.9954	2.5044
238.8	2.5714	1.9956	2.5095
239	2.5733	1.9958	2.5149
239.2	2.5765	1.9961	2.5205
239.4	2.5791	1.9964	2.526
239.6	2.5811	1.9967	2.5311
239.8	2.5844	1.997	2.536
240	2.5882	1.9975	2.5407
240.2	2.5901	1.9979	2.5452
240.4	2.5924	1.9983	2.5496
240.6	2.5971	1.9988	2.5539
240.8	2.6001	1.9993	2.5574
241	2.603	1.9998	2.5604
241.2	2.6082	2.0004	2.5631
241.4	2.6134	2.001	2.5655
241.6	2.6165	2.0015	2.5677
241.8	2.6202	2.002	2.5699
242	2.6251	2.0026	2.5717
242.2	2.6295	2.0032	2.573
242.4	2.6337	2.0038	2.5736
242.6	2.6382	2.0044	2.5737
242.8	2.6425	2.005	2.5734
243	2.647	2.0056	2.5728
243.2	2.653	2.0063	2.572
243.4	2.6593	2.007	2.5712
243.6	2.6646	2.0077	2.5702
243.8	2.6701	2.0083	2.569
244	2.6759	2.009	2.5678
244.2	2.6812	2.0096	2.5664
244.4	2.6868	2.0103	2.5653
244.6	2.6929	2.011	2.5646
244.8	2.6983	2.0116	2.5642
245	2.7034	2.0122	2.5641
245.2	2.7098	2.0129	2.5644
245.4	2.7163	2.0136	2.5651
245.6	2.7214	2.0142	2.566
245.8	2.7263	2.0147	2.5675
246	2.7325	2.0153	2.5694
246.2	2.7379	2.0159	2.5713
246.4	2.7426	2.0165	2.5732
246.6	2.7478	2.017	2.5746
246.8	2.7538	2.0176	2.5755
247	2.7591	2.0182	2.5756
247.2	2.7637	2.0188	2.5752
247.4	2.7681	2.0194	2.5742
247.6	2.7726	2.02	2.5728
247.8	2.7765	2.0205	2.5712
248	2.7794	2.0211	2.5694
248.2	2.7822	2.0217	2.5678
248.4	2.7866	2.0224	2.5664
248.6	2.7907	2.0231	2.5652
248.8	2.7931	2.0237	2.5644
249	2.7969	2.0244	2.5644
249.2	2.8011	2.0251	2.5651
249.4	2.8038	2.0258	2.5663
249.6	2.8059	2.0265	2.5679
249.8	2.8089	2.0273	2.5697
250	2.8115	2.0282	2.5714
250.2	2.8141	2.029	2.5732
250.4	2.8179	2.0299	2.5753
250.6	2.8209	2.0308	2.5777
250.8	2.8235	2.0317	2.5803
251	2.8268	2.0326	2.5832
251.2	2.8306	2.0336	2.5862
251.4	2.833	2.0344	2.5894
251.6	2.8357	2.0354	2.5928
251.8	2.8386	2.0363	2.5967
252	2.8409	2.0373	2.6011
252.2	2.8433	2.0382	2.6061
252.4	2.8464	2.0391	2.6115
252.6	2.8495	2.0401	2.617
252.8	2.8517	2.0409	2.6224
253	2.8545	2.0418	2.6277
253.2	2.8579	2.0427	2.6329
253.4	2.8605	2.0436	2.638
253.6	2.8635	2.0444	2.6427
253.8	2.8672	2.0452	2.6469
254	2.8709	2.046	2.6502
254.2	2.8736	2.0467	2.6526
254.4	2.8767	2.0474	2.6542
254.6	2.8792	2.0481	2.6552
254.8	2.8813	2.0487	2.6559
255	2.8833	2.0493	2.6564
255.2	2.8861	2.0499	2.6567
255.4	2.8879	2.0505	2.6568
255.6	2.8889	2.0509	2.6568
255.8	2.8899	2.0514	2.657
256	2.8917	2.0519	2.6574
256.2	2.8935	2.0523	2.6581
256.4	2.8939	2.0527	2.659
256.6	2.8934	2.0531	2.6599
256.8	2.8938	2.0535	2.6609
257	2.8942	2.054	2.6618
257.2	2.8941	2.0544	2.6626
257.4	2.8932	2.0548	2.6633
257.6	2.8925	2.0553	2.6642
257.8	2.8923	2.0558	2.6651
258	2.8911	2.0562	2.6661
258.2	2.8904	2.0566	2.6673
258.4	2.8897	2.0571	2.6685
258.6	2.8887	2.0576	2.6698
258.8	2.8875	2.0581	2.671
259	2.886	2.0586	2.6721
259.2	2.8844	2.0592	2.6731
259.4	2.8823	2.0597	2.6739
259.6	2.8804	2.0603	2.6746
259.8	2.8784	2.061	2.675
260	2.8764	2.0615	2.6751
260.2	2.8748	2.0622	2.6748
260.4	2.8735	2.0629	2.6743
260.6	2.8717	2.0636	2.6736
260.8	2.8693	2.0642	2.6728
261	2.8669	2.0649	2.6718
261.2	2.8661	2.0657	2.6705
261.4	2.8645	2.0663	2.6687
261.6	2.8628	2.067	2.6665
261.8	2.8604	2.0676	2.6642
262	2.8594	2.0682	2.6619
262.2	2.858	2.0688	2.6597
262.4	2.8551	2.0693	2.6577
262.6	2.8535	2.0697	2.656
262.8	2.8534	2.0703	2.6546
263	2.8527	2.0708	2.6532
263.2	2.8508	2.0712	2.6518
263.4	2.8496	2.0716	2.6506
263.6	2.8492	2.072	2.6495
263.8	2.8481	2.0723	2.6486
264	2.8475	2.0727	2.6477
264.2	2.8467	2.0729	2.6467
264.4	2.8456	2.0731	2.6455
264.6	2.8458	2.0733	2.6443
264.8	2.8466	2.0735	2.6433
265	2.8463	2.0736	2.6426
265.2	2.8455	2.0736	2.6423
265.4	2.8458	2.0737	2.6424
265.6	2.8469	2.0738	2.6428
265.8	2.8468	2.0738	2.6432
266	2.8461	2.0737	2.6435
266.2	2.8466	2.0737	2.6438
266.4	2.8476	2.0738	2.644
266.6	2.8478	2.0738	2.644
266.8	2.847	2.0737	2.6439
267	2.8459	2.0736	2.6436
267.2	2.8452	2.0736	2.6431
267.4	2.8448	2.0735	2.6423
267.6	2.8437	2.0735	2.6414
267.8	2.8427	2.0735	2.6403
268	2.8423	2.0735	2.6394
268.2	2.842	2.0735	2.6387
268.4	2.8402	2.0735	2.638
268.6	2.8383	2.0734	2.6372
268.8	2.8372	2.0735	2.6364
269	2.8363	2.0735	2.6357
269.2	2.8344	2.0736	2.6349
269.4	2.8321	2.0735	2.6345
269.6	2.8305	2.0736	2.6344
269.8	2.8293	2.0737	2.6347
270	2.8286	2.0738	2.6351
270.2	2.8264	2.0738	2.6356
270.4	2.8243	2.0738	2.6363
270.6	2.8248	2.074	2.6371
270.8	2.8235	2.0741	2.6378
271	2.8211	2.0741	2.6383
271.2	2.8201	2.0741	2.6388
271.4	2.8204	2.0742	2.6391
271.6	2.8197	2.0742	2.6391
271.8	2.8186	2.0742	2.639
272	2.8182	2.0742	2.6389
272.2	2.8182	2.0741	2.6389
272.4	2.8177	2.074	2.6392
272.6	2.817	2.0739	2.6396
272.8	2.8166	2.0738	2.6404
273	2.816	2.0736	2.6416
273.2	2.8154	2.0734	2.6434
273.4	2.8161	2.0731	2.6459
273.6	2.8162	2.0728	2.6489
273.8	2.8163	2.0725	2.6525
274	2.8172	2.0722	2.6567
274.2	2.8185	2.0718	2.6615
274.4	2.819	2.0713	2.6668
274.6	2.8189	2.0707	2.6724
274.8	2.8197	2.0701	2.6782
275	2.8206	2.0695	2.6839
275.2	2.8217	2.0689	2.6896
275.4	2.823	2.0682	2.6951
275.6	2.8241	2.0675	2.7006
275.8	2.8254	2.0667	2.7059
276	2.8266	2.0659	2.7112
276.2	2.8276	2.0651	2.7165
276.4	2.8284	2.0642	2.7219
276.6	2.8303	2.0634	2.7276
276.8	2.8316	2.0625	2.7338
277	2.8328	2.0616	2.7403
277.2	2.8343	2.0606	2.7471
277.4	2.8364	2.0596	2.7541
277.6	2.8386	2.0587	2.761
277.8	2.8406	2.0577	2.7679
278	2.8418	2.0567	2.7745
278.2	2.843	2.0557	2.7807
278.4	2.8457	2.0548	2.7865
278.6	2.8486	2.0539	2.7916
278.8	2.8497	2.0529	2.796
279	2.8529	2.0519	2.7998
279.2	2.8564	2.0511	2.8033
279.4	2.8592	2.0502	2.8063
279.6	2.8617	2.0492	2.8092
279.8	2.8656	2.0484	2.812
280	2.8693	2.0475	2.8149
280.2	2.8725	2.0467	2.8179
280.4	2.8755	2.0458	2.821
280.6	2.8799	2.0451	2.8244
280.8	2.8849	2.0443	2.8282
281	2.8891	2.0434	2.8324
281.2	2.8942	2.0427	2.8369
281.4	2.9007	2.042	2.8415
281.6	2.9062	2.0412	2.8459
281.8	2.9119	2.0405	2.8502
282	2.9185	2.0398	2.854
282.2	2.9247	2.039	2.8572
282.4	2.9301	2.0383	2.8597
282.6	2.9369	2.0375	2.8613
282.8	2.9448	2.0369	2.8621
283	2.9519	2.0361	2.8621
283.2	2.9591	2.0354	2.8615
283.4	2.9673	2.0347	2.8605
283.6	2.9753	2.034	2.8595
283.8	2.9823	2.0332	2.8586
284	2.9901	2.0325	2.858
284.2	2.9995	2.0318	2.858
284.4	3.009	2.0311	2.8583
284.6	3.0174	2.0303	2.8591
284.8	3.0262	2.0296	2.8605
285	3.0363	2.0289	2.8624
285.2	3.0455	2.0282	2.8647
285.4	3.0541	2.0274	2.8673
285.6	3.0634	2.0268	2.8703
285.8	3.0725	2.0261	2.8733
286	3.081	2.0254	2.8765
286.2	3.0901	2.0247	2.8797
286.4	3.0996	2.0241	2.883
286.6	3.1082	2.0234	2.8866
286.8	3.1169	2.0227	2.8905
287	3.1262	2.0221	2.8949
287.2	3.1342	2.0216	2.8998
287.4	3.1421	2.0209	2.9049
287.6	3.15	2.0203	2.9105
287.8	3.1576	2.0198	2.9165
288	3.1634	2.0191	2.9227
288.2	3.1695	2.0185	2.9294
288.4	3.1765	2.018	2.9364
288.6	3.183	2.0174	2.9432
288.8	3.188	2.0168	2.9499
289	3.1923	2.0162	2.9562
289.2	3.1975	2.0158	2.9622
289.4	3.2019	2.0152	2.9677
289.6	3.2051	2.0147	2.9727
289.8	3.209	2.0142	2.9772
290	3.2128	2.0137	2.9814
290.2	3.2159	2.0133	2.9851
290.4	3.2191	2.0128	2.9885
290.6	3.2234	2.0124	2.9916
290.8	3.2273	2.012	2.9946
291	3.2301	2.0116	2.9975
291.2	3.2334	2.0112	3.0007
291.4	3.2366	2.0109	3.0042
291.6	3.2383	2.0105	3.0078
291.8	3.2406	2.01	3.0115
292	3.2439	2.0097	3.0153
292.2	3.2468	2.0094	3.019
292.4	3.2484	2.009	3.0228
292.6	3.2505	2.0087	3.0269
292.8	3.2539	2.0085	3.0312
293	3.2566	2.0082	3.0355
293.2	3.2584	2.0078	3.0396
293.4	3.2611	2.0076	3.0435
293.6	3.2638	2.0073	3.0472
293.8	3.2667	2.0071	3.0507
294	3.2701	2.0068	3.0541
294.2	3.2735	2.0066	3.0575
294.4	3.2761	2.0064	3.0607
294.6	3.2801	2.0063	3.0638
294.8	3.2838	2.0061	3.0665
295	3.2858	2.0059	3.0688
295.2	3.288	2.0058	3.0708
295.4	3.2917	2.0057	3.0725
295.6	3.2948	2.0056	3.0739
295.8	3.2965	2.0054	3.0749
296	3.2984	2.0052	3.0755
296.2	3.3014	2.0051	3.0757
296.4	3.3035	2.005	3.0753
296.6	3.3042	2.0048	3.0746
296.8	3.3051	2.0046	3.0737
297	3.3063	2.0045	3.0728
297.2	3.3075	2.0044	3.072
297.4	3.3085	2.0043	3.0713
297.6	3.3094	2.0042	3.0707
297.8	3.3103	2.0041	3.0701
298	3.3106	2.0039	3.0697
298.2	3.3117	2.0038	3.0693
298.4	3.3122	2.0037	3.0691
298.6	3.3117	2.0036	3.0689
298.8	3.3113	2.0035	3.0688
299	3.3109	2.0034	3.0686
299.2	3.3106	2.0033	3.0682
299.4	3.3093	2.0032	3.0677
299.6	3.3079	2.0031	3.0671
299.8	3.3074	2.003	3.0666
300	3.3063	2.0029	3.0662
300.2	3.3044	2.0028	3.066
300.4	3.3034	2.0027	3.0661
300.6	3.3036	2.0027	3.0665
300.8	3.3022	2.0027	3.067
301	3.3001	2.0026	3.0674
301.2	3.299	2.0026	3.068
301.4	3.2981	2.0026	3.0685
301.6	3.2965	2.0027	3.0689
301.8	3.2963	2.0027	3.0692
302	3.296	2.0029	3.0693
302.2	3.2943	2.003	3.069
302.4	3.293	2.0031	3.0684
302.6	3.293	2.0033	3.0675
302.8	3.2911	2.0034	3.0663
303	3.2896	2.0036	3.0651
303.2	3.2898	2.0038	3.064
303.4	3.2902	2.0041	3.0628
303.6	3.2895	2.0043	3.0616
303.8	3.2882	2.0046	3.0603
304	3.2881	2.0048	3.0592
304.2	3.2879	2.0051	3.0582
304.4	3.2868	2.0053	3.0574
304.6	3.2866	2.0056	3.0569
304.8	3.2864	2.0059	3.0568
305	3.2866	2.0062	3.0569
305.2	3.2871	2.0065	3.0572
305.4	3.287	2.0068	3.0575
305.6	3.2857	2.0071	3.0578
305.8	3.2855	2.0073	3.058
306	3.2858	2.0077	3.0582
306.2	3.2862	2.008	3.0583
306.4	3.2857	2.0083	3.0581
306.6	3.2857	2.0086	3.0576
306.8	3.2865	2.0089	3.0568
307	3.287	2.0092	3.0556
307.2	3.2869	2.0094	3.0542
307.4	3.2868	2.0097	3.0528
307.6	3.2869	2.01	3.0513
307.8	3.2869	2.0103	3.0499
308	3.2858	2.0105	3.0487
308.2	3.2845	2.0108	3.0476
308.4	3.2842	2.011	3.0468
308.6	3.2833	2.0113	3.0462
308.8	3.2812	2.0116	3.0459
309	3.2785	2.0118	3.0459
309.2	3.2763	2.0121	3.0462
309.4	3.2747	2.0124	3.047
309.6	3.2728	2.0127	3.0479
309.8	3.2708	2.013	3.0491
310	3.2681	2.0132	3.0505
310.2	3.2653	2.0135	3.052
310.4	3.2635	2.0139	3.0538
310.6	3.2619	2.0142	3.0558
310.8	3.2598	2.0146	3.0581
311	3.2583	2.0151	3.0607
311.2	3.2574	2.0155	3.0636
311.4	3.2556	2.016	3.0668
311.6	3.2532	2.0165	3.0702
311.8	3.2516	2.017	3.0742
312	3.2507	2.0176	3.0787
312.2	3.2498	2.0182	3.0838
312.4	3.2492	2.0188	3.0893
312.6	3.2484	2.0195	3.0952
312.8	3.2474	2.0202	3.1013
313	3.2468	2.0209	3.1076
313.2	3.2458	2.0217	3.1139
313.4	3.2449	2.0224	3.12
313.6	3.2448	2.0232	3.1261
313.8	3.2465	2.0241	3.132
314	3.248	2.025	3.1377
314.2	3.2482	2.0258	3.1429
314.4	3.2498	2.0268	3.1479
314.6	3.2526	2.0278	3.1527
314.8	3.2555	2.0288	3.1572
315	3.2583	2.0299	3.1617
315.2	3.2617	2.0311	3.166
315.4	3.2661	2.0322	3.1704
315.6	3.2705	2.0333	3.1747
315.8	3.2746	2.0344	3.1791
316	3.2791	2.0356	3.1836
316.2	3.2849	2.0368	3.1884
316.4	3.2908	2.038	3.1932
316.6	3.2968	2.0391	3.1982
316.8	3.3034	2.0403	3.2031
317	3.3101	2.0414	3.208
317.2	3.3178	2.0425	3.2127
317.4	3.3257	2.0436	3.2171
317.6	3.3336	2.0446	3.2211
317.8	3.342	2.0456	3.2245
318	3.3508	2.0467	3.2274
318.2	3.3604	2.0477	3.2297
318.4	3.3705	2.0487	3.2316
318.6	3.3798	2.0497	3.2331
318.8	3.3883	2.0505	3.2344
319	3.3975	2.0514	3.2357
319.2	3.4066	2.0522	3.2371
319.4	3.4148	2.0529	3.2388
319.6	3.4239	2.0537	3.2408
319.8	3.4337	2.0544	3.2432
320	3.4428	2.055	3.246
320.2	3.4512	2.0556	3.2492
320.4	3.4599	2.0562	3.2527
320.6	3.4684	2.0568	3.2563
320.8	3.4769	2.0574	3.2602
321	3.4853	2.0579	3.2641
321.2	3.4933	2.0585	3.2681
321.4	3.5011	2.0589	3.272
321.6	3.5093	2.0595	3.2761
321.8	3.5173	2.06	3.2802
322	3.5239	2.0604	3.2844
322.2	3.53	2.0609	3.2888
322.4	3.5371	2.0614	3.2933
322.6	3.5444	2.0619	3.2981
322.8	3.5504	2.0625	3.3031
323	3.5554	2.0629	3.3082
323.2	3.5621	2.0634	3.3135
323.4	3.5685	2.0639	3.3191
323.6	3.5737	2.0644	3.3247
323.8	3.5793	2.065	3.3304
324	3.5858	2.0655	3.3361
324.2	3.5911	2.066	3.3416
324.4	3.596	2.0665	3.347
324.6	3.602	2.0671	3.3522
324.8	3.6071	2.0676	3.3571
325	3.6103	2.068	3.3618
325.2	3.6147	2.0685	3.3662
325.4	3.6203	2.0691	3.3703
325.6	3.6249	2.0695	3.3741
325.8	3.6282	2.07	3.3775
326	3.6319	2.0704	3.3808
326.2	3.6357	2.0709	3.384
326.4	3.6381	2.0712	3.3872
326.6	3.6402	2.0716	3.3904
326.8	3.6426	2.0719	3.3937
327	3.6444	2.0722	3.397
327.2	3.646	2.0725	3.4003
327.4	3.6485	2.0728	3.4036
327.6	3.6507	2.073	3.4069
327.8	3.6517	2.0732	3.4101
328	3.6525	2.0734	3.4131
328.2	3.6543	2.0737	3.4161
328.4	3.6556	2.0739	3.4187
328.6	3.6556	2.074	3.4208
328.8	3.6558	2.0741	3.4225
329	3.6565	2.0742	3.4238
329.2	3.6558	2.0743	3.4247
329.4	3.6542	2.0742	3.4252
329.6	3.6534	2.0742	3.4254
329.8	3.6517	2.0742	3.4253
330	3.6486	2.074	3.4247
330.2	3.6457	2.0739	3.4239
330.4	3.6438	2.0738	3.423
330.6	3.6417	2.0737	3.4218
330.8	3.6378	2.0735	3.4204
331	3.6344	2.0733	3.4188
331.2	3.6333	2.0732	3.417
331.4	3.6311	2.0731	3.4149
331.6	3.6284	2.0729	3.4124
331.8	3.6263	2.0728	3.4097
332	3.6239	2.0726	3.4067
332.2	3.6211	2.0725	3.4037
332.4	3.6194	2.0724	3.4007
332.6	3.6171	2.0722	3.3975
332.8	3.6135	2.0719	3.3941
333	3.6112	2.0717	3.3908
333.2	3.6104	2.0716	3.3876
333.4	3.6078	2.0714	3.3844
333.6	3.6045	2.0711	3.3813
333.8	3.6025	2.0709	3.3784
334	3.601	2.0708	3.3755
334.2	3.5986	2.0705	3.3725
334.4	3.5965	2.0703	3.3696
334.6	3.5956	2.0702	3.3666
334.8	3.5934	2.0699	3.3635
335	3.5911	2.0697	3.3604
335.2	3.5902	2.0695	3.3575
335.4	3.59	2.0693	3.3545
335.6	3.5883	2.0691	3.3516
335.8	3.5857	2.0689	3.3488
336	3.5848	2.0687	3.3461
336.2	3.5845	2.0685	3.3435
336.4	3.5822	2.0682	3.3409
336.6	3.5796	2.0679	3.3384
336.8	3.5784	2.0677	3.336
337	3.5769	2.0674	3.3336
337.2	3.5731	2.067	3.3311
337.4	3.5694	2.0667	3.3285
337.6	3.5672	2.0664	3.3259
337.8	3.5634	2.0661	3.3232
338	3.5593	2.0657	3.3206
338.2	3.5561	2.0654	3.318
338.4	3.5532	2.0651	3.3154
338.6	3.549	2.0647	3.3128
338.8	3.5445	2.0643	3.3103
339	3.5418	2.064	3.3079
339.2	3.5389	2.0636	3.3057
339.4	3.5344	2.0633	3.3036
339.6	3.5297	2.0629	3.3017
339.8	3.5258	2.0625	3.2998
340	3.5215	2.0621	3.2981
340.2	3.5181	2.0618	3.2965
340.4	3.5144	2.0614	3.2948
340.6	3.5089	2.0609	3.293
340.8	3.504	2.0605	3.2912
341	3.501	2.0602	3.2895
341.2	3.4973	2.0598	3.2876
341.4	3.4922	2.0594	3.2855
341.6	3.4886	2.0591	3.2832
341.8	3.4854	2.0587	3.2808
342	3.4813	2.0583	3.2781
342.2	3.4777	2.0579	3.2752
342.4	3.4756	2.0576	3.2723
342.6	3.4737	2.0573	3.2692
342.8	3.47	2.0569	3.266
343	3.4672	2.0565	3.2629
343.2	3.4654	2.0562	3.26
343.4	3.4636	2.0559	3.2571
343.6	3.4601	2.0554	3.2544
343.8	3.4569	2.055	3.2521
344	3.456	2.0547	3.25
344.2	3.4548	2.0543	3.2483
344.4	3.4523	2.0539	3.2468
344.6	3.4504	2.0535	3.2456
344.8	3.4502	2.0531	3.2446
345	3.4499	2.0528	3.2439
345.2	3.448	2.0524	3.2434
345.4	3.4469	2.0519	3.2432
345.6	3.4467	2.0516	3.2432
345.8	3.4459	2.0511	3.2434
346	3.4453	2.0506	3.244
346.2	3.4446	2.0502	3.2449
346.4	3.4443	2.0497	3.2462
346.6	3.4449	2.0492	3.2479
346.8	3.4452	2.0487	3.25
347	3.4457	2.0481	3.2525
347.2	3.4458	2.0475	3.2554
347.4	3.4458	2.047	3.2587
347.6	3.4471	2.0464	3.2623
347.8	3.4485	2.0458	3.2663
348	3.4493	2.0452	3.2704
348.2	3.4512	2.0445	3.2748
348.4	3.4536	2.0439	3.2793
348.6	3.4555	2.0432	3.2837
348.8	3.4581	2.0425	3.2882
349	3.4604	2.0418	3.2924
349.2	3.4616	2.041	3.2965
349.4	3.4635	2.0403	3.3003
349.6	3.4663	2.0395	3.3038
349.8	3.4689	2.0387	3.3071
350	3.4724	2.0379	3.3102
350.2	3.4763	2.0371	3.313
350.4	3.4796	2.0363	3.3157
350.6	3.4824	2.0355	3.3182
350.8	3.4854	2.0346	3.3206
351	3.489	2.0338	3.323
351.2	3.4928	2.033	3.3255
351.4	3.4971	2.0321	3.328
351.6	3.5007	2.0313	3.3305
351.8	3.5057	2.0305	3.333
352	3.5115	2.0297	3.3354
352.2	3.5162	2.0289	3.3376
352.4	3.5205	2.0281	3.3395
352.6	3.5256	2.0274	3.3413
352.8	3.531	2.0268	3.3428
353	3.5365	2.0261	3.344
353.2	3.5414	2.0254	3.3448
353.4	3.5471	2.0248	3.3454
353.6	3.5532	2.0242	3.3458
353.8	3.5589	2.0235	3.346
354	3.5642	2.0229	3.3462
354.2	3.5697	2.0223	3.3463
354.4	3.5754	2.0218	3.3465
354.6	3.58	2.0212	3.3466
354.8	3.5837	2.0206	3.3467
355	3.5876	2.0201	3.3469
355.2	3.5909	2.0195	3.3472
355.4	3.5934	2.019	3.3475
355.6	3.5953	2.0184	3.3477
355.8	3.5968	2.0179	3.3478
356	3.5956	2.0176	3.3475
356.2	3.5937	2.0173	3.347
356.4	3.5911	2.017	3.3465
356.6	3.5878	2.0168	3.3458
356.8	3.5838	2.0167	3.345
357	3.5791	2.0165	3.3441
357.2	3.5737	2.0164	3.3432
357.4	3.5676	2.0164	3.3421
357.6	3.5608	2.0164	3.3409
357.8	3.5533	2.0164	3.3396
358	3.5451	2.0164	3.3382
358.2	3.5362	2.0165	3.3367
358.4	3.5267	2.0166	3.335
358.6	3.5164	2.0167	3.3333
358.8	3.5054	2.0169	3.3315
359	3.4938	2.0171	3.3296
359.2	3.4814	2.0174	3.3275
359.4	3.4684	2.0177	3.3254
359.6	3.4546	2.018	3.3231
359.8	3.4402	2.0184	3.3208
