vKurbelwinkel	p_Zyl_1	p_Ein	p_Aus
[KWnZOT]	[bar]	[bar]	[bar]
-360	3.4182	2.013	3.2867
-359.8	3.3883	2.0196	3.2815
-359.6	3.3585	2.026	3.2763
-359.4	3.3289	2.0323	3.2711
-359.2	3.2994	2.0384	3.266
-359	3.27	2.0444	3.261
-358.8	3.2408	2.0503	3.256
-358.6	3.2118	2.0559	3.251
-358.4	3.1829	2.0615	3.2461
-358.2	3.1542	2.0669	3.2413
-358	3.1256	2.0721	3.2365
-357.8	3.0971	2.0772	3.2317
-357.6	3.0689	2.0821	3.227
-357.4	3.0407	2.0868	3.2223
-357.2	3.0127	2.0915	3.2177
-357	2.9849	2.0959	3.2131
-356.8	2.9572	2.1002	3.2086
-356.6	2.9296	2.1044	3.2041
-356.4	2.9023	2.1084	3.1997
-356.2	2.875	2.1122	3.1953
-356	2.8479	2.1159	3.191
-355.8	2.8198	2.1201	3.1863
-355.6	2.7918	2.1242	3.1817
-355.4	2.764	2.128	3.1772
-355.2	2.7362	2.1318	3.173
-355	2.7084	2.1354	3.1689
-354.8	2.6806	2.1387	3.165
-354.6	2.6544	2.1418	3.1613
-354.4	2.6288	2.1445	3.1575
-354.2	2.6025	2.1467	3.1537
-354	2.5777	2.1486	3.15
-353.8	2.5537	2.1501	3.1463
-353.6	2.528	2.1513	3.1425
-353.4	2.5024	2.1521	3.1387
-353.2	2.4776	2.1526	3.135
-353	2.4538	2.1529	3.1313
-352.8	2.4313	2.153	3.1275
-352.6	2.4082	2.1527	3.1237
-352.4	2.3856	2.1522	3.1199
-352.2	2.3639	2.1514	3.1162
-352	2.3421	2.1505	3.1126
-351.8	2.3204	2.1494	3.109
-351.6	2.2996	2.148	3.1054
-351.4	2.2794	2.1466	3.1019
-351.2	2.26	2.1451	3.0985
-351	2.2403	2.1434	3.0949
-350.8	2.2228	2.1415	3.0915
-350.6	2.2065	2.1394	3.0881
-350.4	2.1896	2.1369	3.0848
-350.2	2.1734	2.134	3.0814
-350	2.1597	2.131	3.0782
-349.8	2.1454	2.1278	3.0748
-349.6	2.1304	2.1243	3.0713
-349.4	2.1182	2.1208	3.068
-349.2	2.1072	2.1171	3.0647
-349	2.0948	2.1131	3.0613
-348.8	2.083	2.1087	3.0579
-348.6	2.0733	2.1041	3.0545
-348.4	2.0657	2.0992	3.0511
-348.2	2.0581	2.0942	3.0476
-348	2.0508	2.0891	3.0441
-347.8	2.0449	2.0839	3.0404
-347.6	2.0394	2.0786	3.0368
-347.4	2.0333	2.0733	3.033
-347.2	2.0275	2.0677	3.0293
-347	2.023	2.0621	3.0255
-346.8	2.0191	2.0562	3.0218
-346.6	2.0154	2.0501	3.0182
-346.4	2.0125	2.0438	3.0145
-346.2	2.0102	2.0376	3.0109
-346	2.0067	2.0313	3.0074
-345.8	2.003	2.0251	3.0038
-345.6	1.9998	2.0191	3.0005
-345.4	1.9973	2.0131	2.9973
-345.2	1.9947	2.0071	2.9942
-345	1.9938	2.0014	2.9912
-344.8	1.9924	1.9958	2.9884
-344.6	1.9882	1.9903	2.9856
-344.4	1.9854	1.9852	2.983
-344.2	1.9838	1.9804	2.9807
-344	1.9807	1.9759	2.9784
-343.8	1.978	1.9717	2.9762
-343.6	1.978	1.9679	2.9744
-343.4	1.9775	1.9643	2.9728
-343.2	1.976	1.9609	2.9714
-343	1.9758	1.9578	2.9704
-342.8	1.9775	1.955	2.9698
-342.6	1.977	1.9523	2.9693
-342.4	1.975	1.9498	2.969
-342.2	1.9741	1.9475	2.9689
-342	1.9734	1.9456	2.9689
-341.8	1.9716	1.9437	2.9689
-341.6	1.9707	1.9419	2.969
-341.4	1.9717	1.9402	2.9691
-341.2	1.9709	1.9385	2.9692
-341	1.968	1.9368	2.9693
-340.8	1.9676	1.9352	2.9695
-340.6	1.9686	1.9337	2.9699
-340.4	1.9697	1.9323	2.9706
-340.2	1.9692	1.9309	2.9714
-340	1.9689	1.9296	2.9725
-339.8	1.9689	1.9285	2.9739
-339.6	1.9681	1.9273	2.9754
-339.4	1.9664	1.926	2.9771
-339.2	1.9682	1.9248	2.979
-339	1.9701	1.9235	2.981
-338.8	1.9701	1.9223	2.9829
-338.6	1.9694	1.9212	2.9849
-338.4	1.9681	1.9202	2.9867
-338.2	1.9636	1.9191	2.9882
-338	1.9589	1.918	2.9895
-337.8	1.9571	1.9169	2.9906
-337.6	1.9558	1.9158	2.9916
-337.4	1.9536	1.9147	2.9923
-337.2	1.9509	1.9136	2.9929
-337	1.9451	1.9124	2.9934
-336.8	1.9397	1.9112	2.9938
-336.6	1.936	1.91	2.9942
-336.4	1.9349	1.9089	2.9946
-336.2	1.9336	1.9077	2.9948
-336	1.9319	1.9064	2.9948
-335.8	1.9322	1.905	2.9948
-335.6	1.9324	1.9036	2.9948
-335.4	1.9297	1.9019	2.9945
-335.2	1.9264	1.9	2.994
-335	1.9248	1.8981	2.9933
-334.8	1.9244	1.896	2.9922
-334.6	1.9211	1.8937	2.9907
-334.4	1.9186	1.8914	2.989
-334.2	1.9181	1.8889	2.9871
-334	1.9184	1.8861	2.9849
-333.8	1.9177	1.8832	2.9825
-333.6	1.9166	1.8801	2.9798
-333.4	1.9158	1.8769	2.9769
-333.2	1.9156	1.8739	2.974
-333	1.915	1.8707	2.9711
-332.8	1.9153	1.8676	2.9681
-332.6	1.9153	1.8645	2.9652
-332.4	1.9164	1.8615	2.9622
-332.2	1.917	1.8584	2.9592
-332	1.9181	1.8554	2.9561
-331.8	1.9196	1.8524	2.9529
-331.6	1.9201	1.8494	2.9496
-331.4	1.9198	1.8465	2.9461
-331.2	1.9215	1.8436	2.9425
-331	1.9215	1.8408	2.9387
-330.8	1.9207	1.8381	2.9348
-330.6	1.9199	1.8354	2.9308
-330.4	1.9179	1.8326	2.9266
-330.2	1.9155	1.8296	2.9222
-330	1.9145	1.8268	2.9179
-329.8	1.9131	1.8239	2.9135
-329.6	1.9099	1.8209	2.9092
-329.4	1.9071	1.818	2.9049
-329.2	1.9047	1.8151	2.9008
-329	1.9019	1.8122	2.8968
-328.8	1.9014	1.8094	2.8929
-328.6	1.9003	1.8065	2.8891
-328.4	1.8978	1.8035	2.8854
-328.2	1.8945	1.8005	2.8819
-328	1.8913	1.7974	2.8787
-327.8	1.8877	1.7943	2.8756
-327.6	1.8833	1.791	2.8726
-327.4	1.8799	1.7877	2.8697
-327.2	1.8778	1.7843	2.8669
-327	1.8761	1.7809	2.8641
-326.8	1.8731	1.7775	2.8613
-326.6	1.8683	1.774	2.8585
-326.4	1.8639	1.7705	2.8558
-326.2	1.8593	1.7669	2.8529
-326	1.8553	1.7634	2.85
-325.8	1.8513	1.7599	2.8469
-325.6	1.8474	1.7565	2.8438
-325.4	1.8433	1.7534	2.8407
-325.2	1.839	1.7505	2.8378
-325	1.8347	1.7478	2.8348
-324.8	1.83	1.7454	2.8319
-324.6	1.8256	1.7432	2.829
-324.4	1.8225	1.7414	2.8262
-324.2	1.8191	1.7399	2.8235
-324	1.8142	1.7388	2.8207
-323.8	1.8098	1.738	2.818
-323.6	1.8056	1.7377	2.8152
-323.4	1.8023	1.7377	2.8124
-323.2	1.7994	1.738	2.8095
-323	1.797	1.7389	2.8065
-322.8	1.7945	1.7401	2.8034
-322.6	1.7899	1.7417	2.8001
-322.4	1.7856	1.7437	2.7967
-322.2	1.782	1.7461	2.7933
-322	1.7784	1.7488	2.79
-321.8	1.7742	1.7519	2.7867
-321.6	1.7708	1.7554	2.7834
-321.4	1.7693	1.7594	2.7804
-321.2	1.7669	1.7636	2.7775
-321	1.7638	1.768	2.7747
-320.8	1.7612	1.7726	2.7721
-320.6	1.7589	1.7773	2.7696
-320.4	1.7563	1.7822	2.7672
-320.2	1.7543	1.7873	2.7648
-320	1.7533	1.7924	2.7624
-319.8	1.7516	1.7976	2.7598
-319.6	1.7509	1.8026	2.7571
-319.4	1.7506	1.8076	2.7543
-319.2	1.7492	1.8124	2.7514
-319	1.7474	1.817	2.7484
-318.8	1.7465	1.8215	2.7453
-318.6	1.745	1.8258	2.7421
-318.4	1.7425	1.8298	2.7389
-318.2	1.7417	1.8336	2.7357
-318	1.7421	1.8372	2.7325
-317.8	1.7411	1.8405	2.7294
-317.6	1.7401	1.8436	2.7264
-317.4	1.7397	1.8465	2.7235
-317.2	1.7391	1.8491	2.7207
-317	1.738	1.8513	2.7178
-316.8	1.7375	1.8534	2.7151
-316.6	1.7392	1.8552	2.7126
-316.4	1.7419	1.8569	2.71
-316.2	1.7439	1.8583	2.7075
-316	1.7459	1.8595	2.705
-315.8	1.7495	1.8607	2.7026
-315.6	1.7517	1.8614	2.7003
-315.4	1.7532	1.862	2.698
-315.2	1.7559	1.8624	2.6959
-315	1.7606	1.8627	2.6941
-314.8	1.765	1.8628	2.6925
-314.6	1.7677	1.8627	2.6911
-314.4	1.7719	1.8625	2.6901
-314.2	1.7765	1.8622	2.6895
-314	1.7803	1.8618	2.6892
-313.8	1.7847	1.8613	2.6891
-313.6	1.7896	1.8608	2.6892
-313.4	1.7948	1.8601	2.6894
-313.2	1.7996	1.8593	2.6898
-313	1.8057	1.8585	2.6903
-312.8	1.8116	1.8577	2.6908
-312.6	1.8163	1.8568	2.6914
-312.4	1.8215	1.8561	2.692
-312.2	1.8272	1.8553	2.6926
-312	1.8329	1.8547	2.6934
-311.8	1.8384	1.854	2.6942
-311.6	1.8457	1.8535	2.6953
-311.4	1.8524	1.853	2.6964
-311.2	1.8585	1.8526	2.6977
-311	1.8653	1.8524	2.6991
-310.8	1.8712	1.8523	2.7006
-310.6	1.8755	1.8523	2.7022
-310.4	1.8799	1.8525	2.7039
-310.2	1.8865	1.853	2.7056
-310	1.8927	1.8536	2.7073
-309.8	1.8986	1.8542	2.7087
-309.6	1.9049	1.855	2.71
-309.4	1.9105	1.856	2.7111
-309.2	1.9151	1.8571	2.7119
-309	1.9206	1.8585	2.7127
-308.8	1.9268	1.86	2.7134
-308.6	1.9322	1.8617	2.7138
-308.4	1.9364	1.8634	2.714
-308.2	1.942	1.8653	2.7142
-308	1.9482	1.8673	2.7144
-307.8	1.9527	1.8693	2.7144
-307.6	1.9553	1.8715	2.7143
-307.4	1.9591	1.8738	2.7142
-307.2	1.9626	1.8763	2.714
-307	1.9662	1.8789	2.7136
-306.8	1.9694	1.8815	2.7129
-306.6	1.9721	1.8842	2.7121
-306.4	1.9751	1.887	2.7109
-306.2	1.9774	1.8899	2.7096
-306	1.9787	1.8928	2.7081
-305.8	1.9796	1.8957	2.7064
-305.6	1.9801	1.8987	2.7045
-305.4	1.9818	1.9017	2.7024
-305.2	1.9837	1.9048	2.7003
-305	1.9853	1.9081	2.6979
-304.8	1.9862	1.9112	2.6954
-304.6	1.9872	1.9145	2.6929
-304.4	1.9887	1.9176	2.6904
-304.2	1.9901	1.9208	2.6879
-304	1.9909	1.924	2.6854
-303.8	1.9924	1.9273	2.6829
-303.6	1.9952	1.9306	2.6805
-303.4	1.9977	1.9339	2.678
-303.2	1.9997	1.9372	2.6753
-303	2.0024	1.9405	2.6727
-302.8	2.0039	1.9438	2.67
-302.6	2.0051	1.9471	2.6672
-302.4	2.0063	1.9503	2.6642
-302.2	2.0085	1.9535	2.6612
-302	2.01	1.9566	2.658
-301.8	2.0115	1.9596	2.6546
-301.6	2.0137	1.9626	2.6513
-301.4	2.0159	1.9656	2.648
-301.2	2.017	1.9686	2.6446
-301	2.0187	1.9715	2.6414
-300.8	2.0208	1.9744	2.6382
-300.6	2.0225	1.977	2.6349
-300.4	2.0238	1.9796	2.6317
-300.2	2.0267	1.9822	2.6286
-300	2.0298	1.9848	2.6255
-299.8	2.0312	1.9874	2.6224
-299.6	2.0324	1.9899	2.6193
-299.4	2.0354	1.9924	2.6163
-299.2	2.0374	1.9949	2.6133
-299	2.039	1.9972	2.6103
-298.8	2.0405	1.9995	2.6073
-298.6	2.042	2.0018	2.6044
-298.4	2.0434	2.0039	2.6015
-298.2	2.0445	2.006	2.5988
-298	2.0458	2.0081	2.5961
-297.8	2.0468	2.0101	2.5935
-297.6	2.0481	2.012	2.5909
-297.4	2.0489	2.0139	2.5883
-297.2	2.0487	2.0157	2.5858
-297	2.05	2.0175	2.5833
-296.8	2.0521	2.0191	2.581
-296.6	2.0536	2.0206	2.5787
-296.4	2.0545	2.0219	2.5764
-296.2	2.0554	2.0233	2.5741
-296	2.0555	2.0247	2.5717
-295.8	2.0568	2.026	2.5694
-295.6	2.0589	2.0273	2.567
-295.4	2.0598	2.0285	2.5646
-295.2	2.0603	2.0296	2.5622
-295	2.0612	2.0307	2.5597
-294.8	2.0617	2.0317	2.5572
-294.6	2.0616	2.0326	2.5547
-294.4	2.0613	2.0334	2.5521
-294.2	2.0619	2.0341	2.5496
-294	2.0621	2.0349	2.5471
-293.8	2.0623	2.0357	2.5446
-293.6	2.0623	2.0364	2.5422
-293.4	2.062	2.0371	2.5398
-293.2	2.0615	2.0377	2.5376
-293	2.0616	2.0382	2.5353
-292.8	2.0618	2.0387	2.533
-292.6	2.0625	2.0392	2.5307
-292.4	2.064	2.0397	2.5284
-292.2	2.0662	2.0402	2.526
-292	2.0684	2.0408	2.5234
-291.8	2.0701	2.0413	2.5208
-291.6	2.0721	2.0418	2.5181
-291.4	2.0745	2.0423	2.5152
-291.2	2.0756	2.0429	2.5122
-291	2.0772	2.0434	2.5092
-290.8	2.08	2.0441	2.5061
-290.6	2.083	2.0447	2.5031
-290.4	2.0854	2.0454	2.5001
-290.2	2.088	2.0461	2.4972
-290	2.0903	2.0469	2.4943
-289.8	2.092	2.0477	2.4915
-289.6	2.0934	2.0485	2.4886
-289.4	2.0961	2.0494	2.4859
-289.2	2.0992	2.0502	2.4833
-289	2.1023	2.0511	2.4807
-288.8	2.1038	2.052	2.4781
-288.6	2.1052	2.0529	2.4754
-288.4	2.1071	2.0538	2.4728
-288.2	2.1083	2.0548	2.4702
-288	2.1096	2.0558	2.4677
-287.8	2.1123	2.0568	2.4653
-287.6	2.1142	2.0579	2.4629
-287.4	2.1146	2.0589	2.4607
-287.2	2.1158	2.0601	2.4587
-287	2.1169	2.0612	2.4568
-286.8	2.117	2.0622	2.4552
-286.6	2.1165	2.0633	2.4539
-286.4	2.1162	2.0642	2.4527
-286.2	2.1162	2.0653	2.4519
-286	2.1165	2.0663	2.4514
-285.8	2.1158	2.0673	2.4509
-285.6	2.1138	2.0682	2.4506
-285.4	2.1138	2.0692	2.4505
-285.2	2.1138	2.0701	2.4504
-285	2.1132	2.071	2.4503
-284.8	2.1137	2.0719	2.4503
-284.6	2.1153	2.0728	2.4503
-284.4	2.1157	2.0737	2.4502
-284.2	2.1145	2.0744	2.4501
-284	2.1153	2.0752	2.4501
-283.8	2.117	2.0761	2.4502
-283.6	2.1164	2.0768	2.4502
-283.4	2.1162	2.0776	2.4503
-283.2	2.1178	2.0783	2.4507
-283	2.1197	2.0791	2.4512
-282.8	2.1201	2.0798	2.4517
-282.6	2.1211	2.0805	2.4524
-282.4	2.1223	2.0811	2.4532
-282.2	2.1234	2.0817	2.454
-282	2.1243	2.0823	2.4549
-281.8	2.1253	2.0827	2.4559
-281.6	2.1273	2.0831	2.4568
-281.4	2.1298	2.0835	2.4577
-281.2	2.1308	2.0838	2.4584
-281	2.1317	2.084	2.4591
-280.8	2.1338	2.0842	2.4597
-280.6	2.136	2.0844	2.4603
-280.4	2.1377	2.0845	2.4609
-280.2	2.1406	2.0845	2.4614
-280	2.144	2.0845	2.4619
-279.8	2.1466	2.0844	2.4624
-279.6	2.1483	2.0842	2.4628
-279.4	2.1507	2.0841	2.4633
-279.2	2.1527	2.0839	2.4638
-279	2.1542	2.0835	2.4642
-278.8	2.1559	2.0832	2.4644
-278.6	2.1577	2.0828	2.4645
-278.4	2.1591	2.0823	2.4644
-278.2	2.1608	2.0817	2.4641
-278	2.1628	2.0811	2.4636
-277.8	2.1632	2.0804	2.4629
-277.6	2.1636	2.0795	2.462
-277.4	2.1651	2.0787	2.461
-277.2	2.1657	2.0778	2.4598
-277	2.1651	2.0768	2.4584
-276.8	2.1653	2.0757	2.4569
-276.6	2.1659	2.0747	2.4554
-276.4	2.1648	2.0735	2.4536
-276.2	2.1632	2.0723	2.4517
-276	2.164	2.0711	2.4499
-275.8	2.165	2.07	2.448
-275.6	2.1633	2.0688	2.4459
-275.4	2.1621	2.0675	2.4438
-275.2	2.1618	2.0664	2.4416
-275	2.161	2.0653	2.4392
-274.8	2.1592	2.0641	2.4367
-274.6	2.1582	2.063	2.4342
-274.4	2.1572	2.0619	2.4316
-274.2	2.1563	2.0608	2.4289
-274	2.1549	2.0597	2.4261
-273.8	2.1537	2.0586	2.4233
-273.6	2.1525	2.0576	2.4204
-273.4	2.1509	2.0565	2.4174
-273.2	2.1494	2.0556	2.4145
-273	2.1497	2.0547	2.4117
-272.8	2.15	2.0539	2.4088
-272.6	2.1493	2.053	2.406
-272.4	2.1499	2.0523	2.4032
-272.2	2.1514	2.0516	2.4005
-272	2.1504	2.0509	2.3977
-271.8	2.149	2.0502	2.3949
-271.6	2.1495	2.0496	2.3922
-271.4	2.1503	2.0491	2.3896
-271.2	2.1497	2.0487	2.3869
-271	2.1501	2.0483	2.3843
-270.8	2.1514	2.0481	2.3818
-270.6	2.1516	2.0478	2.3793
-270.4	2.151	2.0475	2.3769
-270.2	2.1518	2.0473	2.3746
-270	2.1532	2.0471	2.3725
-269.8	2.1532	2.0469	2.3703
-269.6	2.1529	2.0466	2.3682
-269.4	2.1533	2.0465	2.3662
-269.2	2.1531	2.0464	2.3642
-269	2.1522	2.0462	2.3623
-268.8	2.1525	2.0461	2.3605
-268.6	2.1521	2.0461	2.3587
-268.4	2.151	2.046	2.3568
-268.2	2.1507	2.0459	2.355
-268	2.1509	2.0459	2.3532
-267.8	2.1504	2.0459	2.3513
-267.6	2.1484	2.0458	2.3493
-267.4	2.1474	2.0457	2.3473
-267.2	2.1475	2.0457	2.3453
-267	2.1465	2.0458	2.3432
-266.8	2.1448	2.0457	2.341
-266.6	2.1436	2.0458	2.3388
-266.4	2.1427	2.0458	2.3366
-266.2	2.1409	2.0457	2.3343
-266	2.139	2.0457	2.3321
-265.8	2.138	2.0457	2.3297
-265.6	2.1362	2.0457	2.3273
-265.4	2.1343	2.0457	2.3249
-265.2	2.1332	2.0457	2.3226
-265	2.1329	2.0457	2.3202
-264.8	2.131	2.0457	2.3179
-264.6	2.1291	2.0457	2.3156
-264.4	2.1283	2.0457	2.3133
-264.2	2.1269	2.0457	2.311
-264	2.1243	2.0457	2.3088
-263.8	2.1227	2.0456	2.3065
-263.6	2.1221	2.0456	2.3044
-263.4	2.121	2.0457	2.3022
-263.2	2.1198	2.0457	2.3
-263	2.1194	2.0457	2.2978
-262.8	2.1188	2.0458	2.2955
-262.6	2.1178	2.0458	2.2932
-262.4	2.1169	2.0458	2.291
-262.2	2.1165	2.0458	2.2887
-262	2.1156	2.0458	2.2864
-261.8	2.1149	2.0458	2.2841
-261.6	2.1146	2.0458	2.2819
-261.4	2.1143	2.0458	2.2796
-261.2	2.1134	2.0458	2.2773
-261	2.113	2.0458	2.275
-260.8	2.1138	2.0458	2.2728
-260.6	2.1142	2.0458	2.2705
-260.4	2.1136	2.0457	2.2682
-260.2	2.1129	2.0455	2.2659
-260	2.1136	2.0454	2.2637
-259.8	2.1154	2.0454	2.2615
-259.6	2.1158	2.0452	2.2593
-259.4	2.1152	2.0449	2.2571
-259.2	2.1164	2.0448	2.255
-259	2.1175	2.0446	2.253
-258.8	2.118	2.0443	2.2509
-258.6	2.1184	2.0441	2.249
-258.4	2.1183	2.0438	2.2471
-258.2	2.1182	2.0434	2.2454
-258	2.1185	2.0431	2.2437
-257.8	2.1182	2.0427	2.2422
-257.6	2.1178	2.0422	2.2408
-257.4	2.118	2.0417	2.2395
-257.2	2.1181	2.0412	2.2384
-257	2.117	2.0406	2.2374
-256.8	2.1164	2.04	2.2365
-256.6	2.117	2.0394	2.2357
-256.4	2.1163	2.0387	2.235
-256.2	2.1148	2.0378	2.2344
-256	2.1143	2.037	2.234
-255.8	2.1136	2.0362	2.2336
-255.6	2.1119	2.0352	2.2334
-255.4	2.1116	2.0343	2.2332
-255.2	2.1112	2.0334	2.2332
-255	2.1098	2.0324	2.2332
-254.8	2.1092	2.0314	2.2334
-254.6	2.1089	2.0304	2.2336
-254.4	2.1073	2.0293	2.2339
-254.2	2.1067	2.0282	2.2343
-254	2.1076	2.0272	2.2348
-253.8	2.1075	2.0261	2.2352
-253.6	2.1071	2.025	2.2357
-253.4	2.1072	2.0239	2.2362
-253.2	2.1073	2.0229	2.2368
-253	2.1076	2.0218	2.2373
-252.8	2.1079	2.0208	2.2379
-252.6	2.1076	2.0197	2.2384
-252.4	2.1072	2.0186	2.239
-252.2	2.1083	2.0176	2.2397
-252	2.1102	2.0167	2.2404
-251.8	2.111	2.0156	2.2411
-251.6	2.1102	2.0146	2.2417
-251.4	2.1102	2.0137	2.2424
-251.2	2.112	2.0129	2.2432
-251	2.1131	2.0121	2.2439
-250.8	2.1128	2.0113	2.2445
-250.6	2.112	2.0106	2.245
-250.4	2.1121	2.0099	2.2454
-250.2	2.1139	2.0094	2.2458
-250	2.1142	2.0089	2.2459
-249.8	2.1138	2.0085	2.2459
-249.6	2.115	2.0081	2.2457
-249.4	2.1163	2.0079	2.2454
-249.2	2.1162	2.0076	2.2448
-249	2.1159	2.0074	2.2441
-248.8	2.1179	2.0074	2.2434
-248.6	2.1187	2.0074	2.2425
-248.4	2.1177	2.0074	2.2414
-248.2	2.1184	2.0075	2.2404
-248	2.1185	2.0078	2.2392
-247.8	2.1174	2.008	2.2378
-247.6	2.1171	2.0083	2.2365
-247.4	2.1183	2.0088	2.2351
-247.2	2.1166	2.0092	2.2335
-247	2.116	2.0096	2.2319
-246.8	2.1174	2.0103	2.2302
-246.6	2.1165	2.0108	2.2284
-246.4	2.1146	2.0114	2.2264
-246.2	2.1146	2.0122	2.2243
-246	2.1144	2.013	2.2223
-245.8	2.1119	2.0137	2.22
-245.6	2.1105	2.0144	2.2177
-245.4	2.11	2.0153	2.2155
-245.2	2.1088	2.0161	2.2133
-245	2.1072	2.0169	2.2111
-244.8	2.1063	2.0178	2.2089
-244.6	2.1058	2.0187	2.2069
-244.4	2.1043	2.0195	2.2048
-244.2	2.1025	2.0203	2.2028
-244	2.1023	2.0212	2.2008
-243.8	2.1014	2.022	2.1989
-243.6	2.0987	2.0227	2.1968
-243.4	2.0978	2.0234	2.1948
-243.2	2.0974	2.0241	2.1927
-243	2.0963	2.0246	2.1906
-242.8	2.0941	2.0251	2.1884
-242.6	2.0924	2.0255	2.1862
-242.4	2.0916	2.0258	2.1839
-242.2	2.0911	2.0261	2.1817
-242	2.0902	2.0263	2.1794
-241.8	2.0897	2.0263	2.1772
-241.6	2.0904	2.0264	2.175
-241.4	2.0911	2.0263	2.1729
-241.2	2.091	2.0261	2.1708
-241	2.0916	2.0258	2.1687
-240.8	2.0929	2.0255	2.1667
-240.6	2.0932	2.025	2.1646
-240.4	2.0935	2.0245	2.1626
-240.2	2.0949	2.0239	2.1607
-240	2.0958	2.0233	2.1588
-239.8	2.0977	2.0226	2.157
-239.6	2.0996	2.0218	2.1551
-239.4	2.1012	2.0209	2.1532
-239.2	2.102	2.0199	2.1513
-239	2.1046	2.0189	2.1494
-238.8	2.1064	2.0179	2.1476
-238.6	2.1069	2.0168	2.1456
-238.4	2.109	2.0157	2.1438
-238.2	2.1115	2.0146	2.142
-238	2.1124	2.0135	2.1401
-237.8	2.1134	2.0123	2.1384
-237.6	2.1156	2.0112	2.1367
-237.4	2.1172	2.01	2.135
-237.2	2.1181	2.009	2.1334
-237	2.1204	2.008	2.1318
-236.8	2.1224	2.0071	2.1303
-236.6	2.1226	2.0061	2.1286
-236.4	2.1233	2.0053	2.1269
-236.2	2.1252	2.0046	2.1253
-236	2.1263	2.0039	2.1236
-235.8	2.1253	2.0032	2.1217
-235.6	2.1248	2.0026	2.1199
-235.4	2.1258	2.0022	2.1182
-235.2	2.1261	2.0018	2.1165
-235	2.1253	2.0015	2.1147
-234.8	2.1238	2.0013	2.1129
-234.6	2.1229	2.0012	2.1111
-234.4	2.1224	2.0012	2.1094
-234.2	2.1229	2.0013	2.1077
-234	2.1225	2.0016	2.106
-233.8	2.1218	2.0019	2.1042
-233.6	2.1215	2.0023	2.1024
-233.4	2.1214	2.0029	2.1006
-233.2	2.121	2.0035	2.0988
-233	2.1201	2.0041	2.0969
-232.8	2.1182	2.0049	2.0949
-232.6	2.1178	2.0057	2.0928
-232.4	2.1185	2.0068	2.0908
-232.2	2.1178	2.0078	2.0886
-232	2.116	2.0088	2.0864
-231.8	2.1165	2.0099	2.0842
-231.6	2.1173	2.0112	2.082
-231.4	2.1161	2.0123	2.0797
-231.2	2.1158	2.0135	2.0775
-231	2.1172	2.0148	2.0753
-230.8	2.1174	2.0161	2.0731
-230.6	2.117	2.0172	2.0708
-230.4	2.1178	2.0185	2.0687
-230.2	2.1186	2.0198	2.0666
-230	2.1186	2.021	2.0646
-229.8	2.1195	2.0223	2.0626
-229.6	2.1207	2.0236	2.0607
-229.4	2.1213	2.0249	2.0589
-229.2	2.1227	2.0261	2.0572
-229	2.1243	2.0273	2.0556
-228.8	2.1244	2.0285	2.054
-228.6	2.1246	2.0297	2.0525
-228.4	2.1272	2.0309	2.0513
-228.2	2.1284	2.0321	2.0501
-228	2.1276	2.0331	2.0489
-227.8	2.1289	2.0343	2.048
-227.6	2.1309	2.0354	2.0472
-227.4	2.1313	2.0364	2.0464
-227.2	2.1313	2.0374	2.0458
-227	2.1316	2.0385	2.0452
-226.8	2.1319	2.0394	2.0447
-226.6	2.1326	2.0404	2.0443
-226.4	2.1337	2.0414	2.044
-226.2	2.1343	2.0424	2.0438
-226	2.134	2.0433	2.0435
-225.8	2.1342	2.0441	2.0434
-225.6	2.1343	2.045	2.0433
-225.4	2.1342	2.0458	2.0433
-225.2	2.1328	2.0465	2.0433
-225	2.1311	2.0472	2.0432
-224.8	2.1307	2.0479	2.0434
-224.6	2.1314	2.0487	2.0435
-224.4	2.1308	2.0494	2.0436
-224.2	2.1293	2.0501	2.0437
-224	2.1293	2.0508	2.0439
-223.8	2.1296	2.0515	2.0441
-223.6	2.1298	2.0521	2.0443
-223.4	2.1294	2.0526	2.0444
-223.2	2.1302	2.0532	2.0445
-223	2.1303	2.0538	2.0447
-222.8	2.1295	2.0542	2.0448
-222.6	2.1303	2.0547	2.045
-222.4	2.1309	2.0552	2.0452
-222.2	2.131	2.0556	2.0455
-222	2.1316	2.056	2.0458
-221.8	2.1324	2.0563	2.0461
-221.6	2.1327	2.0566	2.0464
-221.4	2.1337	2.0568	2.0467
-221.2	2.1348	2.057	2.047
-221	2.135	2.0572	2.0472
-220.8	2.1356	2.0573	2.0474
-220.6	2.1373	2.0574	2.0477
-220.4	2.139	2.0576	2.0478
-220.2	2.1392	2.0576	2.0478
-220	2.1397	2.0576	2.0477
-219.8	2.1423	2.0577	2.0477
-219.6	2.1443	2.0578	2.0475
-219.4	2.1456	2.0578	2.0472
-219.2	2.1483	2.0578	2.0469
-219	2.1513	2.0578	2.0465
-218.8	2.1531	2.0578	2.0459
-218.6	2.1559	2.0578	2.0453
-218.4	2.1584	2.0578	2.0447
-218.2	2.1593	2.0577	2.0439
-218	2.1609	2.0577	2.043
-217.8	2.1635	2.0577	2.0421
-217.6	2.1653	2.0577	2.0411
-217.4	2.1663	2.0576	2.04
-217.2	2.1671	2.0575	2.0387
-217	2.1688	2.0576	2.0375
-216.8	2.1706	2.0577	2.0361
-216.6	2.1704	2.0577	2.0345
-216.4	2.1709	2.0579	2.0329
-216.2	2.1722	2.058	2.0313
-216	2.1728	2.0581	2.0295
-215.8	2.1724	2.0583	2.0277
-215.6	2.1737	2.0586	2.026
-215.4	2.174	2.0589	2.0242
-215.2	2.1732	2.0592	2.0224
-215	2.1726	2.0595	2.0205
-214.8	2.1729	2.0598	2.0187
-214.6	2.1737	2.0603	2.0169
-214.4	2.1734	2.0608	2.0151
-214.2	2.173	2.0612	2.0132
-214	2.1732	2.0618	2.0113
-213.8	2.1727	2.0624	2.0093
-213.6	2.1714	2.0629	2.0073
-213.4	2.171	2.0635	2.0052
-213.2	2.1711	2.0641	2.0032
-213	2.1704	2.0647	2.0011
-212.8	2.1701	2.0653	1.999
-212.6	2.1706	2.0661	1.997
-212.4	2.1709	2.0669	1.995
-212.2	2.17	2.0676	1.9929
-212	2.1695	2.0684	1.9909
-211.8	2.1709	2.0693	1.9891
-211.6	2.1723	2.0701	1.9872
-211.4	2.1725	2.0709	1.9854
-211.2	2.1712	2.0716	1.9835
-211	2.1733	2.0725	1.9819
-210.8	2.1753	2.0734	1.9802
-210.6	2.1759	2.0742	1.9786
-210.4	2.1755	2.075	1.977
-210.2	2.1767	2.0758	1.9754
-210	2.1792	2.0767	1.9739
-209.8	2.1812	2.0775	1.9724
-209.6	2.1821	2.0784	1.9709
-209.4	2.183	2.0792	1.9694
-209.2	2.1851	2.0801	1.968
-209	2.1874	2.081	1.9666
-208.8	2.1887	2.0818	1.9652
-208.6	2.1893	2.0827	1.9638
-208.4	2.1911	2.0835	1.9625
-208.2	2.1927	2.0844	1.9613
-208	2.1938	2.0853	1.96
-207.8	2.1952	2.0862	1.9588
-207.6	2.198	2.0871	1.9576
-207.4	2.1991	2.088	1.9563
-207.2	2.199	2.0889	1.955
-207	2.1998	2.0898	1.9536
-206.8	2.2012	2.0907	1.9522
-206.6	2.2023	2.0916	1.9508
-206.4	2.2031	2.0925	1.9493
-206.2	2.2035	2.0934	1.9477
-206	2.2041	2.0943	1.9461
-205.8	2.204	2.0951	1.9445
-205.6	2.2037	2.096	1.9428
-205.4	2.2042	2.0968	1.9412
-205.2	2.2047	2.0977	1.9395
-205	2.2041	2.0985	1.9378
-204.8	2.2034	2.0993	1.9362
-204.6	2.2029	2.1001	1.9345
-204.4	2.202	2.1009	1.9329
-204.2	2.1999	2.1016	1.9312
-204	2.1988	2.1023	1.9296
-203.8	2.1986	2.103	1.9279
-203.6	2.1965	2.1036	1.9262
-203.4	2.194	2.1041	1.9244
-203.2	2.1939	2.1047	1.9228
-203	2.1961	2.1052	1.9211
-202.8	2.1944	2.1057	1.9194
-202.6	2.1929	2.106	1.9175
-202.4	2.193	2.1064	1.9158
-202.2	2.1935	2.1068	1.9141
-202	2.1936	2.1071	1.9123
-201.8	2.1933	2.1073	1.9106
-201.6	2.1928	2.1075	1.9089
-201.4	2.1924	2.1077	1.9072
-201.2	2.1932	2.1078	1.9056
-201	2.1921	2.1079	1.904
-200.8	2.1907	2.1078	1.9023
-200.6	2.1905	2.1078	1.9006
-200.4	2.1901	2.1078	1.899
-200.2	2.1899	2.1077	1.8974
-200	2.191	2.1078	1.8959
-199.8	2.1919	2.1077	1.8943
-199.6	2.1917	2.1077	1.8928
-199.4	2.1912	2.1076	1.8912
-199.2	2.192	2.1076	1.8897
-199	2.1933	2.1076	1.8883
-198.8	2.1947	2.1076	1.887
-198.6	2.1963	2.1077	1.8857
-198.4	2.1976	2.1078	1.8846
-198.2	2.198	2.1079	1.8834
-198	2.1986	2.1081	1.8823
-197.8	2.2004	2.1083	1.8814
-197.6	2.202	2.1086	1.8805
-197.4	2.2027	2.1089	1.8796
-197.2	2.2045	2.1093	1.8788
-197	2.2058	2.1097	1.878
-196.8	2.2061	2.1102	1.8773
-196.6	2.2074	2.1108	1.8767
-196.4	2.2081	2.1114	1.876
-196.2	2.2076	2.1121	1.8754
-196	2.2078	2.1129	1.8748
-195.8	2.2082	2.1137	1.8742
-195.6	2.2078	2.1145	1.8737
-195.4	2.2084	2.1155	1.8733
-195.2	2.2097	2.1165	1.8729
-195	2.2093	2.1175	1.8726
-194.8	2.2085	2.1186	1.8723
-194.6	2.2078	2.1197	1.872
-194.4	2.2067	2.1208	1.8718
-194.2	2.2059	2.1219	1.8716
-194	2.205	2.1231	1.8715
-193.8	2.2037	2.1243	1.8714
-193.6	2.2021	2.1254	1.8714
-193.4	2.2008	2.1266	1.8713
-193.2	2.1998	2.1277	1.8714
-193	2.1978	2.1288	1.8714
-192.8	2.1967	2.1299	1.8715
-192.6	2.196	2.1309	1.8716
-192.4	2.195	2.1319	1.8718
-192.2	2.1949	2.1329	1.8721
-192	2.195	2.1339	1.8724
-191.8	2.1943	2.1347	1.8727
-191.6	2.1933	2.1355	1.873
-191.4	2.1924	2.1361	1.8733
-191.2	2.1918	2.1367	1.8736
-191	2.1921	2.1373	1.874
-190.8	2.1924	2.1377	1.8744
-190.6	2.192	2.138	1.8747
-190.4	2.1922	2.1383	1.875
-190.2	2.1931	2.1384	1.8752
-190	2.1943	2.1386	1.8754
-189.8	2.1954	2.1385	1.8755
-189.6	2.196	2.1385	1.8755
-189.4	2.1971	2.1384	1.8754
-189.2	2.1982	2.1381	1.8753
-189	2.1988	2.1378	1.8751
-188.8	2.2007	2.1375	1.8748
-188.6	2.2024	2.1371	1.8745
-188.4	2.2023	2.1366	1.8739
-188.2	2.2038	2.1361	1.8734
-188	2.2063	2.1357	1.8728
-187.8	2.2074	2.1351	1.8721
-187.6	2.2082	2.1345	1.8713
-187.4	2.2106	2.134	1.8704
-187.2	2.2133	2.1334	1.8695
-187	2.2149	2.1329	1.8684
-186.8	2.2164	2.1323	1.8672
-186.6	2.2172	2.1316	1.866
-186.4	2.2185	2.1311	1.8646
-186.2	2.2205	2.1306	1.8633
-186	2.2216	2.13	1.8618
-185.8	2.2219	2.1294	1.8603
-185.6	2.2224	2.1289	1.8588
-185.4	2.2229	2.1283	1.8573
-185.2	2.223	2.1277	1.8558
-185	2.2225	2.1271	1.8543
-184.8	2.2226	2.1266	1.8528
-184.6	2.2223	2.126	1.8513
-184.4	2.2217	2.1254	1.8498
-184.2	2.221	2.1249	1.8484
-184	2.2202	2.1243	1.8469
-183.8	2.2197	2.1237	1.8454
-183.6	2.2192	2.1231	1.8439
-183.4	2.218	2.1225	1.8423
-183.2	2.2175	2.1219	1.8408
-183	2.2174	2.1213	1.8393
-182.8	2.2161	2.1206	1.8377
-182.6	2.2149	2.1199	1.8361
-182.4	2.2153	2.1192	1.8346
-182.2	2.2146	2.1185	1.833
-182	2.2148	2.1177	1.8315
-181.8	2.2124	2.1169	1.8299
-181.6	2.2095	2.116	1.8284
-181.4	2.2079	2.1152	1.827
-181.2	2.2061	2.1143	1.8255
-181	2.2071	2.1133	1.8241
-180.8	2.2054	2.1123	1.8226
-180.6	2.2046	2.1112	1.8212
-180.4	2.2058	2.11	1.8197
-180.2	2.2074	2.1089	1.8183
-180	2.2108	2.1078	1.8168
-179.8	2.2131	2.1066	1.8154
-179.6	2.2142	2.1055	1.8139
-179.4	2.2175	2.1044	1.8125
-179.2	2.2188	2.1031	1.811
-179	2.2202	2.1019	1.8095
-178.8	2.2222	2.1006	1.808
-178.6	2.2239	2.0993	1.8066
-178.4	2.2294	2.0981	1.8053
-178.2	2.2328	2.0968	1.8041
-178	2.2335	2.0954	1.8028
-177.8	2.2365	2.0942	1.8015
-177.6	2.2401	2.093	1.8004
-177.4	2.2447	2.0918	1.7993
-177.2	2.2484	2.0906	1.7981
-177	2.2497	2.0895	1.7969
-176.8	2.2511	2.0884	1.7957
-176.6	2.2513	2.0872	1.7945
-176.4	2.2549	2.0861	1.7933
-176.2	2.2597	2.0848	1.792
-176	2.262	2.0835	1.7907
-175.8	2.2668	2.0823	1.7894
-175.6	2.2712	2.081	1.7882
-175.4	2.2714	2.0796	1.7868
-175.2	2.2721	2.0781	1.7854
-175	2.2717	2.0767	1.7841
-174.8	2.2716	2.0753	1.7829
-174.6	2.2723	2.0737	1.7816
-174.4	2.2716	2.0721	1.7804
-174.2	2.2724	2.0705	1.7792
-174	2.2742	2.0687	1.7779
-173.8	2.2713	2.0669	1.7766
-173.6	2.2696	2.0653	1.7752
-173.4	2.2687	2.0636	1.7739
-173.2	2.2665	2.0618	1.7725
-173	2.2663	2.0601	1.7711
-172.8	2.2641	2.0584	1.7697
-172.6	2.2672	2.0566	1.7683
-172.4	2.2697	2.0547	1.7669
-172.2	2.271	2.0529	1.7655
-172	2.2725	2.051	1.764
-171.8	2.2697	2.0491	1.7625
-171.6	2.266	2.0471	1.7611
-171.4	2.2659	2.0451	1.7597
-171.2	2.2638	2.0431	1.7584
-171	2.2655	2.0412	1.757
-170.8	2.2692	2.0393	1.7557
-170.6	2.2728	2.0373	1.7544
-170.4	2.2777	2.0354	1.7531
-170.2	2.2767	2.0335	1.7516
-170	2.273	2.0316	1.7502
-169.8	2.2722	2.0298	1.7488
-169.6	2.2699	2.028	1.7474
-169.4	2.2698	2.0262	1.7459
-169.2	2.2719	2.0244	1.7443
-169	2.2758	2.0227	1.7428
-168.8	2.2818	2.021	1.7414
-168.6	2.2848	2.0193	1.7399
-168.4	2.2852	2.0176	1.7385
-168.2	2.2821	2.0159	1.7372
-168	2.2774	2.0144	1.7358
-167.8	2.2789	2.0128	1.7346
-167.6	2.2825	2.0112	1.7334
-167.4	2.2868	2.0097	1.7323
-167.2	2.2943	2.0082	1.7313
-167	2.2986	2.0069	1.7304
-166.8	2.2993	2.0055	1.7295
-166.6	2.2973	2.0042	1.7286
-166.4	2.2936	2.0029	1.7277
-166.2	2.2951	2.0018	1.7269
-166	2.2987	2.0007	1.7262
-165.8	2.3021	1.9997	1.7254
-165.6	2.3076	1.9987	1.7248
-165.4	2.3126	1.9977	1.7242
-165.2	2.3135	1.9968	1.7238
-165	2.3124	1.9958	1.7234
-164.8	2.3103	1.9949	1.7231
-164.6	2.3109	1.9939	1.7228
-164.4	2.3127	1.9929	1.7225
-164.2	2.3154	1.992	1.7223
-164	2.3188	1.991	1.7222
-163.8	2.32	1.99	1.722
-163.6	2.3191	1.989	1.7219
-163.4	2.3179	1.988	1.7218
-163.2	2.3167	1.9872	1.7218
-163	2.3181	1.9862	1.7218
-162.8	2.3199	1.9851	1.7217
-162.6	2.3209	1.984	1.7217
-162.4	2.3223	1.983	1.7216
-162.2	2.3209	1.9819	1.7217
-162	2.318	1.9808	1.7216
-161.8	2.3181	1.9797	1.7216
-161.6	2.3188	1.9787	1.7217
-161.4	2.3214	1.9777	1.7217
-161.2	2.3248	1.9767	1.7217
-161	2.3253	1.9756	1.7217
-160.8	2.3243	1.9745	1.7217
-160.6	2.3216	1.9735	1.7218
-160.4	2.3181	1.9725	1.7219
-160.2	2.3176	1.9714	1.7219
-160	2.3198	1.9704	1.7219
-159.8	2.3257	1.9694	1.7219
-159.6	2.3313	1.9685	1.7219
-159.4	2.3332	1.9676	1.7218
-159.2	2.334	1.9667	1.7217
-159	2.3322	1.9658	1.7216
-158.8	2.3306	1.9649	1.7214
-158.6	2.3316	1.9641	1.7212
-158.4	2.3362	1.9633	1.721
-158.2	2.3446	1.9626	1.7208
-158	2.3526	1.9619	1.7204
-157.8	2.356	1.9612	1.72
-157.6	2.3581	1.9605	1.7196
-157.4	2.359	1.96	1.7193
-157.2	2.357	1.9595	1.7189
-157	2.3572	1.9589	1.7184
-156.8	2.3619	1.9586	1.7179
-156.6	2.3689	1.9583	1.7173
-156.4	2.3747	1.9579	1.7165
-156.2	2.3788	1.9575	1.7157
-156	2.3814	1.9572	1.715
-155.8	2.3818	1.9569	1.7142
-155.6	2.3808	1.9566	1.7133
-155.4	2.3826	1.9565	1.7124
-155.2	2.3863	1.9562	1.7114
-155	2.3907	1.956	1.7104
-154.8	2.3956	1.9558	1.7092
-154.6	2.3996	1.9556	1.7082
-154.4	2.4028	1.9554	1.7071
-154.2	2.4038	1.9553	1.706
-154	2.4031	1.955	1.7047
-153.8	2.404	1.9548	1.7035
-153.6	2.4061	1.9546	1.7023
-153.4	2.4092	1.9544	1.701
-153.2	2.4124	1.9541	1.6997
-153	2.4143	1.9538	1.6984
-152.8	2.4156	1.9535	1.6971
-152.6	2.4147	1.9533	1.6958
-152.4	2.4133	1.9529	1.6944
-152.2	2.4135	1.9526	1.693
-152	2.4152	1.9523	1.6916
-151.8	2.4189	1.9519	1.6901
-151.6	2.4219	1.9515	1.6886
-151.4	2.4239	1.951	1.6871
-151.2	2.4271	1.9507	1.6856
-151	2.4291	1.9504	1.6843
-150.8	2.4286	1.9502	1.6828
-150.6	2.4284	1.9499	1.6813
-150.4	2.4305	1.9498	1.6799
-150.2	2.4327	1.9496	1.6785
-150	2.4342	1.9495	1.677
-149.8	2.4371	1.9494	1.6756
-149.6	2.4409	1.9495	1.6744
-149.4	2.442	1.9495	1.6729
-149.2	2.4413	1.9495	1.6715
-149	2.444	1.9496	1.6702
-148.8	2.4471	1.9498	1.6689
-148.6	2.4483	1.9499	1.6675
-148.4	2.4498	1.9501	1.6661
-148.2	2.4536	1.9504	1.6649
-148	2.4575	1.9508	1.6636
-147.8	2.4592	1.9511	1.6624
-147.6	2.4609	1.9516	1.6612
-147.4	2.4644	1.9522	1.6602
-147.2	2.4677	1.9528	1.6592
-147	2.4714	1.9536	1.6581
-146.8	2.4757	1.9544	1.6572
-146.6	2.481	1.9554	1.6564
-146.4	2.4855	1.9563	1.6554
-146.2	2.4883	1.9573	1.6544
-146	2.4923	1.9583	1.6534
-145.8	2.4968	1.9595	1.6526
-145.6	2.5005	1.9606	1.6516
-145.4	2.5043	1.9618	1.6506
-145.2	2.5086	1.963	1.6496
-145	2.5127	1.9643	1.6486
-144.8	2.5164	1.9656	1.6476
-144.6	2.5206	1.9671	1.6466
-144.4	2.5251	1.9685	1.6456
-144.2	2.528	1.97	1.6445
-144	2.531	1.9715	1.6434
-143.8	2.5347	1.973	1.6424
-143.6	2.5376	1.9746	1.6413
-143.4	2.5416	1.9763	1.6402
-143.2	2.5456	1.978	1.6391
-143	2.5479	1.9797	1.638
-142.8	2.5502	1.9814	1.6368
-142.6	2.5534	1.9831	1.6356
-142.4	2.5559	1.9848	1.6343
-142.2	2.5575	1.9865	1.633
-142	2.5605	1.9882	1.6317
-141.8	2.5649	1.99	1.6304
-141.6	2.5665	1.9917	1.6291
-141.4	2.5681	1.9933	1.6276
-141.2	2.5711	1.9951	1.6263
-141	2.5742	1.9969	1.625
-140.8	2.5755	1.9986	1.6236
-140.6	2.5766	2.0003	1.6222
-140.4	2.5793	2.0021	1.6209
-140.2	2.5825	2.0039	1.6196
-140	2.585	2.0057	1.6183
-139.8	2.5871	2.0074	1.6171
-139.6	2.5905	2.0092	1.6158
-139.4	2.5941	2.011	1.6147
-139.2	2.5966	2.0127	1.6134
-139	2.599	2.0144	1.6121
-138.8	2.6019	2.0161	1.6108
-138.6	2.6045	2.0178	1.6095
-138.4	2.6071	2.0195	1.6081
-138.2	2.6111	2.0212	1.6069
-138	2.6159	2.0229	1.6058
-137.8	2.6191	2.0246	1.6046
-137.6	2.6223	2.0264	1.6035
-137.4	2.6258	2.0281	1.6025
-137.2	2.6292	2.03	1.6015
-137	2.6319	2.0317	1.6006
-136.8	2.6356	2.0335	1.5997
-136.6	2.6407	2.0354	1.5989
-136.4	2.6447	2.0371	1.598
-136.2	2.6476	2.0388	1.5972
-136	2.6519	2.0406	1.5965
-135.8	2.657	2.0425	1.5959
-135.6	2.6609	2.0442	1.5952
-135.4	2.6646	2.0459	1.5945
-135.2	2.6686	2.0475	1.5938
-135	2.6737	2.0492	1.5932
-134.8	2.6791	2.0509	1.5926
-134.6	2.6834	2.0524	1.592
-134.4	2.687	2.054	1.5915
-134.2	2.6909	2.0556	1.5909
-134	2.6955	2.0572	1.5905
-133.8	2.6991	2.0587	1.59
-133.6	2.702	2.0602	1.5896
-133.4	2.7056	2.0616	1.5892
-133.2	2.7089	2.0631	1.5887
-133	2.712	2.0645	1.5883
-132.8	2.7152	2.0659	1.588
-132.6	2.7177	2.0673	1.5877
-132.4	2.7202	2.0686	1.5874
-132.2	2.7232	2.0699	1.5871
-132	2.7265	2.0711	1.5868
-131.8	2.7293	2.0724	1.5864
-131.6	2.732	2.0735	1.5861
-131.4	2.7351	2.0747	1.5858
-131.2	2.7369	2.0757	1.5855
-131	2.7384	2.0768	1.5853
-130.8	2.7412	2.0778	1.5852
-130.6	2.7447	2.0789	1.5852
-130.4	2.7483	2.0799	1.5852
-130.2	2.752	2.0809	1.5852
-130	2.7557	2.0819	1.5852
-129.8	2.7595	2.0828	1.5853
-129.6	2.7635	2.0837	1.5853
-129.4	2.7663	2.0845	1.5854
-129.2	2.7689	2.0853	1.5855
-129	2.7724	2.086	1.5856
-128.8	2.778	2.0869	1.5857
-128.6	2.7823	2.0876	1.5858
-128.4	2.7861	2.0883	1.5858
-128.2	2.7922	2.089	1.5859
-128	2.7987	2.0898	1.5859
-127.8	2.8036	2.0904	1.5859
-127.6	2.8082	2.0909	1.5857
-127.4	2.814	2.0915	1.5856
-127.2	2.8202	2.092	1.5854
-127	2.8261	2.0925	1.5851
-126.8	2.8322	2.0929	1.5848
-126.6	2.8382	2.0933	1.5845
-126.4	2.8438	2.0937	1.5841
-126.2	2.8491	2.094	1.5836
-126	2.8546	2.0943	1.5831
-125.8	2.8604	2.0946	1.5825
-125.6	2.8664	2.0948	1.5819
-125.4	2.8721	2.095	1.5811
-125.2	2.8792	2.0952	1.5804
-125	2.8859	2.0954	1.5796
-124.8	2.8916	2.0956	1.5788
-124.6	2.8971	2.0958	1.5778
-124.4	2.9032	2.096	1.5769
-124.2	2.9091	2.0962	1.576
-124	2.9149	2.0963	1.5749
-123.8	2.9204	2.0964	1.5739
-123.6	2.926	2.0964	1.5728
-123.4	2.9316	2.0965	1.5717
-123.2	2.9371	2.0966	1.5706
-123	2.9424	2.0967	1.5694
-122.8	2.9475	2.0967	1.5683
-122.6	2.9522	2.0967	1.5671
-122.4	2.9567	2.0968	1.5659
-122.2	2.962	2.0968	1.5647
-122	2.9671	2.0968	1.5636
-121.8	2.9717	2.0968	1.5624
-121.6	2.9757	2.0969	1.5611
-121.4	2.9799	2.0969	1.5599
-121.2	2.9838	2.097	1.5587
-121	2.9886	2.0971	1.5575
-120.8	2.9941	2.0973	1.5564
-120.6	2.9983	2.0973	1.5551
-120.4	3.0034	2.0975	1.5539
-120.2	3.0082	2.0976	1.5526
-120	3.012	2.0978	1.5514
-119.8	3.016	2.0978	1.5502
-119.6	3.021	2.098	1.549
-119.4	3.0263	2.0981	1.5478
-119.2	3.0315	2.0982	1.5466
-119	3.0372	2.0983	1.5454
-118.8	3.0434	2.0983	1.5443
-118.6	3.0489	2.0984	1.5432
-118.4	3.0541	2.0985	1.5421
-118.2	3.0595	2.0985	1.541
-118	3.0656	2.0985	1.54
-117.8	3.0718	2.0985	1.5389
-117.6	3.0775	2.0984	1.5379
-117.4	3.0852	2.0983	1.5369
-117.2	3.0927	2.0982	1.536
-117	3.099	2.098	1.535
-116.8	3.1067	2.0979	1.5342
-116.6	3.1141	2.0977	1.5332
-116.4	3.121	2.0974	1.5323
-116.2	3.1287	2.0971	1.5314
-116	3.1376	2.0969	1.5305
-115.8	3.1457	2.0965	1.5295
-115.6	3.1532	2.0961	1.5285
-115.4	3.1619	2.0957	1.5276
-115.2	3.1705	2.0953	1.5267
-115	3.1776	2.0948	1.5257
-114.8	3.1849	2.0943	1.5247
-114.6	3.1934	2.0938	1.5238
-114.4	3.202	2.0934	1.5229
-114.2	3.2103	2.0928	1.5219
-114	3.2183	2.0922	1.5209
-113.8	3.2266	2.0916	1.5199
-113.6	3.2336	2.091	1.5189
-113.4	3.2405	2.0902	1.5179
-113.2	3.2474	2.0895	1.5168
-113	3.2543	2.0887	1.5158
-112.8	3.262	2.0879	1.5147
-112.6	3.2693	2.0871	1.5136
-112.4	3.2761	2.0862	1.5125
-112.2	3.2825	2.0853	1.5114
-112	3.2902	2.0844	1.5104
-111.8	3.2974	2.0834	1.5094
-111.6	3.3041	2.0824	1.5083
-111.4	3.3106	2.0813	1.5072
-111.2	3.3177	2.0802	1.5062
-111	3.3251	2.0791	1.5052
-110.8	3.3316	2.078	1.5042
-110.6	3.3385	2.0768	1.5032
-110.4	3.3451	2.0756	1.5022
-110.2	3.3512	2.0744	1.5012
-110	3.3577	2.0732	1.5002
-109.8	3.365	2.0719	1.4992
-109.6	3.3719	2.0705	1.4982
-109.4	3.3796	2.0692	1.4972
-109.2	3.3873	2.0679	1.4961
-109	3.3948	2.0665	1.4951
-108.8	3.4025	2.0652	1.494
-108.6	3.4097	2.0638	1.4929
-108.4	3.4181	2.0624	1.4919
-108.2	3.4274	2.0611	1.4908
-108	3.4359	2.0596	1.4897
-107.8	3.4434	2.0581	1.4886
-107.6	3.4523	2.0566	1.4875
-107.4	3.462	2.0551	1.4865
-107.2	3.4701	2.0535	1.4854
-107	3.4783	2.0519	1.4843
-106.8	3.488	2.0503	1.4834
-106.6	3.4979	2.0487	1.4824
-106.4	3.5071	2.0471	1.4815
-106.2	3.5169	2.0453	1.4805
-106	3.527	2.0436	1.4796
-105.8	3.5375	2.0419	1.4788
-105.6	3.5475	2.0402	1.4779
-105.4	3.5574	2.0384	1.477
-105.2	3.5675	2.0367	1.4762
-105	3.5779	2.0349	1.4754
-104.8	3.5886	2.0332	1.4747
-104.6	3.5979	2.0314	1.474
-104.4	3.6076	2.0296	1.4733
-104.2	3.6183	2.0279	1.4727
-104	3.6291	2.0262	1.4721
-103.8	3.6386	2.0244	1.4716
-103.6	3.6485	2.0226	1.4711
-103.4	3.6594	2.0209	1.4707
-103.2	3.6702	2.0192	1.4703
-103	3.6803	2.0175	1.4699
-102.8	3.6909	2.0158	1.4696
-102.6	3.7021	2.0142	1.4693
-102.4	3.712	2.0125	1.4689
-102.2	3.7214	2.0108	1.4686
-102	3.7319	2.0093	1.4683
-101.8	3.7418	2.0077	1.468
-101.6	3.7507	2.0061	1.4676
-101.4	3.7611	2.0046	1.4673
-101.2	3.7712	2.0032	1.467
-101	3.7803	2.0017	1.4667
-100.8	3.7906	2.0002	1.4664
-100.6	3.801	1.9989	1.4662
-100.4	3.8112	1.9974	1.466
-100.2	3.821	1.9961	1.4658
-100	3.8309	1.9947	1.4657
-99.8	3.8413	1.9933	1.4655
-99.6	3.8524	1.992	1.4654
-99.4	3.8639	1.9908	1.4653
-99.2	3.875	1.9895	1.4652
-99	3.8867	1.9883	1.4652
-98.8	3.8991	1.9871	1.4651
-98.6	3.9109	1.9859	1.4651
-98.4	3.9224	1.9847	1.4649
-98.2	3.9349	1.9836	1.4648
-98	3.9489	1.9825	1.4648
-97.8	3.9625	1.9815	1.4647
-97.6	3.9744	1.9803	1.4645
-97.4	3.987	1.9792	1.4643
-97.2	4.0007	1.9782	1.4642
-97	4.0131	1.9772	1.464
-96.8	4.0253	1.9762	1.4638
-96.6	4.0389	1.9752	1.4636
-96.4	4.0539	1.9744	1.4634
-96.2	4.0682	1.9735	1.4632
-96	4.0815	1.9726	1.4629
-95.8	4.0949	1.9718	1.4626
-95.6	4.1106	1.971	1.4623
-95.4	4.1255	1.9703	1.4619
-95.2	4.139	1.9695	1.4614
-95	4.1536	1.9688	1.4609
-94.8	4.1688	1.9682	1.4604
-94.6	4.183	1.9675	1.4598
-94.4	4.1973	1.9669	1.4592
-94.2	4.2118	1.9663	1.4585
-94	4.2264	1.9658	1.4578
-93.8	4.2404	1.9653	1.4571
-93.6	4.2552	1.9649	1.4564
-93.4	4.2693	1.9644	1.4556
-93.2	4.283	1.9641	1.4548
-93	4.2972	1.9637	1.454
-92.8	4.3121	1.9635	1.4532
-92.6	4.3252	1.9632	1.4524
-92.4	4.3389	1.9629	1.4515
-92.2	4.353	1.9627	1.4506
-92	4.3664	1.9626	1.4497
-91.8	4.3798	1.9623	1.4488
-91.6	4.3941	1.9622	1.4479
-91.4	4.4086	1.9621	1.447
-91.2	4.4214	1.962	1.446
-91	4.4346	1.9619	1.445
-90.8	4.4496	1.9619	1.4441
-90.6	4.4637	1.9619	1.443
-90.4	4.4771	1.9618	1.4419
-90.2	4.4926	1.9618	1.4409
-90	4.5089	1.9619	1.44
-89.8	4.5234	1.9619	1.4389
-89.6	4.5378	1.9619	1.4378
-89.4	4.5534	1.962	1.4368
-89.2	4.5681	1.9622	1.4357
-89	4.5829	1.9623	1.4346
-88.8	4.5991	1.9626	1.4335
-88.6	4.6145	1.9628	1.4324
-88.4	4.629	1.963	1.4313
-88.2	4.6448	1.9632	1.4302
-88	4.6602	1.9634	1.4291
-87.8	4.677	1.9637	1.4281
-87.6	4.6948	1.9641	1.4271
-87.4	4.7116	1.9645	1.426
-87.2	4.7284	1.9648	1.4249
-87	4.7474	1.9653	1.424
-86.8	4.7664	1.9658	1.4231
-86.6	4.7849	1.9663	1.4222
-86.4	4.8044	1.9669	1.4213
-86.2	4.8239	1.9675	1.4205
-86	4.8428	1.9681	1.4196
-85.8	4.8621	1.9687	1.4188
-85.6	4.8817	1.9694	1.4181
-85.4	4.9009	1.97	1.4173
-85.2	4.9206	1.9707	1.4165
-85	4.9413	1.9714	1.4158
-84.8	4.9614	1.9721	1.4151
-84.6	4.9797	1.9728	1.4143
-84.4	4.9989	1.9735	1.4135
-84.2	5.0185	1.9742	1.4128
-84	5.0373	1.9749	1.412
-83.8	5.0571	1.9756	1.4112
-83.6	5.0774	1.9763	1.4105
-83.4	5.0976	1.977	1.4097
-83.2	5.1176	1.9778	1.4089
-83	5.1389	1.9786	1.4081
-82.8	5.1596	1.9793	1.4073
-82.6	5.1794	1.98	1.4064
-82.4	5.2013	1.9808	1.4056
-82.2	5.223	1.9815	1.4048
-82	5.2436	1.9821	1.4039
-81.8	5.2644	1.9828	1.403
-81.6	5.2867	1.9835	1.4021
-81.4	5.3079	1.9841	1.4012
-81.2	5.3275	1.9846	1.4002
-81	5.3482	1.9852	1.3992
-80.8	5.3689	1.9857	1.3982
-80.6	5.3892	1.9862	1.3972
-80.4	5.4113	1.9868	1.3962
-80.2	5.4342	1.9873	1.3953
-80	5.4556	1.9878	1.3943
-79.8	5.4793	1.9883	1.3933
-79.6	5.5033	1.989	1.3924
-79.4	5.5266	1.9896	1.3915
-79.2	5.5493	1.9901	1.3905
-79	5.5738	1.9908	1.3896
-78.8	5.5979	1.9914	1.3887
-78.6	5.6214	1.9921	1.3878
-78.4	5.6462	1.9928	1.3869
-78.2	5.6711	1.9935	1.386
-78	5.6954	1.9942	1.3852
-77.8	5.7203	1.995	1.3843
-77.6	5.7462	1.9959	1.3835
-77.4	5.7722	1.9968	1.3826
-77.2	5.7978	1.9977	1.3818
-77	5.8237	1.9987	1.3809
-76.8	5.8498	1.9998	1.3802
-76.6	5.8755	2.0008	1.3793
-76.4	5.9021	2.002	1.3785
-76.2	5.9307	2.0033	1.3779
-76	5.9586	2.0047	1.3771
-75.8	5.9856	2.0061	1.3764
-75.6	6.0133	2.0075	1.3756
-75.4	6.0424	2.009	1.3749
-75.2	6.0703	2.0106	1.3742
-75	6.0981	2.0122	1.3734
-74.8	6.1265	2.0139	1.3727
-74.6	6.1562	2.0157	1.3721
-74.4	6.1858	2.0175	1.3715
-74.2	6.2146	2.0193	1.3708
-74	6.2443	2.0211	1.3702
-73.8	6.2738	2.0231	1.3697
-73.6	6.3031	2.025	1.3691
-73.4	6.3312	2.0268	1.3685
-73.2	6.3593	2.0287	1.3679
-73	6.3885	2.0306	1.3674
-72.8	6.4186	2.0326	1.3669
-72.6	6.4486	2.0345	1.3665
-72.4	6.4784	2.0363	1.3659
-72.2	6.5088	2.0381	1.3655
-72	6.5406	2.0399	1.3651
-71.8	6.5726	2.0417	1.3647
-71.6	6.6031	2.0433	1.3642
-71.4	6.6343	2.0448	1.3637
-71.2	6.6657	2.0463	1.3633
-71	6.6986	2.0478	1.3629
-70.8	6.7316	2.0492	1.3625
-70.6	6.7649	2.0504	1.3621
-70.4	6.7994	2.0517	1.3617
-70.2	6.8351	2.0529	1.3614
-70	6.8703	2.054	1.3611
-69.8	6.9061	2.055	1.3608
-69.6	6.9426	2.056	1.3605
-69.4	6.9792	2.0569	1.3603
-69.2	7.0164	2.0578	1.3601
-69	7.0543	2.0586	1.3598
-68.8	7.0928	2.0595	1.3596
-68.6	7.1318	2.0603	1.3594
-68.4	7.1711	2.061	1.3592
-68.2	7.2112	2.0618	1.3591
-68	7.2508	2.0625	1.3589
-67.8	7.2906	2.0632	1.3587
-67.6	7.3316	2.0639	1.3585
-67.4	7.3732	2.0647	1.3584
-67.2	7.4144	2.0655	1.3582
-67	7.4554	2.0663	1.358
-66.8	7.4976	2.0671	1.3579
-66.6	7.5395	2.0679	1.3579
-66.4	7.5812	2.0688	1.3577
-66.2	7.6229	2.0697	1.3577
-66	7.6646	2.0706	1.3575
-65.8	7.7067	2.0716	1.3574
-65.6	7.7495	2.0726	1.3573
-65.4	7.7922	2.0736	1.3571
-65.2	7.835	2.0747	1.357
-65	7.8788	2.0758	1.3568
-64.8	7.9241	2.077	1.3567
-64.6	7.9684	2.0782	1.3564
-64.4	8.0129	2.0793	1.3561
-64.2	8.0589	2.0805	1.3559
-64	8.1047	2.0817	1.3555
-63.8	8.1491	2.0829	1.355
-63.6	8.1949	2.084	1.3546
-63.4	8.2419	2.0852	1.3542
-63.2	8.2876	2.0863	1.3536
-63	8.3341	2.0874	1.3531
-62.8	8.3811	2.0886	1.3525
-62.6	8.4281	2.0896	1.3519
-62.4	8.4753	2.0906	1.3512
-62.2	8.5228	2.0916	1.3505
-62	8.57	2.0924	1.3497
-61.8	8.6177	2.0932	1.3489
-61.6	8.6669	2.094	1.3482
-61.4	8.7168	2.0948	1.3474
-61.2	8.7669	2.0955	1.3466
-61	8.8167	2.096	1.3457
-60.8	8.8671	2.0966	1.3449
-60.6	8.9183	2.0971	1.344
-60.4	8.9692	2.0974	1.3432
-60.2	9.0214	2.0977	1.3423
-60	9.0742	2.098	1.3414
-59.8	9.1259	2.0981	1.3405
-59.6	9.1771	2.0982	1.3396
-59.4	9.2304	2.0982	1.3387
-59.2	9.2842	2.0982	1.3379
-59	9.337	2.098	1.337
-58.8	9.3913	2.0979	1.3361
-58.6	9.4462	2.0977	1.3352
-58.4	9.5026	2.0975	1.3344
-58.2	9.56	2.0972	1.3335
-58	9.6181	2.0969	1.3327
-57.8	9.6768	2.0966	1.3319
-57.6	9.736	2.0963	1.3311
-57.4	9.7958	2.096	1.3303
-57.2	9.856	2.0956	1.3295
-57	9.9179	2.0954	1.3288
-56.8	9.9803	2.095	1.328
-56.6	10.043	2.0947	1.3272
-56.4	10.106	2.0943	1.3265
-56.2	10.171	2.094	1.3257
-56	10.236	2.0937	1.3249
-55.8	10.3	2.0934	1.3242
-55.6	10.366	2.0931	1.3235
-55.4	10.433	2.0929	1.3228
-55.2	10.5	2.0927	1.322
-55	10.568	2.0925	1.3213
-54.8	10.637	2.0923	1.3206
-54.6	10.707	2.0921	1.3198
-54.4	10.776	2.0919	1.3191
-54.2	10.847	2.0917	1.3184
-54	10.919	2.0916	1.3177
-53.8	10.991	2.0915	1.317
-53.6	11.064	2.0913	1.3163
-53.4	11.137	2.0912	1.3157
-53.2	11.211	2.0911	1.315
-53	11.284	2.0909	1.3143
-52.8	11.359	2.0907	1.3136
-52.6	11.434	2.0905	1.313
-52.4	11.509	2.0903	1.3123
-52.2	11.585	2.09	1.3116
-52	11.661	2.0898	1.3109
-51.8	11.737	2.0894	1.3102
-51.6	11.815	2.089	1.3095
-51.4	11.894	2.0887	1.3088
-51.2	11.974	2.0883	1.3081
-51	12.053	2.0878	1.3073
-50.8	12.133	2.0873	1.3066
-50.6	12.216	2.0868	1.3059
-50.4	12.299	2.0862	1.3052
-50.2	12.382	2.0855	1.3044
-50	12.466	2.0848	1.3036
-49.8	12.551	2.0841	1.3029
-49.6	12.637	2.0832	1.3021
-49.4	12.723	2.0824	1.3013
-49.2	12.811	2.0815	1.3005
-49	12.901	2.0806	1.2998
-48.8	12.99	2.0796	1.299
-48.6	13.08	2.0786	1.2981
-48.4	13.172	2.0776	1.2974
-48.2	13.266	2.0766	1.2967
-48	13.358	2.0754	1.2959
-47.8	13.453	2.0743	1.2951
-47.6	13.55	2.0732	1.2944
-47.4	13.647	2.0721	1.2937
-47.2	13.745	2.0709	1.293
-47	13.845	2.0698	1.2923
-46.8	13.945	2.0686	1.2915
-46.6	14.045	2.0674	1.2908
-46.4	14.148	2.0663	1.2901
-46.2	14.253	2.0653	1.2896
-46	14.356	2.0641	1.2889
-45.8	14.461	2.063	1.2883
-45.6	14.568	2.0619	1.2877
-45.4	14.676	2.0608	1.2871
-45.2	14.784	2.0597	1.2864
-45	14.893	2.0586	1.2858
-44.8	15.004	2.0575	1.2852
-44.6	15.115	2.0564	1.2846
-44.4	15.228	2.0553	1.284
-44.2	15.342	2.0542	1.2834
-44	15.456	2.0531	1.2828
-43.8	15.572	2.052	1.2822
-43.6	15.688	2.0508	1.2815
-43.4	15.806	2.0497	1.2809
-43.2	15.925	2.0486	1.2803
-43	16.045	2.0474	1.2797
-42.8	16.166	2.0462	1.2791
-42.6	16.289	2.045	1.2785
-42.4	16.413	2.0438	1.278
-42.2	16.539	2.0425	1.2774
-42	16.665	2.0412	1.2768
-41.8	16.791	2.0398	1.2762
-41.6	16.919	2.0385	1.2757
-41.4	17.047	2.0371	1.2752
-41.2	17.176	2.0357	1.2747
-41	17.307	2.0343	1.2742
-40.8	17.44	2.0328	1.2737
-40.6	17.573	2.0313	1.2732
-40.4	17.708	2.0298	1.2727
-40.2	17.844	2.0283	1.2723
-40	17.981	2.0267	1.2718
-39.8	18.12	2.0252	1.2714
-39.6	18.261	2.0237	1.2711
-39.4	18.403	2.0221	1.2707
-39.2	18.547	2.0206	1.2705
-39	18.693	2.0191	1.2702
-38.8	18.84	2.0177	1.2699
-38.6	18.989	2.0163	1.2697
-38.4	19.139	2.0149	1.2695
-38.2	19.291	2.0135	1.2693
-38	19.444	2.0122	1.2692
-37.8	19.6	2.0109	1.269
-37.6	19.757	2.0096	1.2689
-37.4	19.914	2.0083	1.2687
-37.2	20.074	2.007	1.2686
-37	20.236	2.0058	1.2684
-36.8	20.399	2.0046	1.2683
-36.6	20.564	2.0035	1.2682
-36.4	20.731	2.0023	1.2681
-36.2	20.899	2.0012	1.2679
-36	21.069	2.0001	1.2678
-35.8	21.242	1.999	1.2677
-35.6	21.416	1.998	1.2676
-35.4	21.593	1.997	1.2675
-35.2	21.771	1.996	1.2674
-35	21.951	1.9951	1.2672
-34.8	22.131	1.9942	1.2671
-34.6	22.313	1.9933	1.267
-34.4	22.497	1.9925	1.2669
-34.2	22.683	1.9916	1.2667
-34	22.868	1.9907	1.2665
-33.8	23.056	1.9899	1.2663
-33.6	23.246	1.9891	1.266
-33.4	23.438	1.9884	1.2657
-33.2	23.632	1.9877	1.2655
-33	23.83	1.987	1.2652
-32.8	24.026	1.9862	1.2648
-32.6	24.224	1.9855	1.2644
-32.4	24.426	1.9848	1.2641
-32.2	24.629	1.9841	1.2637
-32	24.832	1.9834	1.2632
-31.8	25.038	1.9828	1.2628
-31.6	25.247	1.9822	1.2623
-31.4	25.456	1.9816	1.2618
-31.2	25.667	1.981	1.2613
-31	25.88	1.9804	1.2607
-30.8	26.094	1.9799	1.2602
-30.6	26.31	1.9793	1.2596
-30.4	26.529	1.9789	1.259
-30.2	26.751	1.9785	1.2584
-30	26.974	1.9781	1.2578
-29.8	27.197	1.9776	1.2571
-29.6	27.423	1.9771	1.2564
-29.4	27.651	1.9768	1.2558
-29.2	27.88	1.9764	1.2551
-29	28.111	1.9761	1.2544
-28.8	28.346	1.9758	1.2537
-28.6	28.582	1.9756	1.253
-28.4	28.819	1.9753	1.2523
-28.2	29.059	1.975	1.2516
-28	29.302	1.9748	1.2509
-27.8	29.547	1.9746	1.2503
-27.6	29.793	1.9743	1.2495
-27.4	30.042	1.9742	1.2488
-27.2	30.293	1.9741	1.2481
-27	30.546	1.974	1.2474
-26.8	30.801	1.9739	1.2468
-26.6	31.058	1.9738	1.2461
-26.4	31.318	1.9738	1.2454
-26.2	31.58	1.9737	1.2448
-26	31.843	1.9737	1.2441
-25.8	32.11	1.9737	1.2434
-25.6	32.379	1.9738	1.2428
-25.4	32.65	1.9739	1.2422
-25.2	32.922	1.9739	1.2415
-25	33.195	1.974	1.2409
-24.8	33.471	1.9741	1.2403
-24.6	33.75	1.9743	1.2397
-24.4	34.03	1.9744	1.2391
-24.2	34.311	1.9746	1.2384
-24	34.595	1.9747	1.2378
-23.8	34.879	1.9749	1.2372
-23.6	35.165	1.975	1.2366
-23.4	35.453	1.9752	1.236
-23.2	35.743	1.9755	1.2354
-23	36.035	1.9757	1.2348
-22.8	36.328	1.976	1.2342
-22.6	36.623	1.9763	1.2336
-22.4	36.922	1.9766	1.233
-22.2	37.22	1.9769	1.2325
-22	37.519	1.9772	1.2319
-21.8	37.819	1.9775	1.2313
-21.6	38.121	1.9778	1.2307
-21.4	38.426	1.9782	1.2302
-21.2	38.73	1.9786	1.2296
-21	39.035	1.979	1.229
-20.8	39.344	1.9795	1.2285
-20.6	39.654	1.9799	1.2279
-20.4	39.964	1.9803	1.2273
-20.2	40.276	1.9807	1.2267
-20	40.59	1.9812	1.2262
-19.8	40.906	1.9816	1.2256
-19.6	41.222	1.9821	1.2249
-19.4	41.54	1.9826	1.2244
-19.2	41.858	1.9831	1.2238
-19	42.178	1.9836	1.2232
-18.8	42.499	1.9841	1.2226
-18.6	42.822	1.9847	1.2221
-18.4	43.144	1.9852	1.2215
-18.2	43.466	1.9857	1.2208
-18	43.79	1.9862	1.2202
-17.8	44.116	1.9869	1.2197
-17.6	44.442	1.9874	1.219
-17.4	44.768	1.9881	1.2184
-17.2	45.097	1.9888	1.2179
-17	45.427	1.9895	1.2173
-16.8	45.757	1.9902	1.2168
-16.6	46.088	1.9909	1.2162
-16.4	46.42	1.9916	1.2156
-16.2	46.752	1.9924	1.2151
-16	47.085	1.9932	1.2145
-15.8	47.417	1.9938	1.2138
-15.6	47.753	1.9946	1.2133
-15.4	48.087	1.9955	1.2127
-15.2	48.422	1.9963	1.2122
-15	48.759	1.9971	1.2116
-14.8	49.096	1.998	1.211
-14.6	49.435	1.9989	1.2105
-14.4	49.775	1.9997	1.2099
-14.2	50.116	2.0005	1.2093
-14	50.459	2.0014	1.2087
-13.8	50.804	2.0023	1.2082
-13.6	51.149	2.0031	1.2076
-13.4	51.499	2.004	1.207
-13.2	51.852	2.0049	1.2065
-13	52.207	2.0058	1.2059
-12.8	52.567	2.0067	1.2053
-12.6	52.929	2.0075	1.2048
-12.4	53.296	2.0084	1.2042
-12.2	53.666	2.0092	1.2036
-12	54.04	2.01	1.203
-11.8	54.419	2.0108	1.2025
-11.6	54.798	2.0117	1.2019
-11.4	55.17	2.0126	1.2014
-11.2	55.529	2.0135	1.2009
-11	55.877	2.0145	1.2004
-10.8	56.221	2.0153	1.1998
-10.6	56.58	2.0163	1.1993
-10.4	56.961	2.0173	1.1989
-10.2	57.363	2.0183	1.1984
-10	57.779	2.0193	1.1979
-9.8	58.211	2.0205	1.1974
-9.6	58.661	2.0216	1.197
-9.4	59.131	2.0228	1.1965
-9.2	59.622	2.024	1.196
-9	60.129	2.0252	1.1955
-8.8	60.645	2.0265	1.1951
-8.6	61.17	2.0278	1.1948
-8.4	61.705	2.0292	1.1945
-8.2	62.253	2.0306	1.1941
-8	62.818	2.0319	1.1936
-7.8	63.391	2.0333	1.1933
-7.6	63.97	2.0348	1.193
-7.4	64.546	2.0364	1.1928
-7.2	65.126	2.0381	1.1926
-7	65.712	2.0397	1.1924
-6.8	66.295	2.0413	1.1921
-6.6	66.873	2.0429	1.1919
-6.4	67.444	2.0446	1.1918
-6.2	68.008	2.0463	1.1916
-6	68.567	2.0481	1.1915
-5.8	69.117	2.0498	1.1914
-5.6	69.655	2.0515	1.1912
-5.4	70.179	2.0533	1.1911
-5.2	70.695	2.055	1.1909
-5	71.201	2.0567	1.1908
-4.8	71.691	2.0583	1.1908
-4.6	72.16	2.0599	1.1908
-4.4	72.601	2.0615	1.1908
-4.2	73.009	2.0631	1.1908
-4	73.392	2.0646	1.1908
-3.8	73.758	2.0661	1.1908
-3.6	74.104	2.0677	1.1908
-3.4	74.43	2.0691	1.1907
-3.2	74.741	2.0705	1.1906
-3	75.054	2.0718	1.1906
-2.8	75.374	2.0731	1.1904
-2.6	75.699	2.0744	1.1902
-2.4	76.019	2.0755	1.1901
-2.2	76.323	2.0765	1.1899
-2	76.62	2.0775	1.1895
-1.8	76.921	2.0785	1.1892
-1.6	77.223	2.0793	1.1888
-1.4	77.515	2.08	1.1884
-1.2	77.794	2.0808	1.188
-1	78.05	2.0816	1.1877
-0.8	78.278	2.0822	1.1874
-0.6	78.475	2.0828	1.187
-0.4	78.642	2.0834	1.1866
-0.2	78.795	2.0838	1.1861
0	78.971	2.0843	1.1858
0.2	79.217	2.0847	1.1854
0.4	79.558	2.0851	1.1852
0.6	79.998	2.0855	1.1848
0.8	80.534	2.0859	1.1842
1	81.173	2.0861	1.1836
1.2	81.914	2.0864	1.1829
1.4	82.746	2.0867	1.1822
1.6	83.671	2.0869	1.1815
1.8	84.717	2.0871	1.1808
2	85.911	2.0872	1.18
2.2	87.277	2.0873	1.1792
2.4	88.796	2.0873	1.1783
2.6	90.422	2.0874	1.1774
2.8	92.128	2.0875	1.1765
3	93.886	2.0876	1.1757
3.2	95.678	2.0877	1.1749
3.4	97.521	2.0877	1.1742
3.6	99.42	2.0877	1.1735
3.8	101.37	2.0877	1.1729
4	103.37	2.0877	1.1723
4.2	105.37	2.0877	1.1718
4.4	107.35	2.0878	1.1712
4.6	109.26	2.088	1.1706
4.8	111.08	2.0882	1.1701
5	112.79	2.0886	1.1697
5.2	114.39	2.0889	1.1695
5.4	115.89	2.0893	1.1694
5.6	117.3	2.0896	1.1694
5.8	118.61	2.0899	1.1694
6	119.77	2.0902	1.1694
6.2	120.76	2.0906	1.1694
6.4	121.54	2.091	1.1695
6.6	122.11	2.0913	1.1696
6.8	122.49	2.0917	1.1698
7	122.68	2.0921	1.1702
7.2	122.72	2.0925	1.1704
7.4	122.64	2.0928	1.1707
7.6	122.49	2.0931	1.1709
7.8	122.26	2.0933	1.171
8	121.96	2.0933	1.171
8.2	121.6	2.0934	1.1708
8.4	121.16	2.0934	1.1707
8.6	120.63	2.0934	1.1705
8.8	120.04	2.0931	1.1701
9	119.43	2.0928	1.1696
9.2	118.82	2.0924	1.169
9.4	118.21	2.0918	1.1682
9.6	117.59	2.0912	1.1672
9.8	116.99	2.0904	1.1661
10	116.4	2.0896	1.1648
10.2	115.81	2.0887	1.1636
10.4	115.18	2.0878	1.1625
10.6	114.49	2.0868	1.1613
10.8	113.8	2.0857	1.1601
11	113.15	2.0845	1.1588
11.2	112.52	2.0832	1.1576
11.4	111.92	2.0819	1.1563
11.6	111.32	2.0807	1.1551
11.8	110.72	2.0795	1.1539
12	110.08	2.0784	1.1528
12.2	109.4	2.0773	1.1518
12.4	108.7	2.0764	1.151
12.6	107.99	2.0754	1.1502
12.8	107.31	2.0743	1.1494
13	106.64	2.0732	1.1487
13.2	106	2.0721	1.148
13.4	105.37	2.071	1.1474
13.6	104.74	2.07	1.1469
13.8	104.07	2.0691	1.1468
14	103.36	2.0682	1.1468
14.2	102.61	2.0674	1.1468
14.4	101.87	2.0667	1.1469
14.6	101.18	2.0659	1.1471
14.8	100.5	2.0653	1.1472
15	99.853	2.0647	1.1472
15.2	99.219	2.0641	1.1473
15.4	98.58	2.0636	1.1473
15.6	97.908	2.0631	1.1475
15.8	97.188	2.0627	1.1477
16	96.441	2.0624	1.1479
16.2	95.704	2.062	1.1481
16.4	94.992	2.0616	1.148
16.6	94.308	2.0612	1.1477
16.8	93.661	2.0608	1.1472
17	93.031	2.0605	1.1466
17.2	92.385	2.0601	1.1459
17.4	91.716	2.0598	1.1453
17.6	91.021	2.0596	1.1447
17.8	90.319	2.0593	1.1442
18	89.625	2.0591	1.1435
18.2	88.947	2.0588	1.1428
18.4	88.292	2.0584	1.142
18.6	87.662	2.058	1.141
18.8	87.047	2.0577	1.1399
19	86.428	2.0573	1.139
19.2	85.789	2.057	1.1381
19.4	85.133	2.0567	1.1373
19.6	84.475	2.0563	1.1366
19.8	83.808	2.0558	1.1359
20	83.148	2.0553	1.1353
20.2	82.514	2.0547	1.1346
20.4	81.904	2.054	1.1339
20.6	81.308	2.0532	1.1332
20.8	80.706	2.0523	1.1327
21	80.083	2.0516	1.1323
21.2	79.444	2.0507	1.1321
21.4	78.801	2.0498	1.1319
21.6	78.161	2.0489	1.1319
21.8	77.523	2.0478	1.1318
22	76.895	2.0467	1.1317
22.2	76.291	2.0454	1.1315
22.4	75.708	2.0443	1.1313
22.6	75.124	2.043	1.1312
22.8	74.522	2.0418	1.131
23	73.908	2.0405	1.131
23.2	73.288	2.0392	1.1309
23.4	72.672	2.0379	1.1309
23.6	72.059	2.0365	1.1308
23.8	71.448	2.0351	1.1308
24	70.849	2.0335	1.1306
24.2	70.271	2.0319	1.1302
24.4	69.715	2.0303	1.13
24.6	69.161	2.0289	1.1298
24.8	68.6	2.0274	1.1296
25	68.03	2.0259	1.1294
25.2	67.465	2.0246	1.1293
25.4	66.906	2.0232	1.1292
25.6	66.342	2.0219	1.129
25.8	65.78	2.0207	1.1288
26	65.23	2.0195	1.1286
26.2	64.699	2.0182	1.1285
26.4	64.183	2.0171	1.1284
26.6	63.67	2.0161	1.1284
26.8	63.155	2.0151	1.1284
27	62.647	2.0142	1.1286
27.2	62.147	2.0133	1.1287
27.4	61.642	2.0125	1.1288
27.6	61.125	2.0117	1.1288
27.8	60.608	2.0109	1.129
28	60.105	2.0102	1.1292
28.2	59.618	2.0094	1.1294
28.4	59.146	2.0087	1.1294
28.6	58.684	2.0081	1.1295
28.8	58.223	2.0074	1.1295
29	57.761	2.0067	1.1293
29.2	57.297	2.006	1.129
29.4	56.826	2.0053	1.1286
29.6	56.348	2.0046	1.1282
29.8	55.868	2.0039	1.1279
30	55.403	2.003	1.1274
30.2	54.956	2.0022	1.1269
30.4	54.525	2.0013	1.1262
30.6	54.104	2.0004	1.1255
30.8	53.682	1.9994	1.1246
31	53.255	1.9983	1.1237
31.2	52.818	1.9973	1.1227
31.4	52.376	1.9961	1.1218
31.6	51.932	1.9949	1.1209
31.8	51.497	1.9936	1.12
32	51.081	1.9922	1.1189
32.2	50.684	1.9908	1.1179
32.4	50.3	1.9895	1.1169
32.6	49.916	1.9882	1.1159
32.8	49.527	1.9869	1.115
33	49.13	1.9857	1.1143
33.2	48.726	1.9845	1.1137
33.4	48.322	1.9834	1.1133
33.6	47.928	1.9823	1.1131
33.8	47.547	1.9812	1.113
34	47.18	1.9802	1.1131
34.2	46.823	1.9792	1.1133
34.4	46.467	1.9783	1.1135
34.6	46.111	1.9774	1.1139
34.8	45.752	1.9767	1.1145
35	45.391	1.9762	1.1151
35.2	45.031	1.9756	1.1157
35.4	44.674	1.9751	1.1164
35.6	44.327	1.9748	1.1172
35.8	43.99	1.9745	1.1179
36	43.659	1.9743	1.1185
36.2	43.331	1.9741	1.119
36.4	43.003	1.9741	1.1194
36.6	42.672	1.9741	1.1196
36.8	42.34	1.9741	1.1198
37	42.009	1.9743	1.1199
37.2	41.68	1.9745	1.1198
37.4	41.351	1.9747	1.1195
37.6	41.027	1.9749	1.119
37.8	40.714	1.9752	1.1183
38	40.411	1.9755	1.1173
38.2	40.113	1.9759	1.1162
38.4	39.813	1.9762	1.1151
38.6	39.506	1.9766	1.114
38.8	39.196	1.9769	1.1127
39	38.887	1.9772	1.1114
39.2	38.579	1.9775	1.11
39.4	38.277	1.9777	1.1085
39.6	37.983	1.978	1.107
39.8	37.7	1.9782	1.1055
40	37.425	1.9785	1.1039
40.2	37.154	1.9787	1.1025
40.4	36.879	1.979	1.1013
40.6	36.594	1.9791	1.1003
40.8	36.307	1.9793	1.0994
41	36.023	1.9795	1.0986
41.2	35.747	1.9796	1.0979
41.4	35.482	1.9797	1.0972
41.6	35.223	1.9798	1.0967
41.8	34.968	1.9799	1.0964
42	34.715	1.9801	1.0963
42.2	34.463	1.9802	1.0963
42.4	34.212	1.9804	1.0967
42.6	33.961	1.9806	1.0973
42.8	33.706	1.9808	1.0979
43	33.455	1.981	1.0986
43.2	33.214	1.9814	1.0993
43.4	32.978	1.9817	1.1
43.6	32.743	1.982	1.1005
43.8	32.503	1.9824	1.1009
44	32.263	1.9828	1.1013
44.2	32.027	1.9832	1.1017
44.4	31.799	1.9837	1.1019
44.6	31.578	1.9842	1.1022
44.8	31.356	1.9848	1.1023
45	31.13	1.9854	1.1021
45.2	30.904	1.9861	1.1017
45.4	30.68	1.9868	1.101
45.6	30.458	1.9876	1.1003
45.8	30.238	1.9885	1.0996
46	30.019	1.9893	1.0988
46.2	29.807	1.9902	1.098
46.4	29.604	1.9911	1.0973
46.6	29.408	1.9921	1.0966
46.8	29.211	1.9931	1.0957
47	29.008	1.9941	1.0947
47.2	28.799	1.9953	1.0936
47.4	28.59	1.9966	1.0925
47.6	28.382	1.9977	1.0913
47.8	28.182	1.9989	1.0901
48	27.989	2.0001	1.0891
48.2	27.799	2.0014	1.0882
48.4	27.61	2.0026	1.0872
48.6	27.427	2.0038	1.0862
48.8	27.249	2.0051	1.0853
49	27.071	2.0064	1.0843
49.2	26.889	2.0077	1.0835
49.4	26.704	2.009	1.0828
49.6	26.518	2.0102	1.0823
49.8	26.338	2.0115	1.0819
50	26.162	2.0127	1.0818
50.2	25.991	2.0139	1.0818
50.4	25.822	2.015	1.0819
50.6	25.654	2.0162	1.0821
50.8	25.49	2.0173	1.0822
51	25.331	2.0184	1.0823
51.2	25.175	2.0194	1.0825
51.4	25.017	2.0204	1.0827
51.6	24.858	2.0213	1.0829
51.8	24.696	2.0222	1.0832
52	24.532	2.023	1.0835
52.2	24.372	2.0237	1.0838
52.4	24.217	2.0245	1.084
52.6	24.064	2.0251	1.0841
52.8	23.917	2.0257	1.0841
53	23.775	2.0264	1.0841
53.2	23.637	2.027	1.0842
53.4	23.499	2.0276	1.0842
53.6	23.36	2.0282	1.0843
53.8	23.218	2.0287	1.0844
54	23.075	2.0291	1.0844
54.2	22.931	2.0295	1.0843
54.4	22.788	2.03	1.0842
54.6	22.645	2.0304	1.084
54.8	22.504	2.0309	1.0836
55	22.367	2.0313	1.0832
55.2	22.234	2.0318	1.0826
55.4	22.103	2.0323	1.082
55.6	21.973	2.0328	1.0812
55.8	21.843	2.0334	1.0804
56	21.714	2.034	1.0795
56.2	21.583	2.0346	1.0786
56.4	21.453	2.0352	1.0777
56.6	21.324	2.0359	1.0768
56.8	21.192	2.0366	1.0758
57	21.058	2.0374	1.075
57.2	20.925	2.0382	1.0742
57.4	20.795	2.039	1.0734
57.6	20.674	2.0399	1.0728
57.8	20.561	2.0409	1.0724
58	20.449	2.0419	1.072
58.2	20.334	2.0429	1.0718
58.4	20.216	2.044	1.0717
58.6	20.093	2.0451	1.0717
58.8	19.969	2.0461	1.0717
59	19.846	2.0471	1.0718
59.2	19.727	2.0482	1.072
59.4	19.61	2.0494	1.0723
59.6	19.496	2.0505	1.0726
59.8	19.386	2.0516	1.0729
60	19.281	2.0528	1.0732
60.2	19.179	2.0539	1.0735
60.4	19.078	2.055	1.0738
60.6	18.974	2.0562	1.0742
60.8	18.866	2.0573	1.0746
61	18.756	2.0583	1.0749
61.2	18.648	2.0594	1.0753
61.4	18.542	2.0604	1.0756
61.6	18.436	2.0613	1.0758
61.8	18.333	2.0623	1.076
62	18.229	2.0633	1.0761
62.2	18.125	2.0642	1.0761
62.4	18.023	2.0651	1.076
62.6	17.926	2.0659	1.0758
62.8	17.832	2.0668	1.0755
63	17.739	2.0676	1.0751
63.2	17.644	2.0683	1.0746
63.4	17.546	2.0691	1.074
63.6	17.444	2.0699	1.0734
63.8	17.342	2.0707	1.0728
64	17.241	2.0714	1.0722
64.2	17.141	2.0721	1.0715
64.4	17.045	2.0729	1.0709
64.6	16.952	2.0736	1.0702
64.8	16.863	2.0742	1.0696
65	16.777	2.0749	1.0691
65.2	16.692	2.0756	1.0687
65.4	16.606	2.0763	1.0684
65.6	16.518	2.077	1.0682
65.8	16.428	2.0777	1.068
66	16.336	2.0783	1.0678
66.2	16.247	2.0789	1.0677
66.4	16.161	2.0795	1.0676
66.6	16.077	2.0801	1.0674
66.8	15.995	2.0806	1.0671
67	15.915	2.0812	1.0669
67.2	15.838	2.0818	1.0668
67.4	15.764	2.0823	1.0667
67.6	15.691	2.0828	1.0666
67.8	15.62	2.0833	1.0664
68	15.548	2.0837	1.0663
68.2	15.474	2.0841	1.0662
68.4	15.398	2.0844	1.0661
68.6	15.321	2.0848	1.0661
68.8	15.243	2.085	1.066
69	15.168	2.0853	1.0659
69.2	15.097	2.0856	1.0659
69.4	15.029	2.0858	1.0658
69.6	14.963	2.086	1.0656
69.8	14.897	2.0862	1.0655
70	14.832	2.0863	1.0653
70.2	14.765	2.0864	1.065
70.4	14.698	2.0865	1.0647
70.6	14.631	2.0865	1.0644
70.8	14.564	2.0865	1.0641
71	14.493	2.0865	1.0637
71.2	14.422	2.0865	1.0634
71.4	14.35	2.0865	1.0631
71.6	14.278	2.0865	1.0628
71.8	14.208	2.0864	1.0623
72	14.142	2.0863	1.0618
72.2	14.08	2.0863	1.0614
72.4	14.019	2.0862	1.0609
72.6	13.958	2.086	1.0605
72.8	13.894	2.0859	1.0602
73	13.827	2.0858	1.0598
73.2	13.755	2.0856	1.0595
73.4	13.685	2.0855	1.0592
73.6	13.615	2.0854	1.0589
73.8	13.547	2.0852	1.0585
74	13.482	2.085	1.058
74.2	13.419	2.0848	1.0575
74.4	13.356	2.0846	1.057
74.6	13.293	2.0843	1.0563
74.8	13.232	2.0841	1.0558
75	13.172	2.0839	1.0553
75.2	13.113	2.0836	1.0548
75.4	13.055	2.0833	1.0541
75.6	12.996	2.083	1.0536
75.8	12.937	2.0827	1.0531
76	12.875	2.0824	1.0525
76.2	12.812	2.0821	1.052
76.4	12.75	2.0817	1.0515
76.6	12.691	2.0813	1.051
76.8	12.634	2.0809	1.0506
77	12.582	2.0806	1.0502
77.2	12.532	2.0803	1.0499
77.4	12.483	2.0799	1.0496
77.6	12.432	2.0794	1.0493
77.8	12.383	2.079	1.0491
78	12.333	2.0786	1.049
78.2	12.281	2.0781	1.049
78.4	12.227	2.0775	1.0489
78.6	12.174	2.077	1.0491
78.8	12.12	2.0764	1.0491
79	12.068	2.0758	1.0493
79.2	12.017	2.0752	1.0494
79.4	11.969	2.0746	1.0495
79.6	11.922	2.0739	1.0496
79.8	11.878	2.0732	1.0497
80	11.837	2.0726	1.0499
80.2	11.793	2.0718	1.0501
80.4	11.747	2.0709	1.0502
80.6	11.7	2.0701	1.0504
80.8	11.651	2.0692	1.0506
81	11.6	2.0682	1.0506
81.2	11.55	2.0673	1.0505
81.4	11.503	2.0663	1.0504
81.6	11.456	2.0653	1.0501
81.8	11.41	2.0642	1.0497
82	11.367	2.0632	1.0493
82.2	11.323	2.0621	1.0488
82.4	11.279	2.0609	1.0482
82.6	11.235	2.0598	1.0476
82.8	11.192	2.0587	1.0469
83	11.149	2.0575	1.0462
83.2	11.104	2.0563	1.0454
83.4	11.059	2.0552	1.0446
83.6	11.014	2.054	1.0438
83.8	10.968	2.0529	1.043
84	10.92	2.0517	1.0421
84.2	10.875	2.0505	1.0413
84.4	10.833	2.0494	1.0405
84.6	10.793	2.0483	1.0398
84.8	10.755	2.0471	1.0391
85	10.717	2.0461	1.0386
85.2	10.68	2.045	1.0381
85.4	10.64	2.0441	1.0378
85.6	10.599	2.0431	1.0376
85.8	10.558	2.0422	1.0375
86	10.515	2.0412	1.0375
86.2	10.473	2.0404	1.0374
86.4	10.433	2.0395	1.0375
86.6	10.394	2.0387	1.0377
86.8	10.355	2.0379	1.0378
87	10.318	2.0371	1.0379
87.2	10.282	2.0364	1.0381
87.4	10.247	2.0357	1.0384
87.6	10.213	2.035	1.0387
87.8	10.179	2.0343	1.039
88	10.145	2.0336	1.0393
88.2	10.11	2.0328	1.0396
88.4	10.074	2.0321	1.0398
88.6	10.037	2.0314	1.0401
88.8	9.9994	2.0307	1.0403
89	9.9614	2.03	1.0405
89.2	9.9246	2.0293	1.0406
89.4	9.8896	2.0285	1.0406
89.6	9.8561	2.0278	1.0406
89.8	9.8249	2.027	1.0405
90	9.7933	2.0262	1.0403
90.2	9.7603	2.0253	1.0399
90.4	9.7262	2.0244	1.0394
90.6	9.6919	2.0234	1.0389
90.8	9.6576	2.0224	1.0383
91	9.6221	2.0214	1.0377
91.2	9.5871	2.0203	1.037
91.4	9.5533	2.0193	1.0363
91.6	9.5194	2.0182	1.0356
91.8	9.4848	2.0171	1.0348
92	9.4506	2.016	1.0341
92.2	9.4173	2.0149	1.0334
92.4	9.3848	2.0138	1.0328
92.6	9.3521	2.0127	1.0323
92.8	9.3195	2.0116	1.0318
93	9.2894	2.0105	1.0316
93.2	9.2602	2.0095	1.0314
93.4	9.2295	2.0085	1.0312
93.6	9.1978	2.0074	1.031
93.8	9.1659	2.0063	1.031
94	9.134	2.0053	1.031
94.2	9.1021	2.0043	1.031
94.4	9.0705	2.0033	1.0311
94.6	9.0402	2.0023	1.0312
94.8	9.0114	2.0014	1.0314
95	8.9844	2.0006	1.0316
95.2	8.9579	1.9997	1.0319
95.4	8.9306	1.9989	1.0321
95.6	8.9042	1.9981	1.0323
95.8	8.8784	1.9974	1.0326
96	8.8526	1.9967	1.0329
96.2	8.8267	1.9961	1.0332
96.4	8.8014	1.9955	1.0334
96.6	8.7756	1.995	1.0337
96.8	8.7509	1.9945	1.0339
97	8.7261	1.9941	1.034
97.2	8.702	1.9937	1.0341
97.4	8.6786	1.9933	1.034
97.6	8.6558	1.993	1.0339
97.8	8.6343	1.9927	1.0338
98	8.613	1.9925	1.0336
98.2	8.5916	1.9922	1.0334
98.4	8.5706	1.992	1.0331
98.6	8.5503	1.9919	1.0329
98.8	8.5284	1.9917	1.0326
99	8.5047	1.9915	1.0322
99.2	8.4817	1.9914	1.0319
99.4	8.4573	1.9913	1.0315
99.6	8.4318	1.9911	1.0311
99.8	8.4078	1.9911	1.0308
100	8.3842	1.991	1.0306
100.2	8.3598	1.9908	1.0303
100.4	8.3361	1.9907	1.03
100.6	8.3128	1.9905	1.0298
100.8	8.2892	1.9903	1.0296
101	8.2663	1.99	1.0293
101.2	8.2427	1.9898	1.0291
101.4	8.2182	1.9895	1.0288
101.6	8.1925	1.9892	1.0285
101.8	8.1667	1.989	1.0282
102	8.1403	1.9887	1.0278
102.2	8.114	1.9884	1.0274
102.4	8.0886	1.9881	1.027
102.6	8.064	1.9878	1.0267
102.8	8.0393	1.9874	1.0262
103	8.015	1.987	1.0257
103.2	7.9915	1.9867	1.0253
103.4	7.9688	1.9864	1.0249
103.6	7.9462	1.986	1.0246
103.8	7.924	1.9858	1.0242
104	7.9025	1.9855	1.024
104.2	7.8809	1.9853	1.0237
104.4	7.8592	1.9851	1.0234
104.6	7.837	1.985	1.0232
104.8	7.8154	1.985	1.023
105	7.7932	1.985	1.0227
105.2	7.7715	1.985	1.0225
105.4	7.7515	1.9851	1.0224
105.6	7.7331	1.9853	1.0223
105.8	7.715	1.9855	1.0223
106	7.6972	1.9858	1.0222
106.2	7.6797	1.9862	1.0222
106.4	7.6622	1.9866	1.0222
106.6	7.6447	1.9871	1.0222
106.8	7.6256	1.9876	1.0222
107	7.6057	1.9882	1.0221
107.2	7.5864	1.9889	1.0222
107.4	7.5675	1.9896	1.0222
107.6	7.5493	1.9904	1.0223
107.8	7.5315	1.9913	1.0224
108	7.5136	1.9921	1.0224
108.2	7.4952	1.9929	1.0223
108.4	7.4778	1.9937	1.0222
108.6	7.4608	1.9946	1.022
108.8	7.4434	1.9954	1.0217
109	7.4268	1.9962	1.0214
109.2	7.4108	1.9971	1.0211
109.4	7.3949	1.998	1.0207
109.6	7.3776	1.9988	1.0203
109.8	7.3603	1.9997	1.0199
110	7.3425	2.0004	1.0195
110.2	7.3236	2.0011	1.0191
110.4	7.3036	2.0017	1.0186
110.6	7.2841	2.0023	1.0182
110.8	7.2658	2.0029	1.0178
111	7.2478	2.0034	1.0175
111.2	7.2299	2.0039	1.0172
111.4	7.2125	2.0044	1.017
111.6	7.1954	2.0048	1.0167
111.8	7.1784	2.0053	1.0166
112	7.16	2.0056	1.0164
112.2	7.1412	2.006	1.0162
112.4	7.1218	2.0063	1.016
112.6	7.1018	2.0066	1.0159
112.8	7.0816	2.0069	1.0157
113	7.0624	2.0073	1.0157
113.2	7.0437	2.0077	1.0157
113.4	7.0256	2.0081	1.0157
113.6	7.0072	2.0085	1.0158
113.8	6.9882	2.0089	1.0158
114	6.9702	2.0093	1.0158
114.2	6.953	2.0098	1.0158
114.4	6.9361	2.0104	1.0158
114.6	6.9191	2.0109	1.0157
114.8	6.9018	2.0115	1.0157
115	6.885	2.0122	1.0157
115.2	6.8687	2.0129	1.0157
115.4	6.8518	2.0137	1.0156
115.6	6.8339	2.0145	1.0155
115.8	6.8162	2.0153	1.0153
116	6.7998	2.0162	1.0151
116.2	6.7836	2.0171	1.0148
116.4	6.7684	2.018	1.0146
116.6	6.7534	2.019	1.0142
116.8	6.7384	2.0199	1.0138
117	6.7239	2.0209	1.0135
117.2	6.7113	2.022	1.0132
117.4	6.698	2.0231	1.0129
117.6	6.6834	2.0242	1.0125
117.8	6.6689	2.0253	1.0123
118	6.6543	2.0264	1.012
118.2	6.6393	2.0275	1.0117
118.4	6.6248	2.0286	1.0115
118.6	6.6116	2.0298	1.0114
118.8	6.5982	2.0309	1.0112
119	6.5842	2.0319	1.011
119.2	6.5709	2.033	1.0108
119.4	6.5586	2.0341	1.0107
119.6	6.5459	2.0351	1.0106
119.8	6.5331	2.036	1.0104
120	6.52	2.037	1.0102
120.2	6.5072	2.038	1.0101
120.4	6.4938	2.039	1.01
120.6	6.48	2.0399	1.0099
120.8	6.4665	2.0408	1.0098
121	6.4533	2.0417	1.0098
121.2	6.4396	2.0425	1.0097
121.4	6.4259	2.0432	1.0097
121.6	6.4129	2.044	1.0096
121.8	6.4	2.0448	1.0094
122	6.3872	2.0455	1.0093
122.2	6.3758	2.0462	1.0092
122.4	6.3637	2.0469	1.009
122.6	6.3508	2.0475	1.0089
122.8	6.339	2.0481	1.0088
123	6.327	2.0487	1.0087
123.2	6.3132	2.0492	1.0085
123.4	6.2996	2.0498	1.0083
123.6	6.2877	2.0503	1.0082
123.8	6.2753	2.0509	1.008
124	6.2616	2.0514	1.0077
124.2	6.2492	2.0519	1.0075
124.4	6.2389	2.0525	1.0074
124.6	6.228	2.0531	1.0073
124.8	6.2175	2.0536	1.0072
125	6.2093	2.0542	1.0072
125.2	6.2004	2.0549	1.0072
125.4	6.1901	2.0555	1.0071
125.6	6.1804	2.0561	1.0072
125.8	6.1715	2.0569	1.0072
126	6.1617	2.0576	1.0073
126.2	6.1519	2.0583	1.0073
126.4	6.1426	2.059	1.0073
126.6	6.1327	2.0598	1.0073
126.8	6.1222	2.0605	1.0073
127	6.113	2.0613	1.0073
127.2	6.1044	2.0622	1.0072
127.4	6.0949	2.063	1.0071
127.6	6.0851	2.0638	1.0069
127.8	6.0771	2.0647	1.0068
128	6.0691	2.0657	1.0068
128.2	6.0613	2.0666	1.0067
128.4	6.0532	2.0675	1.0065
128.6	6.0444	2.0685	1.0064
128.8	6.0365	2.0694	1.0062
129	6.0281	2.0704	1.006
129.2	6.0193	2.0713	1.0058
129.4	6.0106	2.0722	1.0056
129.6	6.0017	2.0732	1.0054
129.8	5.9926	2.0741	1.0051
130	5.9837	2.075	1.005
130.2	5.9751	2.0759	1.0048
130.4	5.9659	2.0767	1.0047
130.6	5.9577	2.0776	1.0046
130.8	5.9493	2.0784	1.0045
131	5.9392	2.0791	1.0043
131.2	5.9303	2.0798	1.0042
131.4	5.9225	2.0806	1.0041
131.6	5.9124	2.0813	1.004
131.8	5.9018	2.0818	1.0038
132	5.8931	2.0825	1.0038
132.2	5.8854	2.0831	1.0038
132.4	5.8764	2.0836	1.0038
132.6	5.867	2.0841	1.0038
132.8	5.8597	2.0846	1.0038
133	5.8519	2.0851	1.0038
133.2	5.8416	2.0854	1.0036
133.4	5.8326	2.0858	1.0035
133.6	5.8247	2.0862	1.0033
133.8	5.8167	2.0865	1.003
134	5.8088	2.0868	1.0027
134.2	5.801	2.0871	1.0022
134.4	5.7922	2.0874	1.0017
134.6	5.783	2.0876	1.0012
134.8	5.7742	2.0878	1.0007
135	5.7655	2.088	1.0001
135.2	5.7554	2.0881	0.99956
135.4	5.7454	2.0882	0.99906
135.6	5.738	2.0883	0.99876
135.8	5.7316	2.0884	0.99862
136	5.7241	2.0884	0.99858
136.2	5.7162	2.0884	0.99874
136.4	5.7096	2.0884	0.9993
136.6	5.7021	2.0883	1.0002
136.8	5.694	2.0882	1.0015
137	5.6845	2.088	1.0032
137.2	5.675	2.0878	1.0053
137.4	5.6665	2.0876	1.0079
137.6	5.6594	2.0874	1.0109
137.8	5.6527	2.0871	1.0143
138	5.6451	2.0868	1.0181
138.2	5.6372	2.0864	1.0224
138.4	5.6289	2.086	1.0271
138.6	5.6209	2.0857	1.0323
138.8	5.6116	2.0851	1.0379
139	5.6023	2.0846	1.0437
139.2	5.5945	2.0841	1.0497
139.4	5.5868	2.0835	1.056
139.6	5.5791	2.0828	1.0625
139.8	5.5729	2.0822	1.0695
140	5.566	2.0817	1.0767
140.2	5.5564	2.081	1.084
140.4	5.5456	2.0804	1.0914
140.6	5.5369	2.0798	1.0988
140.8	5.5281	2.0792	1.1062
141	5.5174	2.0784	1.1134
141.2	5.508	2.0777	1.1206
141.4	5.5014	2.0771	1.1276
141.6	5.4932	2.0765	1.134
141.8	5.4825	2.0758	1.1398
142	5.4723	2.0752	1.1456
142.2	5.4613	2.0745	1.1517
142.4	5.4479	2.0738	1.1583
142.6	5.4362	2.0732	1.166
142.8	5.4267	2.0726	1.1747
143	5.4165	2.0721	1.1842
143.2	5.405	2.0715	1.1944
143.4	5.3929	2.0708	1.2048
143.6	5.3812	2.0703	1.215
143.8	5.3693	2.0697	1.2245
144	5.3571	2.0691	1.2331
144.2	5.3449	2.0686	1.241
144.4	5.3331	2.068	1.2479
144.6	5.3208	2.0674	1.2533
144.8	5.3087	2.0668	1.2565
145	5.2963	2.0662	1.2568
145.2	5.2836	2.0655	1.2544
145.4	5.2721	2.0649	1.2505
145.6	5.2599	2.0642	1.2464
145.8	5.2464	2.0634	1.2433
146	5.2324	2.0626	1.2417
146.2	5.2199	2.0619	1.2418
146.4	5.2071	2.0611	1.2433
146.6	5.1936	2.0603	1.246
146.8	5.1791	2.0594	1.2495
147	5.1658	2.0585	1.2539
147.2	5.1544	2.0577	1.2588
147.4	5.1427	2.0568	1.2638
147.6	5.1291	2.0559	1.2682
147.8	5.1157	2.055	1.2718
148	5.1021	2.0541	1.2741
148.2	5.0876	2.0532	1.2751
148.4	5.0737	2.0522	1.2751
148.6	5.0615	2.0513	1.2746
148.8	5.0491	2.0504	1.2741
149	5.0362	2.0494	1.274
149.2	5.0233	2.0484	1.2745
149.4	5.0108	2.0475	1.276
149.6	4.9977	2.0466	1.2786
149.8	4.984	2.0456	1.2826
150	4.971	2.0447	1.2885
150.2	4.9572	2.0438	1.296
150.4	4.9431	2.0429	1.3048
150.6	4.9317	2.0421	1.3141
150.8	4.9197	2.0414	1.323
151	4.9046	2.0405	1.3307
151.2	4.8885	2.0397	1.3369
151.4	4.8743	2.0389	1.3417
151.6	4.8614	2.0382	1.3452
151.8	4.8473	2.0375	1.3472
152	4.8331	2.0368	1.348
152.2	4.819	2.0361	1.3474
152.4	4.8055	2.0354	1.3454
152.6	4.7916	2.0348	1.3419
152.8	4.7764	2.0341	1.3374
153	4.7606	2.0334	1.333
153.2	4.7448	2.0326	1.3303
153.4	4.7298	2.0319	1.3304
153.6	4.7145	2.0313	1.3335
153.8	4.6988	2.0306	1.3387
154	4.6827	2.03	1.3448
154.2	4.6662	2.0294	1.3511
154.4	4.6486	2.0287	1.357
154.6	4.6319	2.028	1.3627
154.8	4.616	2.0274	1.3682
155	4.6015	2.0269	1.373
155.2	4.5854	2.0262	1.3763
155.4	4.5693	2.0256	1.378
155.6	4.5542	2.025	1.3784
155.8	4.539	2.0245	1.378
156	4.5232	2.0239	1.3774
156.2	4.5063	2.0233	1.3771
156.4	4.4901	2.0228	1.3772
156.6	4.4752	2.0222	1.3779
156.8	4.4603	2.0217	1.3792
157	4.4454	2.0212	1.3811
157.2	4.4291	2.0206	1.3833
157.4	4.4134	2.02	1.3859
157.6	4.3974	2.0195	1.3886
157.8	4.3799	2.0189	1.3914
158	4.3637	2.0184	1.3942
158.2	4.3475	2.0178	1.3964
158.4	4.3323	2.0172	1.3973
158.6	4.318	2.0167	1.3966
158.8	4.3031	2.0162	1.3953
159	4.2882	2.0156	1.3943
159.2	4.2723	2.0151	1.3942
159.4	4.2573	2.0145	1.3946
159.6	4.2417	2.0138	1.3946
159.8	4.2247	2.0132	1.3939
160	4.2092	2.0126	1.3933
160.2	4.1937	2.012	1.3933
160.4	4.1781	2.0113	1.3939
160.6	4.1622	2.0107	1.3952
160.8	4.1464	2.0101	1.3968
161	4.13	2.0094	1.3982
161.2	4.1122	2.0087	1.3993
161.4	4.0947	2.008	1.4005
161.6	4.0785	2.0074	1.4012
161.8	4.0614	2.0067	1.4013
162	4.0441	2.006	1.4011
162.2	4.0263	2.0053	1.4011
162.4	4.0094	2.0046	1.4015
162.6	3.9929	2.0041	1.4021
162.8	3.9752	2.0034	1.4025
163	3.9576	2.0028	1.4025
163.2	3.9381	2.0021	1.4022
163.4	3.9209	2.0016	1.4025
163.6	3.9042	2.0012	1.4035
163.8	3.8858	2.0007	1.4047
164	3.8665	2.0001	1.4058
164.2	3.8468	1.9996	1.4064
164.4	3.8284	1.9992	1.4066
164.6	3.81	1.9987	1.4068
164.8	3.7902	1.9983	1.4071
165	3.7707	1.9978	1.4078
165.2	3.7491	1.9974	1.4088
165.4	3.7283	1.9969	1.4099
165.6	3.7094	1.9966	1.4106
165.8	3.6909	1.9963	1.4104
166	3.6719	1.996	1.409
166.2	3.6522	1.9956	1.407
166.4	3.6337	1.9953	1.405
166.6	3.6157	1.9951	1.4037
166.8	3.597	1.9948	1.4035
167	3.5784	1.9946	1.4037
167.2	3.5581	1.9943	1.4032
167.4	3.5397	1.994	1.4016
167.6	3.522	1.9938	1.3994
167.8	3.5043	1.9935	1.3972
168	3.4873	1.9933	1.3956
168.2	3.4699	1.9931	1.3945
168.4	3.4527	1.9929	1.3935
168.6	3.4368	1.9928	1.3923
168.8	3.4203	1.9926	1.391
169	3.403	1.9924	1.3899
169.2	3.385	1.9921	1.3896
169.4	3.3691	1.992	1.3904
169.6	3.3553	1.9919	1.3924
169.8	3.3403	1.9919	1.3962
170	3.3243	1.9918	1.4021
170.2	3.3093	1.9917	1.4102
170.4	3.296	1.9917	1.4199
170.6	3.282	1.9917	1.4307
170.8	3.2668	1.9917	1.4426
171	3.2519	1.9918	1.4565
171.2	3.2368	1.9918	1.4725
171.4	3.2228	1.992	1.4908
171.6	3.2086	1.9921	1.5105
171.8	3.1927	1.9922	1.5306
172	3.1766	1.9923	1.5509
172.2	3.1607	1.9924	1.5713
172.4	3.1442	1.9926	1.592
172.6	3.1282	1.9927	1.6137
172.8	3.1126	1.993	1.6367
173	3.097	1.9932	1.6607
173.2	3.0792	1.9933	1.685
173.4	3.0634	1.9935	1.7093
173.6	3.0499	1.9939	1.7332
173.8	3.0352	1.9942	1.7564
174	3.0182	1.9944	1.7791
174.2	3.0014	1.9947	1.8023
174.4	2.9865	1.995	1.8257
174.6	2.9715	1.9954	1.8491
174.8	2.9546	1.9956	1.8725
175	2.938	1.9959	1.8951
175.2	2.9214	1.9963	1.9165
175.4	2.9073	1.9966	1.9376
175.6	2.893	1.997	1.9583
175.8	2.8781	1.9974	1.9786
176	2.8642	1.9979	1.9987
176.2	2.8491	1.9983	2.0182
176.4	2.8334	1.9986	2.0367
176.6	2.8199	1.9991	2.0549
176.8	2.8067	1.9996	2.0731
177	2.7929	2.0001	2.0915
177.2	2.7779	2.0006	2.1098
177.4	2.7659	2.0012	2.1286
177.6	2.7546	2.0019	2.1477
177.8	2.7415	2.0025	2.1668
178	2.729	2.0032	2.1861
178.2	2.7182	2.0039	2.2052
178.4	2.7068	2.0047	2.2239
178.6	2.6954	2.0055	2.2417
178.8	2.6843	2.0063	2.2593
179	2.6737	2.0072	2.2767
179.2	2.6621	2.008	2.2936
179.4	2.6514	2.0089	2.3098
179.6	2.6423	2.0099	2.3245
179.8	2.6334	2.0109	2.3376
180	2.6247	2.012	2.3496
180.2	2.6152	2.013	2.361
180.4	2.6067	2.0141	2.3727
180.6	2.6007	2.0153	2.3852
180.8	2.5935	2.0165	2.3979
181	2.5852	2.0176	2.41
181.2	2.5773	2.0187	2.4212
181.4	2.5718	2.02	2.4315
181.6	2.5669	2.0213	2.4406
181.8	2.5608	2.0225	2.4488
182	2.5544	2.0236	2.4569
182.2	2.5477	2.0248	2.4651
182.4	2.5421	2.0259	2.4734
182.6	2.5371	2.0271	2.4815
182.8	2.5315	2.0282	2.4887
183	2.526	2.0292	2.4949
183.2	2.5201	2.0302	2.5003
183.4	2.5166	2.0313	2.5058
183.6	2.5134	2.0324	2.5111
183.8	2.5083	2.0333	2.5156
184	2.5028	2.0342	2.5193
184.2	2.4966	2.0351	2.5224
184.4	2.4915	2.036	2.5248
184.6	2.4887	2.0369	2.5268
184.8	2.4843	2.0377	2.5282
185	2.4793	2.0385	2.5285
185.2	2.4747	2.0393	2.5279
185.4	2.4724	2.0401	2.5269
185.6	2.4708	2.0409	2.5253
185.8	2.4681	2.0417	2.5227
186	2.4649	2.0424	2.5194
186.2	2.462	2.0431	2.5154
186.4	2.4598	2.0438	2.5108
186.6	2.4587	2.0446	2.5055
186.8	2.4558	2.0453	2.4997
187	2.4529	2.046	2.4938
187.2	2.4511	2.0467	2.4881
187.4	2.4517	2.0475	2.4826
187.6	2.4522	2.0483	2.477
187.8	2.4519	2.049	2.4715
188	2.4517	2.0498	2.4662
188.2	2.4516	2.0505	2.4616
188.4	2.452	2.0512	2.4579
188.6	2.4525	2.052	2.4546
188.8	2.4526	2.0527	2.4511
189	2.4543	2.0535	2.4474
189.2	2.4562	2.0542	2.4433
189.4	2.4577	2.055	2.4388
189.6	2.46	2.0558	2.4343
189.8	2.4616	2.0565	2.4297
190	2.4621	2.0572	2.4256
190.2	2.4626	2.0579	2.4224
190.4	2.4662	2.0587	2.42
190.6	2.4705	2.0595	2.4184
190.8	2.472	2.0602	2.4172
191	2.4739	2.0608	2.4164
191.2	2.4768	2.0616	2.4163
191.4	2.4818	2.0624	2.417
191.6	2.4859	2.0631	2.4179
191.8	2.4874	2.0637	2.4185
192	2.4901	2.0643	2.4186
192.2	2.4933	2.065	2.4178
192.4	2.4966	2.0655	2.4159
192.6	2.5007	2.0662	2.4131
192.8	2.5033	2.0667	2.4099
193	2.5072	2.0673	2.4063
193.2	2.5109	2.0678	2.4027
193.4	2.5144	2.0683	2.3991
193.6	2.5182	2.0688	2.3956
193.8	2.521	2.0692	2.3917
194	2.5241	2.0696	2.3877
194.2	2.5269	2.07	2.3842
194.4	2.5303	2.0704	2.3815
194.6	2.5337	2.0707	2.3798
194.8	2.5357	2.0709	2.3788
195	2.5389	2.0711	2.3785
195.2	2.5423	2.0713	2.3783
195.4	2.5448	2.0714	2.3781
195.6	2.5467	2.0715	2.3778
195.8	2.5495	2.0716	2.3775
196	2.5516	2.0716	2.3772
196.2	2.5522	2.0716	2.3769
196.4	2.5535	2.0716	2.3766
196.6	2.5559	2.0716	2.3763
196.8	2.5584	2.0716	2.3759
197	2.561	2.0716	2.3758
197.2	2.562	2.0716	2.376
197.4	2.5635	2.0716	2.3771
197.6	2.5667	2.0717	2.3798
197.8	2.5686	2.0717	2.3841
198	2.5702	2.0717	2.39
198.2	2.5717	2.0717	2.3967
198.4	2.5752	2.0719	2.4034
198.6	2.5786	2.072	2.4097
198.8	2.5817	2.0721	2.4157
199	2.5853	2.0723	2.4216
199.2	2.5884	2.0725	2.4274
199.4	2.5924	2.0727	2.4329
199.6	2.5965	2.073	2.4377
199.8	2.5991	2.0733	2.4412
200	2.6021	2.0736	2.4436
200.2	2.6055	2.074	2.4455
200.4	2.6096	2.0744	2.4472
200.6	2.614	2.0748	2.4493
200.8	2.6181	2.0752	2.4518
201	2.6233	2.0757	2.4548
201.2	2.6269	2.0761	2.4578
201.4	2.6304	2.0766	2.4607
201.6	2.6354	2.0771	2.4637
201.8	2.6406	2.0777	2.4668
202	2.6452	2.0781	2.4703
202.2	2.649	2.0786	2.474
202.4	2.6538	2.079	2.478
202.6	2.6586	2.0795	2.4816
202.8	2.6623	2.0798	2.4842
203	2.6664	2.0802	2.4858
203.2	2.6691	2.0804	2.4864
203.4	2.6718	2.0807	2.4861
203.6	2.6767	2.081	2.4854
203.8	2.6814	2.0812	2.4843
204	2.6832	2.0814	2.4829
204.2	2.6853	2.0814	2.4815
204.4	2.689	2.0815	2.4806
204.6	2.6925	2.0815	2.4799
204.8	2.6952	2.0815	2.4796
205	2.6976	2.0813	2.4799
205.2	2.6988	2.081	2.4811
205.4	2.7013	2.0808	2.4829
205.6	2.704	2.0805	2.4851
205.8	2.7051	2.0801	2.4867
206	2.7064	2.0796	2.4873
206.2	2.7086	2.0792	2.4867
206.4	2.7115	2.0787	2.4853
206.6	2.713	2.0782	2.4834
206.8	2.7144	2.0776	2.4813
207	2.7164	2.0771	2.4788
207.2	2.7169	2.0764	2.4757
207.4	2.7172	2.0758	2.472
207.6	2.7183	2.0752	2.4681
207.8	2.7197	2.0747	2.4644
208	2.7208	2.0741	2.4611
208.2	2.7211	2.0734	2.4584
208.4	2.7228	2.0728	2.4565
208.6	2.725	2.0723	2.4553
208.8	2.7262	2.0717	2.4543
209	2.7272	2.0711	2.4533
209.2	2.7273	2.0705	2.4525
209.4	2.7281	2.07	2.4519
209.6	2.7296	2.0695	2.4515
209.8	2.7306	2.0691	2.4511
210	2.7306	2.0685	2.4502
210.2	2.7294	2.0679	2.4484
210.4	2.7307	2.0675	2.446
210.6	2.7342	2.0672	2.4433
210.8	2.7355	2.0668	2.4401
211	2.7351	2.0663	2.4367
211.2	2.7354	2.0658	2.4333
211.4	2.7381	2.0655	2.4302
211.6	2.7402	2.0652	2.4274
211.8	2.74	2.0648	2.425
212	2.7402	2.0644	2.4234
212.2	2.742	2.064	2.4222
212.4	2.7436	2.0636	2.4215
212.6	2.7441	2.0632	2.421
212.8	2.7441	2.0627	2.4205
213	2.7452	2.0623	2.4198
213.2	2.7447	2.0618	2.4184
213.4	2.7443	2.0613	2.4164
213.6	2.7441	2.0609	2.4138
213.8	2.744	2.0604	2.4106
214	2.7444	2.0599	2.4072
214.2	2.7429	2.0593	2.4035
214.4	2.7407	2.0586	2.3996
214.6	2.7407	2.0581	2.3959
214.8	2.7401	2.0575	2.3922
215	2.7371	2.0568	2.3887
215.2	2.7324	2.056	2.3858
215.4	2.7305	2.0553	2.3837
215.6	2.73	2.0546	2.3825
215.8	2.7275	2.0538	2.3819
216	2.7245	2.0531	2.3819
216.2	2.7213	2.0522	2.3824
216.4	2.7187	2.0514	2.3834
216.6	2.7155	2.0506	2.3847
216.8	2.7115	2.0498	2.3861
217	2.7074	2.0489	2.3873
217.2	2.7025	2.048	2.3885
217.4	2.6982	2.047	2.3895
217.6	2.6952	2.0462	2.3904
217.8	2.6917	2.0453	2.3911
218	2.6877	2.0443	2.3917
218.2	2.6835	2.0433	2.3922
218.4	2.6817	2.0425	2.3928
218.6	2.6793	2.0416	2.3934
218.8	2.6737	2.0405	2.3941
219	2.669	2.0394	2.3949
219.2	2.6665	2.0385	2.3959
219.4	2.6632	2.0375	2.3969
219.6	2.6589	2.0365	2.3978
219.8	2.6546	2.0355	2.3985
220	2.6517	2.0345	2.399
220.2	2.6469	2.0335	2.3991
220.4	2.6428	2.0325	2.3988
220.6	2.6399	2.0316	2.3981
220.8	2.6364	2.0307	2.3969
221	2.6328	2.0298	2.3953
221.2	2.6282	2.0288	2.3934
221.4	2.6253	2.0279	2.3913
221.6	2.6229	2.0271	2.3889
221.8	2.6202	2.0262	2.3862
222	2.617	2.0254	2.3832
222.2	2.6126	2.0245	2.3801
222.4	2.6096	2.0237	2.3769
222.6	2.6079	2.023	2.3738
222.8	2.6038	2.0222	2.3705
223	2.5993	2.0214	2.3671
223.2	2.5956	2.0207	2.3638
223.4	2.594	2.02	2.3605
223.6	2.5914	2.0194	2.3573
223.8	2.5873	2.0187	2.3543
224	2.5843	2.0181	2.3516
224.2	2.5801	2.0174	2.3492
224.4	2.5764	2.0168	2.3469
224.6	2.5734	2.0162	2.345
224.8	2.5699	2.0156	2.3432
225	2.5659	2.0149	2.342
225.2	2.5613	2.0142	2.3414
225.4	2.557	2.0136	2.3415
225.6	2.554	2.013	2.3422
225.8	2.5502	2.0124	2.3431
226	2.5461	2.0117	2.3443
226.2	2.5417	2.011	2.3455
226.4	2.5382	2.0103	2.3472
226.6	2.5347	2.0097	2.3495
226.8	2.5297	2.009	2.352
227	2.5247	2.0082	2.3546
227.2	2.5207	2.0076	2.3575
227.4	2.5179	2.0069	2.3604
227.6	2.5159	2.0063	2.3637
227.8	2.5127	2.0057	2.3671
228	2.5094	2.0051	2.3708
228.2	2.5078	2.0045	2.3747
228.4	2.5072	2.004	2.3786
228.6	2.5045	2.0034	2.3821
228.8	2.5009	2.0028	2.3851
229	2.4999	2.0023	2.3875
229.2	2.499	2.0019	2.3893
229.4	2.4962	2.0013	2.3905
229.6	2.4937	2.0008	2.3912
229.8	2.4933	2.0005	2.3919
230	2.4911	2.0001	2.3921
230.2	2.4874	1.9996	2.3919
230.4	2.4862	1.9993	2.3913
230.6	2.4856	1.9991	2.3902
230.8	2.4827	1.9988	2.389
231	2.4802	1.9984	2.3879
231.2	2.4791	1.9983	2.3871
231.4	2.4789	1.9981	2.3865
231.6	2.4774	1.9979	2.3856
231.8	2.4755	1.9977	2.3844
232	2.474	1.9976	2.3829
232.2	2.473	1.9975	2.3813
232.4	2.4731	1.9975	2.3797
232.6	2.4725	1.9973	2.3784
232.8	2.4707	1.9972	2.3773
233	2.4689	1.9971	2.3766
233.2	2.4681	1.997	2.376
233.4	2.4688	1.9971	2.3757
233.6	2.4696	1.9971	2.3759
233.8	2.4697	1.9971	2.3765
234	2.4703	1.9971	2.3777
234.2	2.4711	1.9971	2.3795
234.4	2.4718	1.9971	2.3818
234.6	2.4729	1.9972	2.3843
234.8	2.4735	1.9971	2.3868
235	2.4744	1.9971	2.3893
235.2	2.4764	1.9972	2.392
235.4	2.4784	1.9973	2.3947
235.6	2.479	1.9973	2.3973
235.8	2.4799	1.9973	2.3999
236	2.482	1.9974	2.4021
236.2	2.4833	1.9974	2.4039
236.4	2.4832	1.9974	2.405
236.6	2.4831	1.9975	2.4058
236.8	2.4839	1.9976	2.4066
237	2.4846	1.9977	2.4077
237.2	2.4845	1.9977	2.4093
237.4	2.4834	1.9977	2.4112
237.6	2.4835	1.9978	2.4136
237.8	2.4844	1.998	2.4164
238	2.483	1.998	2.419
238.2	2.4818	1.9981	2.4218
238.4	2.4826	1.9983	2.4248
238.6	2.4829	1.9985	2.428
238.8	2.4819	1.9986	2.4315
239	2.4827	1.9989	2.435
239.2	2.4841	1.9992	2.4385
239.4	2.4849	1.9994	2.4417
239.6	2.4855	1.9996	2.4447
239.8	2.4871	2	2.4479
240	2.4894	2.0003	2.4514
240.2	2.4913	2.0007	2.4554
240.4	2.493	2.001	2.4597
240.6	2.4949	2.0014	2.4643
240.8	2.4973	2.0018	2.4689
241	2.5003	2.0022	2.4733
241.2	2.5043	2.0027	2.4776
241.4	2.508	2.0032	2.4818
241.6	2.511	2.0036	2.4861
241.8	2.5145	2.0041	2.4902
242	2.5184	2.0046	2.494
242.2	2.5214	2.005	2.4973
242.4	2.5254	2.0055	2.5
242.6	2.5312	2.0061	2.5024
242.8	2.5362	2.0066	2.5043
243	2.5409	2.0072	2.506
243.2	2.5469	2.0078	2.5076
243.4	2.5534	2.0084	2.5088
243.6	2.5597	2.009	2.5098
243.8	2.5661	2.0097	2.5102
244	2.5712	2.0103	2.51
244.2	2.5768	2.0109	2.5095
244.4	2.585	2.0117	2.5092
244.6	2.5918	2.0124	2.509
244.8	2.5971	2.0131	2.5089
245	2.6032	2.0137	2.509
245.2	2.6105	2.0145	2.5091
245.4	2.615	2.0151	2.5091
245.6	2.6191	2.0158	2.5092
245.8	2.625	2.0165	2.5096
246	2.6302	2.0172	2.5101
246.2	2.6351	2.0179	2.5108
246.4	2.641	2.0186	2.5118
246.6	2.6469	2.0194	2.5131
246.8	2.652	2.0201	2.5146
247	2.6574	2.0208	2.5162
247.2	2.6627	2.0215	2.5178
247.4	2.6676	2.0223	2.5193
247.6	2.6733	2.023	2.5208
247.8	2.6779	2.0238	2.5221
248	2.6808	2.0245	2.5233
248.2	2.6843	2.0252	2.5244
248.4	2.689	2.0259	2.5251
248.6	2.6923	2.0266	2.5253
248.8	2.6949	2.0273	2.5251
249	2.6975	2.028	2.5247
249.2	2.7004	2.0287	2.5243
249.4	2.703	2.0294	2.5242
249.6	2.7056	2.0301	2.524
249.8	2.7083	2.0309	2.524
250	2.7119	2.0316	2.5238
250.2	2.7153	2.0323	2.5235
250.4	2.7191	2.0331	2.5235
250.6	2.7221	2.0339	2.5236
250.8	2.7247	2.0346	2.524
251	2.7284	2.0354	2.5248
251.2	2.7322	2.0363	2.5257
251.4	2.7353	2.0371	2.5266
251.6	2.7387	2.038	2.5278
251.8	2.7415	2.0388	2.5294
252	2.744	2.0397	2.5315
252.2	2.7486	2.0405	2.5345
252.4	2.7527	2.0414	2.538
252.6	2.7548	2.0422	2.5418
252.8	2.7566	2.043	2.5458
253	2.7603	2.0438	2.5502
253.2	2.7633	2.0447	2.5547
253.4	2.7642	2.0454	2.5594
253.6	2.7662	2.0462	2.5642
253.8	2.7706	2.0471	2.5691
254	2.7741	2.0479	2.5738
254.2	2.7756	2.0487	2.5784
254.4	2.7784	2.0494	2.5829
254.6	2.7819	2.0502	2.587
254.8	2.7843	2.0509	2.5908
255	2.7868	2.0516	2.5941
255.2	2.7893	2.0524	2.5972
255.4	2.7911	2.053	2.5999
255.6	2.7927	2.0536	2.6024
255.8	2.7936	2.0541	2.6046
256	2.7944	2.0547	2.6065
256.2	2.7965	2.0551	2.6082
256.4	2.798	2.0557	2.6096
256.6	2.7981	2.0561	2.6107
256.8	2.7979	2.0565	2.6118
257	2.7986	2.0569	2.6127
257.2	2.7987	2.0573	2.6134
257.4	2.7981	2.0577	2.6137
257.6	2.7972	2.058	2.6135
257.8	2.7969	2.0584	2.613
258	2.7966	2.0588	2.6124
258.2	2.7953	2.0591	2.6116
258.4	2.7941	2.0595	2.611
258.6	2.7935	2.0599	2.6106
258.8	2.7927	2.0603	2.6104
259	2.7915	2.0608	2.6105
259.2	2.7901	2.0612	2.6109
259.4	2.7895	2.0617	2.6117
259.6	2.7891	2.0622	2.6128
259.8	2.7863	2.0627	2.6141
260	2.7849	2.0632	2.6154
260.2	2.7849	2.0638	2.6165
260.4	2.7841	2.0644	2.6173
260.6	2.7821	2.0649	2.6176
260.8	2.7808	2.0655	2.6176
261	2.781	2.0662	2.6172
261.2	2.7804	2.0669	2.6163
261.4	2.7799	2.0675	2.6151
261.6	2.7806	2.0682	2.6136
261.8	2.7812	2.0689	2.612
262	2.7809	2.0695	2.6103
262.2	2.7807	2.0701	2.6085
262.4	2.7816	2.0708	2.6067
262.6	2.7816	2.0714	2.6048
262.8	2.781	2.072	2.6032
263	2.7806	2.0726	2.6017
263.2	2.7802	2.0731	2.6004
263.4	2.7799	2.0736	2.5991
263.6	2.7801	2.0741	2.5978
263.8	2.7803	2.0746	2.5966
264	2.7795	2.0749	2.5955
264.2	2.7804	2.0754	2.5946
264.4	2.7814	2.0757	2.5937
264.6	2.7813	2.076	2.5927
264.8	2.7814	2.0763	2.5914
265	2.782	2.0765	2.5901
265.2	2.7817	2.0767	2.5889
265.4	2.7813	2.0768	2.5878
265.6	2.7816	2.0769	2.5871
265.8	2.7813	2.0771	2.5866
266	2.7804	2.0771	2.5865
266.2	2.7803	2.0772	2.5867
266.4	2.7801	2.0773	2.5872
266.6	2.7783	2.0773	2.588
266.8	2.7763	2.0773	2.5892
267	2.7757	2.0773	2.5905
267.2	2.7751	2.0773	2.5919
267.4	2.7732	2.0773	2.593
267.6	2.7705	2.0771	2.5937
267.8	2.7684	2.0771	2.5942
268	2.7681	2.0771	2.5943
268.2	2.7671	2.0771	2.5941
268.4	2.765	2.077	2.5936
268.6	2.763	2.0769	2.5929
268.8	2.7621	2.0769	2.592
269	2.7603	2.0768	2.5908
269.2	2.7574	2.0767	2.5896
269.4	2.7556	2.0767	2.5886
269.6	2.7533	2.0766	2.5879
269.8	2.7508	2.0766	2.5873
270	2.7487	2.0765	2.5868
270.2	2.7458	2.0765	2.5865
270.4	2.7429	2.0765	2.5862
270.6	2.7404	2.0765	2.5862
270.8	2.738	2.0764	2.5863
271	2.7358	2.0764	2.5865
271.2	2.7343	2.0764	2.5869
271.4	2.7328	2.0764	2.5873
271.6	2.7319	2.0763	2.5878
271.8	2.7315	2.0763	2.5885
272	2.7309	2.0763	2.589
272.2	2.731	2.0762	2.5896
272.4	2.73	2.0761	2.59
272.6	2.7292	2.076	2.5905
272.8	2.7296	2.0759	2.5912
273	2.7298	2.0758	2.5923
273.2	2.7299	2.0756	2.5936
273.4	2.7306	2.0755	2.5951
273.6	2.7317	2.0753	2.5968
273.8	2.7321	2.075	2.5987
274	2.7328	2.0747	2.6006
274.2	2.734	2.0744	2.6028
274.4	2.7354	2.0741	2.6051
274.6	2.7358	2.0737	2.6075
274.8	2.7374	2.0732	2.6102
275	2.7399	2.0728	2.6131
275.2	2.7423	2.0724	2.6161
275.4	2.7431	2.0718	2.6192
275.6	2.7446	2.0712	2.6228
275.8	2.7479	2.0707	2.6269
276	2.7505	2.0701	2.6316
276.2	2.7516	2.0693	2.6367
276.4	2.7534	2.0685	2.6422
276.6	2.7565	2.0678	2.6478
276.8	2.7585	2.067	2.6535
277	2.7593	2.066	2.6594
277.2	2.7608	2.0651	2.6653
277.4	2.7633	2.0642	2.6712
277.6	2.765	2.0632	2.6769
277.8	2.7665	2.0622	2.6823
278	2.7678	2.0612	2.6876
278.2	2.7697	2.0602	2.6928
278.4	2.772	2.0592	2.6981
278.6	2.773	2.0581	2.7036
278.8	2.7748	2.0571	2.7093
279	2.7772	2.0561	2.7151
279.2	2.7786	2.055	2.7208
279.4	2.7804	2.054	2.7264
279.6	2.7835	2.0531	2.7318
279.8	2.7858	2.0521	2.7371
280	2.7876	2.0511	2.7423
280.2	2.7909	2.0503	2.7474
280.4	2.7942	2.0494	2.7522
280.6	2.7972	2.0485	2.7566
280.8	2.8012	2.0477	2.7607
281	2.8052	2.0469	2.7645
281.2	2.8077	2.0461	2.7681
281.4	2.8112	2.0453	2.7716
281.6	2.8151	2.0445	2.775
281.8	2.8186	2.0438	2.7783
282	2.8226	2.0431	2.7814
282.2	2.827	2.0424	2.7846
282.4	2.8317	2.0417	2.7878
282.6	2.836	2.041	2.7912
282.8	2.8415	2.0403	2.7948
283	2.8475	2.0397	2.7986
283.2	2.8527	2.039	2.8024
283.4	2.8579	2.0383	2.8064
283.6	2.8652	2.0377	2.8104
283.8	2.8726	2.037	2.8142
284	2.8789	2.0363	2.8174
284.2	2.8859	2.0356	2.82
284.4	2.8942	2.0349	2.822
284.6	2.902	2.0342	2.8234
284.8	2.9091	2.0334	2.8244
285	2.9179	2.0327	2.8249
285.2	2.9272	2.0321	2.825
285.4	2.9361	2.0314	2.8248
285.6	2.9452	2.0307	2.8246
285.8	2.9552	2.03	2.8246
286	2.9648	2.0293	2.8249
286.2	2.9739	2.0286	2.8256
286.4	2.9835	2.0279	2.8267
286.6	2.9935	2.0272	2.8282
286.8	3.003	2.0265	2.83
287	3.0119	2.0258	2.8321
287.2	3.0209	2.0252	2.8347
287.4	3.0305	2.0245	2.8378
287.6	3.0395	2.0239	2.8414
287.8	3.0476	2.0232	2.8455
288	3.056	2.0226	2.8498
288.2	3.064	2.022	2.8542
288.4	3.0715	2.0213	2.8587
288.6	3.0789	2.0208	2.8633
288.8	3.0857	2.0202	2.8681
289	3.0914	2.0196	2.8732
289.2	3.0965	2.019	2.8784
289.4	3.1019	2.0184	2.8836
289.6	3.1062	2.0178	2.8889
289.8	3.1111	2.0173	2.8945
290	3.1154	2.0167	2.9004
290.2	3.119	2.0162	2.9066
290.4	3.1228	2.0156	2.9131
290.6	3.1275	2.0152	2.9196
290.8	3.1311	2.0147	2.9261
291	3.1339	2.0142	2.9324
291.2	3.1381	2.0139	2.9384
291.4	3.1428	2.0135	2.9441
291.6	3.1463	2.0131	2.9491
291.8	3.1493	2.0128	2.9534
292	3.1538	2.0124	2.9572
292.2	3.1586	2.0122	2.9607
292.4	3.1626	2.0119	2.9638
292.6	3.1659	2.0116	2.9667
292.8	3.1699	2.0113	2.9694
293	3.1744	2.0111	2.9721
293.2	3.1776	2.0109	2.9749
293.4	3.1813	2.0107	2.9781
293.6	3.186	2.0105	2.9817
293.8	3.1906	2.0103	2.9854
294	3.1939	2.01	2.989
294.2	3.1982	2.0099	2.9927
294.4	3.2034	2.0098	2.9964
294.6	3.2071	2.0096	3.0003
294.8	3.2089	2.0094	3.0041
295	3.2126	2.0092	3.0081
295.2	3.2172	2.0092	3.0117
295.4	3.2209	2.009	3.0148
295.6	3.224	2.0089	3.0175
295.8	3.2281	2.0088	3.0196
296	3.2322	2.0088	3.0214
296.2	3.2353	2.0087	3.0228
296.4	3.2383	2.0086	3.024
296.6	3.2406	2.0085	3.025
296.8	3.2419	2.0083	3.0257
297	3.2441	2.0081	3.0265
297.2	3.2462	2.008	3.0272
297.4	3.2474	2.0078	3.0279
297.6	3.2483	2.0077	3.0286
297.8	3.2505	2.0076	3.0293
298	3.2518	2.0074	3.0296
298.2	3.253	2.0072	3.0294
298.4	3.2535	2.0071	3.0289
298.6	3.2543	2.007	3.028
298.8	3.254	2.0068	3.0268
299	3.2542	2.0067	3.0254
299.2	3.2552	2.0066	3.024
299.4	3.2544	2.0065	3.0224
299.6	3.2527	2.0063	3.0208
299.8	3.2524	2.0062	3.0195
300	3.2518	2.0061	3.0185
300.2	3.25	2.006	3.0179
300.4	3.248	2.0059	3.0177
300.6	3.2462	2.0058	3.0178
300.8	3.2452	2.0057	3.0184
301	3.2444	2.0057	3.0191
301.2	3.2431	2.0057	3.0199
301.4	3.242	2.0057	3.0205
301.6	3.2403	2.0057	3.0208
301.8	3.2383	2.0057	3.0209
302	3.2355	2.0057	3.0209
302.2	3.2343	2.0058	3.0211
302.4	3.2337	2.006	3.0214
302.6	3.2314	2.0061	3.0214
302.8	3.2284	2.0062	3.0211
303	3.2279	2.0064	3.0208
303.2	3.2279	2.0066	3.0206
303.4	3.2264	2.0068	3.0205
303.6	3.2253	2.007	3.0205
303.8	3.2262	2.0073	3.0208
304	3.2255	2.0075	3.0208
304.2	3.2235	2.0077	3.0207
304.4	3.2234	2.008	3.0205
304.6	3.225	2.0083	3.0203
304.8	3.2247	2.0086	3.0197
305	3.2243	2.0088	3.0191
305.2	3.2253	2.0092	3.0182
305.4	3.2257	2.0095	3.0172
305.6	3.2249	2.0097	3.0158
305.8	3.2254	2.01	3.0145
306	3.227	2.0103	3.0133
306.2	3.2272	2.0107	3.0124
306.4	3.2262	2.0109	3.0117
306.6	3.2269	2.0113	3.0113
306.8	3.2281	2.0116	3.0113
307	3.2285	2.0119	3.0115
307.2	3.2283	2.0122	3.0119
307.4	3.2284	2.0125	3.0125
307.6	3.2289	2.0128	3.0131
307.8	3.2287	2.0132	3.0136
308	3.2277	2.0134	3.014
308.2	3.227	2.0137	3.0143
308.4	3.2264	2.014	3.0145
308.6	3.2252	2.0143	3.0144
308.8	3.2238	2.0146	3.0141
309	3.223	2.015	3.0135
309.2	3.2215	2.0153	3.0127
309.4	3.2193	2.0155	3.0119
309.6	3.2174	2.0159	3.0113
309.8	3.217	2.0162	3.011
310	3.216	2.0166	3.0108
310.2	3.2156	2.0169	3.0107
310.4	3.2137	2.0173	3.0107
310.6	3.2111	2.0177	3.0108
310.8	3.2096	2.0181	3.011
311	3.209	2.0185	3.0117
311.2	3.2084	2.0189	3.0126
311.4	3.2069	2.0193	3.0138
311.6	3.2061	2.0198	3.0152
311.8	3.2053	2.0203	3.0168
312	3.2036	2.0208	3.0185
312.2	3.2024	2.0213	3.0205
312.4	3.2027	2.0219	3.0228
312.6	3.2021	2.0225	3.0255
312.8	3.1997	2.023	3.0284
313	3.1988	2.0237	3.0318
313.2	3.1989	2.0244	3.0354
313.4	3.1979	2.0252	3.0391
313.6	3.1964	2.0258	3.0431
313.8	3.1965	2.0266	3.0474
314	3.1971	2.0275	3.0521
314.2	3.1977	2.0284	3.0571
314.4	3.1978	2.0294	3.0623
314.6	3.1983	2.0303	3.0677
314.8	3.1986	2.0312	3.0731
315	3.1998	2.0323	3.0787
315.2	3.2017	2.0333	3.0846
315.4	3.2035	2.0344	3.0906
315.6	3.2047	2.0355	3.0967
315.8	3.2066	2.0366	3.1028
316	3.2095	2.0378	3.1088
316.2	3.2115	2.0389	3.1144
316.4	3.2143	2.04	3.1198
316.6	3.2187	2.0412	3.125
316.8	3.2232	2.0424	3.1302
317	3.2267	2.0436	3.1352
317.2	3.2308	2.0447	3.14
317.4	3.2363	2.0458	3.1447
317.6	3.2412	2.047	3.1493
317.8	3.2464	2.048	3.1538
318	3.2518	2.0491	3.1584
318.2	3.2575	2.0502	3.1631
318.4	3.2627	2.0512	3.1677
318.6	3.2699	2.0522	3.1723
318.8	3.2771	2.0531	3.1769
319	3.2833	2.054	3.1812
319.2	3.2908	2.0549	3.1856
319.4	3.2978	2.0558	3.1898
319.6	3.3048	2.0565	3.1937
319.8	3.3125	2.0573	3.1972
320	3.3204	2.058	3.2003
320.2	3.3283	2.0587	3.2031
320.4	3.3363	2.0593	3.2057
320.6	3.3434	2.0599	3.2079
320.8	3.351	2.0605	3.21
321	3.3599	2.061	3.2118
321.2	3.3676	2.0616	3.2136
321.4	3.3749	2.062	3.2153
321.6	3.3825	2.0625	3.2172
321.8	3.3909	2.063	3.2193
322	3.3994	2.0635	3.2216
322.2	3.4075	2.064	3.2241
322.4	3.4143	2.0644	3.2268
322.6	3.4218	2.0648	3.2298
322.8	3.4312	2.0653	3.2332
323	3.4406	2.0658	3.237
323.2	3.4486	2.0663	3.2411
323.4	3.4568	2.0668	3.2453
323.6	3.465	2.0673	3.2498
323.8	3.4731	2.0678	3.2544
324	3.4813	2.0683	3.2591
324.2	3.4885	2.0688	3.264
324.4	3.4962	2.0693	3.2691
324.6	3.5044	2.0698	3.2743
324.8	3.5114	2.0703	3.2796
325	3.5174	2.0708	3.2849
325.2	3.524	2.0713	3.2903
325.4	3.5301	2.0718	3.2958
325.6	3.536	2.0724	3.3014
325.8	3.5428	2.0729	3.307
326	3.5489	2.0734	3.3124
326.2	3.5543	2.0738	3.3175
326.4	3.56	2.0743	3.3225
326.6	3.5657	2.0748	3.3273
326.8	3.5695	2.0752	3.3318
327	3.573	2.0756	3.3363
327.2	3.5775	2.076	3.3406
327.4	3.5814	2.0764	3.3447
327.6	3.585	2.0767	3.3484
327.8	3.5883	2.077	3.3519
328	3.59	2.0772	3.3552
328.2	3.5918	2.0775	3.3583
328.4	3.5937	2.0777	3.3613
328.6	3.5945	2.0778	3.364
328.8	3.5946	2.0779	3.3664
329	3.5954	2.078	3.3685
329.2	3.596	2.0781	3.3704
329.4	3.5955	2.0782	3.372
329.6	3.5947	2.0782	3.3734
329.8	3.5937	2.0781	3.3747
330	3.5924	2.0781	3.3759
330.2	3.5909	2.078	3.377
330.4	3.5896	2.0779	3.3782
330.6	3.5886	2.0779	3.3794
330.8	3.5879	2.0778	3.3806
331	3.5863	2.0776	3.3817
331.2	3.5846	2.0775	3.3827
331.4	3.5828	2.0774	3.3834
331.6	3.5807	2.0772	3.3837
331.8	3.5791	2.077	3.3834
332	3.5781	2.0768	3.3825
332.2	3.5754	2.0766	3.381
332.4	3.5731	2.0764	3.379
332.6	3.5727	2.0763	3.3768
332.8	3.5713	2.0762	3.3744
333	3.5679	2.0759	3.3715
333.2	3.5658	2.0757	3.3685
333.4	3.5643	2.0755	3.3654
333.6	3.5623	2.0752	3.3621
333.8	3.5594	2.075	3.3589
334	3.5573	2.0748	3.3559
334.2	3.5561	2.0746	3.353
334.4	3.5537	2.0744	3.3501
334.6	3.551	2.0741	3.3472
334.8	3.5493	2.074	3.3441
335	3.5479	2.0738	3.3408
335.2	3.5459	2.0736	3.3373
335.4	3.5445	2.0734	3.3336
335.6	3.5431	2.0732	3.3299
335.8	3.5407	2.073	3.3262
336	3.5376	2.0727	3.3224
336.2	3.5358	2.0725	3.3187
336.4	3.5338	2.0723	3.315
336.6	3.5312	2.0721	3.3114
336.8	3.5287	2.0718	3.3081
337	3.5278	2.0716	3.3051
337.2	3.5267	2.0714	3.3024
337.4	3.5239	2.0711	3.2999
337.6	3.5214	2.0709	3.2974
337.8	3.5194	2.0706	3.2951
338	3.5179	2.0703	3.2928
338.2	3.5155	2.07	3.2905
338.4	3.512	2.0696	3.2881
338.6	3.509	2.0693	3.2857
338.8	3.5068	2.0689	3.2832
339	3.504	2.0686	3.2806
339.2	3.5007	2.0683	3.2779
339.4	3.4976	2.0679	3.2751
339.6	3.4953	2.0676	3.2723
339.8	3.4918	2.0672	3.2695
340	3.4879	2.0668	3.2668
340.2	3.485	2.0665	3.2643
340.4	3.482	2.0662	3.2619
340.6	3.4786	2.0658	3.2596
340.8	3.4738	2.0653	3.2572
341	3.4684	2.0648	3.2548
341.2	3.4649	2.0644	3.2527
341.4	3.4608	2.0639	3.2506
341.6	3.4562	2.0635	3.2486
341.8	3.4531	2.0631	3.2468
342	3.4501	2.0628	3.2449
342.2	3.4458	2.0624	3.243
342.4	3.4416	2.0619	3.2411
342.6	3.4391	2.0616	3.2393
342.8	3.4365	2.0613	3.2375
343	3.4327	2.0609	3.2357
343.2	3.4295	2.0605	3.2339
343.4	3.4276	2.0602	3.2322
343.6	3.4246	2.0599	3.2305
343.8	3.4206	2.0595	3.2287
344	3.4184	2.0592	3.227
344.2	3.4173	2.059	3.2252
344.4	3.415	2.0586	3.2233
344.6	3.4129	2.0583	3.2213
344.8	3.4121	2.058	3.2194
345	3.4115	2.0577	3.2174
345.2	3.4099	2.0573	3.2153
345.4	3.4076	2.057	3.2132
345.6	3.4061	2.0566	3.2111
345.8	3.4048	2.0562	3.2091
346	3.4032	2.0557	3.2071
346.2	3.4016	2.0553	3.2053
346.4	3.4011	2.0548	3.2038
346.6	3.4012	2.0544	3.2026
346.8	3.4018	2.0539	3.2017
347	3.403	2.0534	3.2011
347.2	3.4038	2.0528	3.2008
347.4	3.4047	2.0523	3.2008
347.6	3.406	2.0517	3.2011
347.8	3.4064	2.051	3.2016
348	3.4072	2.0503	3.2024
348.2	3.4085	2.0496	3.2036
348.4	3.4086	2.0489	3.205
348.6	3.408	2.048	3.2066
348.8	3.4079	2.0472	3.2086
349	3.4093	2.0465	3.2109
349.2	3.4105	2.0457	3.2135
349.4	3.4103	2.0448	3.2164
349.6	3.4102	2.0439	3.2195
349.8	3.4113	2.0431	3.2229
350	3.412	2.0422	3.2265
350.2	3.4118	2.0413	3.2303
350.4	3.4121	2.0404	3.2341
350.6	3.4132	2.0395	3.2381
350.8	3.4133	2.0386	3.242
351	3.4129	2.0378	3.2459
351.2	3.4131	2.0369	3.2499
351.4	3.4133	2.0361	3.2538
351.6	3.4133	2.0352	3.2577
351.8	3.4145	2.0344	3.2615
352	3.4165	2.0336	3.2652
352.2	3.4175	2.0328	3.2687
352.4	3.4178	2.032	3.272
352.6	3.4203	2.0313	3.2753
352.8	3.4228	2.0307	3.2784
353	3.4245	2.03	3.2813
353.2	3.4262	2.0293	3.2839
353.4	3.4287	2.0287	3.2863
353.6	3.4324	2.0281	3.2884
353.8	3.4361	2.0275	3.2904
354	3.4397	2.0269	3.2921
354.2	3.4444	2.0263	3.2939
354.4	3.4492	2.0258	3.2955
354.6	3.4538	2.0252	3.2971
354.8	3.4594	2.0247	3.2986
355	3.4646	2.0241	3.3
355.2	3.4681	2.0235	3.3012
355.4	3.4722	2.023	3.3023
355.6	3.4771	2.0225	3.3033
355.8	3.4802	2.022	3.3041
356	3.481	2.0217	3.3046
356.2	3.4814	2.0214	3.3049
356.4	3.4814	2.0212	3.305
356.6	3.4809	2.0209	3.3049
356.8	3.4801	2.0207	3.3047
357	3.4788	2.0206	3.3043
357.2	3.4772	2.0204	3.3038
357.4	3.4751	2.0203	3.303
357.6	3.4726	2.0202	3.3021
357.8	3.4697	2.0202	3.3011
358	3.4664	2.0202	3.2998
358.2	3.4627	2.0202	3.2985
358.4	3.4586	2.0203	3.2969
358.6	3.454	2.0203	3.2952
358.8	3.4491	2.0204	3.2933
359	3.4437	2.0206	3.2912
359.2	3.438	2.0208	3.289
359.4	3.4318	2.021	3.2866
359.6	3.4252	2.0212	3.284
359.8	3.4182	2.0215	3.2813
