Zeit	dQIters	relaxationsFaktor	pSoll	pIst	dQ
84.4	 1.0	 0.7	 1158186.0215235758	 NaN	 NaN	 
84.4	 2.0	 0.7	 1158186.0215235758	 NaN	 NaN	 
84.4	 3.0	 0.7	 1158186.0215235758	 NaN	 NaN	 
84.4	 4.0	 0.7	 1158186.0215235758	 NaN	 NaN	 
84.4	 5.0	 0.7	 1158186.0215235758	 NaN	 NaN	 
84.4	 6.0	 0.7	 1158186.0215235758	 NaN	 NaN	 
84.4	 7.0	 0.7	 1158186.0215235758	 NaN	 NaN	 
84.4	 8.0	 0.7	 1158186.0215235758	 NaN	 NaN	 
84.4	 9.0	 0.7	 1158186.0215235758	 NaN	 NaN	 
84.4	 10.0	 0.7	 1158186.0215235758	 NaN	 NaN	 
84.4	 11.0	 0.7	 1158186.0215235758	 NaN	 NaN	 
84.4	 12.0	 0.7	 1158186.0215235758	 NaN	 NaN	 
84.4	 13.0	 0.7	 1158186.0215235758	 NaN	 NaN	 
84.4	 14.0	 0.7	 1158186.0215235758	 NaN	 NaN	 
84.4	 15.0	 0.7	 1158186.0215235758	 NaN	 NaN	 
84.4	 16.0	 0.7	 1158186.0215235758	 NaN	 NaN	 
84.4	 17.0	 0.7	 1158186.0215235758	 NaN	 NaN	 
84.4	 18.0	 0.7	 1158186.0215235758	 NaN	 NaN	 
84.4	 19.0	 0.7	 1158186.0215235758	 NaN	 NaN	 
84.4	 20.0	 0.7	 1158186.0215235758	 NaN	 NaN	 
84.4	 21.0	 0.7	 1158186.0215235758	 NaN	 NaN	 
84.4	 22.0	 0.7	 1158186.0215235758	 NaN	 NaN	 
84.4	 23.0	 0.7	 1158186.0215235758	 NaN	 NaN	 
84.4	 24.0	 0.7	 1158186.0215235758	 NaN	 NaN	 
84.4	 25.0	 0.7	 1158186.0215235758	 NaN	 NaN	 
84.4	 26.0	 0.7	 1158186.0215235758	 NaN	 NaN	 
84.4	 27.0	 0.7	 1158186.0215235758	 NaN	 NaN	 
84.4	 28.0	 0.7	 1158186.0215235758	 NaN	 NaN	 
84.4	 29.0	 0.7	 1158186.0215235758	 NaN	 NaN	 
84.4	 30.0	 0.7	 1158186.0215235758	 NaN	 NaN	 
84.4	 31.0	 0.7	 1158186.0215235758	 NaN	 NaN	 
84.4	 32.0	 0.7	 1158186.0215235758	 NaN	 NaN	 
84.4	 33.0	 0.7	 1158186.0215235758	 NaN	 NaN	 
84.4	 34.0	 0.7	 1158186.0215235758	 NaN	 NaN	 
84.4	 35.0	 0.7	 1158186.0215235758	 NaN	 NaN	 
84.4	 36.0	 0.7	 1158186.0215235758	 NaN	 NaN	 
84.4	 37.0	 0.7	 1158186.0215235758	 NaN	 NaN	 
84.4	 38.0	 0.7	 1158186.0215235758	 NaN	 NaN	 
84.4	 39.0	 0.7	 1158186.0215235758	 NaN	 NaN	 
84.4	 40.0	 0.7	 1158186.0215235758	 NaN	 NaN	 
84.4	 41.0	 0.7	 1158186.0215235758	 NaN	 NaN	 
84.4	 42.0	 0.7	 1158186.0215235758	 NaN	 NaN	 
84.4	 43.0	 0.7	 1158186.0215235758	 NaN	 NaN	 
84.4	 44.0	 0.7	 1158186.0215235758	 NaN	 NaN	 
84.4	 45.0	 0.7	 1158186.0215235758	 NaN	 NaN	 
84.4	 46.0	 0.7	 1158186.0215235758	 NaN	 NaN	 
84.4	 47.0	 0.7	 1158186.0215235758	 NaN	 NaN	 
84.4	 48.0	 0.7	 1158186.0215235758	 NaN	 NaN	 
84.4	 49.0	 0.7	 1158186.0215235758	 NaN	 NaN	 
84.4	 50.0	 0.7	 1158186.0215235758	 NaN	 NaN	 
84.4	 51.0	 0.7	 1158186.0215235758	 NaN	 NaN	 
84.4	 52.0	 0.7	 1158186.0215235758	 NaN	 NaN	 
84.4	 53.0	 0.7	 1158186.0215235758	 NaN	 NaN	 
84.4	 54.0	 0.7	 1158186.0215235758	 NaN	 NaN	 
84.4	 55.0	 0.7	 1158186.0215235758	 NaN	 NaN	 
84.4	 56.0	 0.7	 1158186.0215235758	 NaN	 NaN	 
84.4	 57.0	 0.7	 1158186.0215235758	 NaN	 NaN	 
84.4	 58.0	 0.7	 1158186.0215235758	 NaN	 NaN	 
84.4	 59.0	 0.7	 1158186.0215235758	 NaN	 NaN	 
84.4	 60.0	 0.7	 1158186.0215235758	 NaN	 NaN	 
84.4	 61.0	 0.7	 1158186.0215235758	 NaN	 NaN	 
84.4	 62.0	 0.7	 1158186.0215235758	 NaN	 NaN	 
84.4	 63.0	 0.7	 1158186.0215235758	 NaN	 NaN	 
84.4	 64.0	 0.7	 1158186.0215235758	 NaN	 NaN	 
84.4	 65.0	 0.7	 1158186.0215235758	 NaN	 NaN	 
84.4	 66.0	 0.7	 1158186.0215235758	 NaN	 NaN	 
84.4	 67.0	 0.7	 1158186.0215235758	 NaN	 NaN	 
84.4	 68.0	 0.7	 1158186.0215235758	 NaN	 NaN	 
84.4	 69.0	 0.7	 1158186.0215235758	 NaN	 NaN	 
84.4	 70.0	 0.7	 1158186.0215235758	 NaN	 NaN	 
84.4	 71.0	 0.7	 1158186.0215235758	 NaN	 NaN	 
84.4	 72.0	 0.7	 1158186.0215235758	 NaN	 NaN	 
84.4	 73.0	 0.7	 1158186.0215235758	 NaN	 NaN	 
84.4	 74.0	 0.7	 1158186.0215235758	 NaN	 NaN	 
84.4	 75.0	 0.7	 1158186.0215235758	 NaN	 NaN	 
84.4	 76.0	 0.7	 1158186.0215235758	 NaN	 NaN	 
84.4	 77.0	 0.7	 1158186.0215235758	 NaN	 NaN	 
84.4	 78.0	 0.7	 1158186.0215235758	 NaN	 NaN	 
84.4	 79.0	 0.7	 1158186.0215235758	 NaN	 NaN	 
84.4	 80.0	 0.7	 1158186.0215235758	 NaN	 NaN	 
84.4	 81.0	 0.7	 1158186.0215235758	 NaN	 NaN	 
84.4	 82.0	 0.7	 1158186.0215235758	 NaN	 NaN	 
84.4	 83.0	 0.7	 1158186.0215235758	 NaN	 NaN	 
84.4	 84.0	 0.7	 1158186.0215235758	 NaN	 NaN	 
84.4	 85.0	 0.7	 1158186.0215235758	 NaN	 NaN	 
84.4	 86.0	 0.7	 1158186.0215235758	 NaN	 NaN	 
84.4	 87.0	 0.7	 1158186.0215235758	 NaN	 NaN	 
84.4	 88.0	 0.7	 1158186.0215235758	 NaN	 NaN	 
84.4	 89.0	 0.7	 1158186.0215235758	 NaN	 NaN	 
84.4	 90.0	 0.7	 1158186.0215235758	 NaN	 NaN	 
84.4	 91.0	 0.7	 1158186.0215235758	 NaN	 NaN	 
84.4	 92.0	 0.7	 1158186.0215235758	 NaN	 NaN	 
84.4	 93.0	 0.7	 1158186.0215235758	 NaN	 NaN	 
84.4	 94.0	 0.7	 1158186.0215235758	 NaN	 NaN	 
84.4	 95.0	 0.7	 1158186.0215235758	 NaN	 NaN	 
84.4	 96.0	 0.7	 1158186.0215235758	 NaN	 NaN	 
84.4	 97.0	 0.7	 1158186.0215235758	 NaN	 NaN	 
84.4	 98.0	 0.7	 1158186.0215235758	 NaN	 NaN	 
84.4	 99.0	 0.7	 1158186.0215235758	 NaN	 NaN	 
84.4	 100.0	 0.7	 1158186.0215235758	 NaN	 NaN	 
