t	L	rho	pS	cpl	cpd	waermeLeit	dynVis	waermeLeitLuft	dynVisLuft
300.0	 360112.17949533404	 762.93722	 71.57464337348938	 2220.3463129585434	 1652.0320087671528	 0.14403734870688822	 0.00218	 0.028399884173495593	 1.9289492722553646E-5	 
310.0	 356226.8446983174	 756.4166848	 71.57464337348938	 2251.926593395758	 1695.9230967741512	 0.14246386484160212	 0.00218	 0.028860160961421855	 1.9760697553575734E-5	 
320.0	 352343.7776190006	 749.8025232000001	 71.57464337348938	 2283.9560443550095	 1740.0146157152428	 0.14084801066496766	 0.00218	 0.029505379495113004	 2.02112599109863E-5	 
330.0	 348453.84829574754	 743.0947352000001	 71.57464337348938	 2316.441054448274	 1784.1993826703317	 0.13899640306522087	 0.00218	 0.030245412627451174	 2.064868145226805E-5	 
340.0	 344546.1358632491	 736.2933208000001	 71.57464337348938	 2349.388103153608	 1828.3797758672529	 0.13695920624672908	 0.00218	 0.03102222678653277	 2.1077926985758E-5	 
350.0	 340607.9101870438	 729.39828	 71.57464337348938	 2382.8037621075414	 1872.467309367374	 0.1348395518864436	 0.00218	 0.03180115828389063	 2.1502075440503628E-5	 
360.0	 336624.6289980714	 722.4096128	 71.57464337348938	 2416.6946964158647	 1916.3822017991681	 0.13271221110449005	 0.00218	 0.032563969908530055	 2.192284556073261E-5	 
370.0	 332579.9505272482	 715.3273192000001	 265.52714467048645	 2451.067665983053	 1960.052941336873	 0.13060591903490604	 0.00218	 0.033303427666020013	 2.234101365917692E-5	 
380.0	 328455.7616400623	 708.1513992	 622.6645300388336	 2485.929526860599	 2003.415848986753	 0.12851640506710282	 0.00218	 0.034019162018175564	 2.2756739210785435E-5	 
390.0	 324232.2214711807	 700.8818528	 1070.9205839633942	 2521.2872326145284	 2046.4146421121366	 0.12642805545078772	 0.00218	 0.03471460136011473	 2.316981258437508E-5	 
400.0	 319887.82055906724	 693.51868	 1727.0759394168854	 2557.1478357123574	 2089.00000000002	 0.1243312231301843	 0.00218	 0.03539478772076876	 2.3579837793395015E-5	 
410.0	 315399.45548060647	 686.0618807999999	 2694.810623407364	 2593.5184889297866	 2131.129133147002	 0.12222950624641271	 0.00218	 0.03606490579804955	 2.3986361798382524E-5	 
420.0	 310742.51898572996	 678.5114552000001	 4088.1887209415436	 2630.4064467773933	 2172.765357820117	 0.12013684112139345	 0.00218	 0.036729376433534355	 2.4388960613957815E-5	 
430.0	 305891.005632045	 670.8674032	 6044.164165735245	 2667.819066947622	 2213.8776773294267	 0.11806799536429935	 0.00218	 0.03739138450769275	 2.4787291260159618E-5	 
440.0	 300817.63291946286	 663.1297248000001	 8728.543701410294	 2705.7638117823562	 2254.4403713332567	 0.11602800635159838	 0.00218	 0.038052728979884876	 2.5181117453983485E-5	 
450.0	 295493.97792482364	 655.2984200000001	 12338.538089990616	 2744.2482497613555	 2294.4325943844988	 0.11400628584419792	 0.00218	 0.038713899414368314	 2.5570315860616566E-5	 
460.0	 289890.62943652115	 647.3734888000001	 17103.918290376663	 2783.2800570118743	 2333.837984816735	 0.11197950319842676	 0.00218	 0.039374298824093046	 2.5954868715160804E-5	 
470.0	 283977.3555891239	 639.3549312	 23287.868787050247	 2822.8670188397446	 2372.6442849626865	 0.10992397140148569	 0.00218	 0.040032547039935196	 2.6334847685523916E-5	 
480.0	 277723.2869979922	 631.2427472	 31187.897725343704	 2863.0170312822347	 2410.8429735940736	 0.10783308780924017	 0.00218	 0.0406868120336199	 2.671039297458906E-5	 
490.0	 271097.1153938961	 623.0369368	 41136.62089276314	 2903.738102683001	 2448.4289113720215	 0.10572842516853598	 0.00218	 0.04133512875723255	 2.7081690855240508E-5	 
500.0	 264067.3077576233	 614.7375000000001	 53501.88369488716	 2945.038355289437	 2485.399999999954	 0.10364433197833023	 0.00218	 0.041975676029188946	 2.7448952095727465E-5	 
510.0	 256602.3359545973	 606.3444368	 68685.52598309517	 2986.926026872734	 2521.756855677215	 0.10155537823197847	 0.00218	 0.04260699186965411	 2.7812393063646515E-5	 
520.0	 248670.92186948218	 597.8577472000001	 87120.12237668037	 3029.4094723710023	 2557.502497360757	 0.10089999751767209	 0.00218	 0.0432281164170476	 2.8172220697396367E-5	 
530.0	 240242.29804079366	 589.2774312	 109263.2519390583	 3072.4971655557442	 2592.642050254748	 0.10089999751767209	 0.00218	 0.04383865916422991	 2.8528622000343804E-5	 
540.0	 231286.48379551162	 580.6034887999999	 135589.2608206272	 3116.197700722039	 2627.182464863341	 0.10089999751767209	 0.00218	 0.04443879373459225	 2.88817582489116E-5	 
550.0	 221774.57688368545	 571.8359200000001	 166579.08529877663	 3160.5197944027655	 2661.1322518605693	 0.10089999751767209	 0.00218	 0.04502918877140161	 2.9231763709904892E-5	 
560.0	 211679.06061305333	 562.9747248000001	 202709.49128556252	 3205.472287107209	 2694.5012329530637	 0.10089999751767209	 0.00218	 0.0456108877482464	 2.9578748332111603E-5	 
570.0	 200974.1264836486	 554.0199032	 244444.07364869118	 3251.064145084391	 2727.300307836157	 0.10089999751767209	 0.00218	 0.04618515359826603	 2.9922803618860085E-5	 
580.0	 189636.01232242334	 544.9714552	 292229.527128458	 3297.3044621114827	 2759.541237271993	 0.10089999751767209	 0.00218	 0.04675329604577172	 3.026401069339301E-5	 
590.0	 177643.35591786145	 535.8293808000001	 346502.0712339878	 3344.202461307658	 2791.236442249461	 0.10089999751767209	 0.00218	 0.04731650036691093	 3.0602449446417274E-5	 
600.0	 164977.5641546027	 526.5936800000001	 407710.45902466774	 3391.7674969737354	 2822.3988191198414	 0.10089999751767209	 0.00218	 0.04787567603124643	 3.0938207596687014E-5	 
610.0	 151623.19764805894	 517.2643528000001	 476363.7527296543	 3440.0090564580014	 2853.0415705397627	 0.10089999751767209	 0.00218	 0.04843134227453305	 3.127138850833372E-5	 
620.0	 137568.3708790426	 507.84139919999996	 553113.9794952869	 3488.9367620485527	 2883.17805199332	 0.10089999751767209	 0.00218	 0.04898356510754098	 3.1602116686700057E-5	 
630.0	 122805.16782837402	 498.3248192000001	 638885.910681963	 3538.5603728925685	 2912.821633609069	 0.10089999751767209	 0.00218	 0.049531956637402175	 3.193054002340859E-5	 
640.0	 107330.07311151299	 488.71461280000005	 735068.5255768299	 3588.8897869428747	 2941.9855769342685	 0.10089999751767209	 0.00218	 0.05007574276223892	 3.2256828074696416E-5	 
650.0	 91144.41861315054	 479.01078000000007	 843785.2280571461	 3639.935042932195	 2970.682926278677	 0.10089999751767209	 0.00218	 0.05061389942192562	 3.258116594223365E-5	 
660.0	 74254.84562182712	 469.21332080000013	 968262.5828354359	 3691.706322375479	 2998.926414193429	 0.10089999751767209	 0.00218	 0.05114535051566094	 3.290374367534378E-5	 
670.0	 56673.78246450267	 459.3222352000001	 1113320.2289040089	 3744.213951600719	 3026.7283806062824	 0.10089999751767209	 0.00218	 0.05166921248103762	 3.322474153381828E-5	 
680.0	 38419.937641131924	 449.3375232000001	 1286007.710757494	 3797.468403808639	 3054.1007050944454	 0.10089999751767209	 0.00218	 0.05218506118270483	 3.354431193832005E-5	 
690.0	 19518.808459209627	 439.2591848	 1496417.2312691212	 3851.480301161688	 3081.0547517379055	 0.10089999751767209	 0.00218	 0.05269318642704235	 3.38625594887733E-5	 
700.0	 0.0	 429.08722	 1620000.0006878376	 3906.2604169027427	 3107.601325962376	 0.10089999751767209	 0.00218	 0.05319478773231623	 3.417952105429689E-5	 
710.0	 0.0	 418.8216288000001	 1620000.0006878376	 3961.8196775039432	 3133.75064274922	 0.10089999751767209	 0.00218	 0.05369205254149989	 3.449514863464122E-5	 
720.0	 0.0	 408.4624112	 1620000.0006878376	 4018.1691648460946	 3159.512305561895	 0.10089999751767209	 0.00218	 0.054188044023767645	 3.4809298442345176E-5	 
730.0	 0.0	 398.0095672	 1620000.0006878376	 4075.320118429062	 3184.8952953128564	 0.10089999751767209	 0.00218	 0.05468631083372344	 3.5121730493528776E-5	 
740.0	 0.0	 387.46309680000013	 1620000.0006878376	 4133.283937613613	 3209.907968673582	 0.10089999751767209	 0.00218	 0.055190115192750966	 3.54321238795781E-5	 
750.0	 0.0	 376.823	 1620000.0006878376	 4192.072183895132	 3234.5580650113043	 0.10089999751767209	 0.00218	 0.05570115830165179	 3.574011386487991E-5	 
760.0	 0.0	 366.0892768000001	 1620000.0006878376	 4251.696583209695	 3258.852721219989	 0.10089999751767209	 0.00218	 0.056217663975679955	 3.604535797810339E-5	 
770.0	 0.0	 355.2619272	 1620000.0006878376	 4312.169028272914	 3282.798493701155	 0.10089999751767209	 0.00218	 0.056731661887688745	 3.634763937067473E-5	 
780.0	 0.0	 344.3409512	 1620000.0006878376	 4373.501580952084	 3306.4013867404956	 0.10089999751767209	 0.00218	 0.057225291234637155	 3.664701687893944E-5	 
790.0	 0.0	 333.3263488000001	 1620000.0006878376	 4435.706474672033	 3329.666886519596	 0.10089999751767209	 0.00218	 0.05766592400028259	 3.694403246331851E-5	 
800.0	 0.0	 322.21812	 1620000.0006878376	 4498.796116855219	 3352.5999999998166	 0.10089999751767209	 0.00218	 0.05799988419702373	 3.7239988000050696E-5	 
810.0	 0.0	 311.01626480000004	 1620000.0006878376	 4562.783091396515	 3375.2052979139416	 0.10089999751767209	 0.00218	 0.05799988419702373	 3.7239988000050696E-5	 
820.0	 0.0	 299.7207832	 1620000.0006878376	 4627.6801611732035	 3397.486961105822	 0.10089999751767209	 0.00218	 0.05799988419702373	 3.7239988000050696E-5	 
830.0	 0.0	 288.3316752	 1620000.0006878376	 4693.500270590663	 3419.4488294635976	 0.10089999751767209	 0.00218	 0.05799988419702373	 3.7239988000050696E-5	 
840.0	 0.0	 276.8489408000001	 1620000.0006878376	 4760.25654816427	 3441.094452701159	 0.10089999751767209	 0.00218	 0.05799988419702373	 3.7239988000050696E-5	 
850.0	 0.0	 265.27258000000006	 1620000.0006878376	 4827.962309138018	 3462.4271422562306	 0.10089999751767209	 0.00218	 0.05799988419702373	 3.7239988000050696E-5	 
860.0	 0.0	 253.60259280000002	 1620000.0006878376	 4896.631058140383	 3483.450023587302	 0.10089999751767209	 0.00218	 0.05799988419702373	 3.7239988000050696E-5	 
870.0	 0.0	 241.8389792000001	 1620000.0006878376	 4966.27649187797	 3504.1660881722537	 0.10089999751767209	 0.00218	 0.05799988419702373	 3.7239988000050696E-5	 
880.0	 0.0	 229.9817392	 1620000.0006878376	 5036.912501867454	 3524.578244531711	 0.10089999751767209	 0.00218	 0.05799988419702373	 3.7239988000050696E-5	 
890.0	 0.0	 218.03087280000005	 1620000.0006878376	 5108.553177206398	 3544.6893676266072	 0.10089999751767209	 0.00218	 0.05799988419702373	 3.7239988000050696E-5	 
900.0	 0.0	 205.98638000000005	 1620000.0006878376	 5181.212807383474	 3564.502346005971	 0.10089999751767209	 0.00218	 0.05799988419702373	 3.7239988000050696E-5	 
910.0	 0.0	 193.84826080000005	 1620000.0006878376	 5254.9058851286445	 3584.020126114021	 0.10089999751767209	 0.00218	 0.05799988419702373	 3.7239988000050696E-5	 
920.0	 0.0	 181.6165152000001	 1620000.0006878376	 5329.647109303897	 3603.2457531982845	 0.10089999751767209	 0.00218	 0.05799988419702373	 3.7239988000050696E-5	 
930.0	 0.0	 169.29114319999996	 1620000.0006878376	 5405.451387835086	 3622.182408299419	 0.10089999751767209	 0.00218	 0.05799988419702373	 3.7239988000050696E-5	 
940.0	 0.0	 156.87214480000006	 1620000.0006878376	 5482.333840685472	 3640.833440842993	 0.10089999751767209	 0.00218	 0.05799988419702373	 3.7239988000050696E-5	 
950.0	 0.0	 144.35952000000003	 1620000.0006878376	 5560.30980287156	 3659.2023963975216	 0.10089999751767209	 0.00218	 0.05799988419702373	 3.7239988000050696E-5	 
960.0	 0.0	 131.75326879999994	 1620000.0006878376	 5639.394827521837	 3677.2930392105773	 0.10089999751767209	 0.00218	 0.05799988419702373	 3.7239988000050696E-5	 
970.0	 0.0	 119.05339120000008	 1620000.0006878376	 5719.604688978996	 3695.109369184008	 0.10089999751767209	 0.00218	 0.05799988419702373	 3.7239988000050696E-5	 
980.0	 0.0	 106.25988720000004	 1620000.0006878376	 5800.9553859463	 3712.6556330023905	 0.10089999751767209	 0.00218	 0.05799988419702373	 3.7239988000050696E-5	 
990.0	 0.0	 93.37275680000005	 1620000.0006878376	 5883.463144678699	 3729.9363291858626	 0.10089999751767209	 0.00218	 0.05799988419702373	 3.7239988000050696E-5	 
1000.0	 0.0	 80.39200000000011	 1620000.0006878376	 5967.144422219316	 3746.9562068979676	 0.10089999751767209	 0.00218	 0.05799988419702373	 3.7239988000050696E-5	 
