t	m/m0	D/D0	T
0.001	0.999999582	1.001427284	297.1460526
0.002	0.999998977	1.002826567	301.2089082
0.003	0.999998119	1.00419929	305.1913754
0.004	0.999996927	1.005546788	309.0961131
0.005	0.999995299	1.006870299	312.9256411
0.006	0.999993113	1.008170965	316.6823507
0.007	0.999990222	1.009449845	320.3685134
0.008	0.99998645	1.010707915	323.9862895
0.009	0.999981593	1.011946074	327.5377355
0.01	0.999975415	1.013165146	331.0248116
0.011	0.999967642	1.014365887	334.4493882
0.012	0.999957966	1.015548987	337.8132517
0.013	0.999946036	1.016715073	341.1181112
0.014	0.999931462	1.017864711	344.365603
0.015	0.999913809	1.01899841	347.5572966
0.016	0.999892595	1.020116625	350.6946996
0.017	0.999867294	1.021219759	353.779262
0.018	0.999837331	1.022308164	356.812381
0.019	0.999802081	1.023382146	359.7954051
0.02	0.999760871	1.024441964	362.7296377
0.021	0.999712975	1.025487836	365.6163405
0.022	0.999657617	1.026519934	368.456737
0.023	0.99959397	1.027538396	371.2520144
0.024	0.999521154	1.028543316	374.003326
0.025	0.999438238	1.029534753	376.711793
0.026	0.999344237	1.03051273	379.3785054
0.027	0.999238115	1.031477233	382.0045228
0.028	0.999118781	1.032428214	384.5908748
0.029	0.998985091	1.033365588	387.1385607
0.03	0.99883585	1.034289239	389.6485496
0.031	0.998669807	1.035199013	392.1217793
0.032	0.998485656	1.036094722	394.5591557
0.033	0.998282038	1.036976144	396.9615521
0.034	0.998057542	1.03784302	399.3298082
0.035	0.997810698	1.038695056	401.6647289
0.036	0.997539984	1.039531922	403.9670841
0.037	0.997243825	1.040353251	406.2376074
0.038	0.996920589	1.04115864	408.4769959
0.039	0.996568594	1.041947649	410.6859095
0.04	0.996186103	1.0427198	412.8649712
0.041	0.995771328	1.043474579	415.0147665
0.042	0.995322431	1.044211435	417.135844
0.043	0.994837526	1.044929781	419.2287156
0.044	0.994314679	1.045628991	421.2938571
0.045	0.99375191	1.046308408	423.3317091
0.046	0.993147197	1.046967337	425.3426774
0.047	0.992498479	1.047605049	427.3271348
0.048	0.991803656	1.048220783	429.2854216
0.049	0.991060593	1.048813745	431.2178474
0.05	0.990267126	1.049383112	433.1246919
0.051	0.989421061	1.04992803	435.0062071
0.052	0.98852018	1.050447617	436.8626182
0.053	0.987562244	1.050940964	438.6941256
0.054	0.986544998	1.051407138	440.5009061
0.055	0.985466173	1.051845182	442.283115
0.056	0.98432349	1.052254116	444.0408873
0.057	0.983114664	1.052632941	445.7743396
0.058	0.981837409	1.052980637	447.4835713
0.059	0.980489439	1.053296169	449.1686668
0.06	0.979068474	1.053578485	450.8296963
0.061	0.97757224	1.053826519	452.4667176
0.062	0.975998478	1.05403919	454.0797775
0.063	0.974344939	1.054215407	455.6689129
0.064	0.972609393	1.054354069	457.2341521
0.065	0.970789627	1.054454062	458.7755161
0.066	0.968883451	1.054514266	460.2930192
0.067	0.966888696	1.054533552	461.7866704
0.068	0.964803217	1.054510781	463.2564739
0.069	0.962624896	1.05444481	464.7024299
0.07	0.960351638	1.054334487	466.1245355
0.071	0.957981374	1.054178653	467.5227846
0.072	0.955512063	1.053976142	468.897169
0.073	0.952941688	1.053725779	470.2476781
0.074	0.950268256	1.053426382	471.5742994
0.075	0.947489798	1.053076759	472.8770186
0.076	0.944604368	1.052675708	474.1558195
0.077	0.94161004	1.052222016	475.4106839
0.078	0.938504902	1.051714456	476.6415913
0.079	0.935287063	1.051151786	477.8485188
0.08	0.93195464	1.050532749	479.0314403
0.081	0.928505762	1.049856067	480.1903266
0.082	0.92493856	1.049120443	481.3251441
0.083	0.921251171	1.048324554	482.4358546
0.084	0.917441726	1.047467052	483.5224146
0.085	0.913508351	1.046546558	484.584774
0.086	0.909449159	1.045561659	485.6228754
0.087	0.905262249	1.044510906	486.6366533
0.088	0.900945694	1.043392808	487.6260324
0.089	0.896497544	1.042205831	488.5909271
0.09	0.891915815	1.04094839	489.5312398
0.091	0.887198485	1.039618845	490.4468596
0.092	0.882343489	1.038215498	491.3376611
0.093	0.877348712	1.036736587	492.2035027
0.094	0.872211987	1.035180281	493.0442252
0.095	0.866931089	1.033544675	493.8596504
0.096	0.861503731	1.031827786	494.6495795
0.097	0.855927561	1.030027545	495.4137913
0.098	0.850200163	1.028141796	496.1520415
0.099	0.844319059	1.026168293	496.864061
0.1	0.838281712	1.024104695	497.5495552
0.101	0.832085536	1.021948568	498.2082037
0.102	0.825727912	1.019697388	498.8396601
0.103	0.819206207	1.017348545	499.4435535
0.104	0.812517812	1.014899352	500.0194907
0.105	0.805660185	1.012347068	500.5670602
0.106	0.798630909	1.00968892	501.0858384
0.107	0.791427782	1.00692214	501.5753991
0.108	0.784048921	1.004044018	502.035326
0.109	0.776492903	1.001051972	502.4652311
0.11	0.768758942	0.997943635	502.864778
0.111	0.7608471	0.994716974	503.2337115
0.112	0.752758547	0.991370427	503.5718961
0.113	0.744495846	0.98790307	503.8793591
0.114	0.736063264	0.984314801	504.1563411
0.115	0.727467064	0.980606526	504.4033473
0.116	0.718715759	0.976780333	504.6211953
0.117	0.70982025	0.972839614	504.8110507
0.118	0.700793807	0.968789115	504.9744418
0.119	0.691651834	0.964634867	505.1132437
0.12	0.68241142	0.960383994	505.2296288
0.121	0.673090694	0.956044414	505.3259844
0.122	0.663708065	0.951624449	505.4048081
0.123	0.65428146	0.947132417	505.4685953
0.124	0.644827663	0.942576259	505.5197351
0.125	0.635361833	0.937963251	505.5604287
0.126	0.625897225	0.933299808	505.5926355
0.127	0.616445109	0.928591404	505.6180483
0.128	0.607014844	0.923842573	505.6380926
0.129	0.597614049	0.919056967	505.6539425
0.13	0.588248829	0.914237453	505.6665484
0.131	0.578924018	0.909386226	505.6766672
0.132	0.569643408	0.904504918	505.6848947
0.133	0.560409958	0.899594703	505.6916945
0.134	0.551225973	0.894656385	505.6974243
0.135	0.542093246	0.889690476	505.7023582
0.136	0.533013185	0.884697256	505.7067044
0.137	0.523986898	0.879676828	505.7106203
0.138	0.515015273	0.87462915	505.7142244
0.139	0.506099034	0.869554072	505.7176054
0.14	0.49723878	0.864451358	505.7208292
0.141	0.488435023	0.859320704	505.7239449
0.142	0.479688209	0.854161749	505.7269887
0.143	0.47099874	0.848974091	505.7299873
0.144	0.462366985	0.843757289	505.7329603
0.145	0.45379329	0.838510869	505.7359222
0.146	0.445277988	0.833234332	505.7388835
0.147	0.436821403	0.827927154	505.7418521
0.148	0.428423853	0.822588784	505.7448335
0.149	0.420085657	0.817218653	505.7478321
0.15	0.411807132	0.811816168	505.7508511
0.151	0.403588598	0.806380714	505.7538928
0.152	0.395430379	0.800911656	505.7569592
0.153	0.387332804	0.795408334	505.7600518
0.154	0.379296204	0.789870069	505.7631719
0.155	0.371320919	0.784296154	505.7663205
0.156	0.363407294	0.77868586	505.7694987
0.157	0.355555681	0.773038431	505.7727074
0.158	0.347766438	0.767353086	505.7759474
0.159	0.34003993	0.761629014	505.7792196
0.16	0.332376531	0.755865375	505.7825248
0.161	0.324776622	0.750061298	505.7858639
0.162	0.317240594	0.74421588	505.7892379
0.163	0.309768843	0.738328182	505.7926476
0.164	0.302361776	0.73239723	505.7960939
0.165	0.295019811	0.726422013	505.7995779
0.166	0.287743373	0.720401477	505.8031005
0.167	0.280532897	0.714334526	505.8066628
0.168	0.273388831	0.708220021	505.810266
0.169	0.26631163	0.702056774	505.8139111
0.17	0.259301764	0.695843546	505.8175995
0.171	0.252359712	0.689579045	505.8213322
0.172	0.245485967	0.683261921	505.8251108
0.173	0.238681035	0.676890764	505.8289365
0.174	0.231945434	0.670464102	505.8328108
0.175	0.225279696	0.663980391	505.8367352
0.176	0.218684369	0.657438015	505.8407114
0.177	0.212160016	0.650835281	505.844741
0.178	0.205707215	0.64417041	505.8488259
0.179	0.199326563	0.637441537	505.8529678
0.18	0.193018672	0.630646699	505.8571688
0.181	0.186784175	0.623783829	505.861431
0.182	0.180623724	0.616850753	505.8657566
0.183	0.17453799	0.609845174	505.8701479
0.184	0.168527668	0.60276467	505.8746074
0.185	0.162593476	0.595606677	505.8791377
0.186	0.156736155	0.588368483	505.8837417
0.187	0.150956472	0.581047214	505.8884224
0.188	0.145255222	0.573639816	505.8931828
0.189	0.13963323	0.566143045	505.8980265
0.19	0.134091349	0.558553448	505.9029571
0.191	0.128630468	0.55086734	505.9079785
0.192	0.123251509	0.543080785	505.9130948
0.193	0.117955432	0.535189573	505.9183107
0.194	0.112743237	0.527189187	505.9236308
0.195	0.107615969	0.519074778	505.9290605
0.196	0.102574715	0.510841121	505.9346056
0.197	0.097620616	0.50248258	505.940272
0.198	0.092754865	0.493993058	505.9460666
0.199	0.087978713	0.485365943	505.9519967
0.2	0.083293475	0.476594047	505.9580703
0.201	0.078700534	0.467669526	505.9642963
0.202	0.074201348	0.458583802	505.9706842
0.203	0.069797458	0.449327458	505.9772449
0.204	0.065490495	0.439890116	505.9839903
0.205	0.06128219	0.4302603	505.9909336
0.206	0.057174382	0.420425262	505.9980898
0.207	0.053169036	0.410370774	506.0054755
0.208	0.049268252	0.400080877	506.0131098
0.209	0.045474286	0.38953757	506.0210142
0.21	0.041789566	0.378720426	506.0292134
0.211	0.03821672	0.367606103	506.037736
0.212	0.034758602	0.35616773	506.0466152
0.213	0.031418329	0.344374105	506.0558902
0.214	0.028199323	0.332188652	506.0656073
0.215	0.025105368	0.319568026	506.0758222
0.216	0.022140674	0.306460214	506.0866027
0.217	0.019309968	0.292801889	506.0980327
0.218	0.016618614	0.27851463	506.110218
0.219	0.014072767	0.263499334	506.1232946
0.22	0.011679594	0.247627656	506.1374425
0.221	0.009447589	0.230728255	506.1529076
0.222	0.007387054	0.212563407	506.1700408
0.223	0.005510851	0.192786141	506.1893698
0.224	0.003835708	0.17085343	506.2117527
0.225	0.002384705	0.145823276	506.2387502
0.226	0.001192885	0.115759596	506.2738151
0.227	 NaN	 NaN	 NaN
0.228	 NaN	 NaN	 NaN
0.229	 NaN	 NaN	 NaN
0.23	 NaN	 NaN	 NaN
0.231	 NaN	 NaN	 NaN
0.232	 NaN	 NaN	 NaN
0.233	 NaN	 NaN	 NaN
0.234	 NaN	 NaN	 NaN
0.235	 NaN	 NaN	 NaN
0.236	 NaN	 NaN	 NaN
0.237	 NaN	 NaN	 NaN
0.238	 NaN	 NaN	 NaN
0.239	 NaN	 NaN	 NaN
0.24	 NaN	 NaN	 NaN
0.241	 NaN	 NaN	 NaN
0.242	 NaN	 NaN	 NaN
0.243	 NaN	 NaN	 NaN
0.244	 NaN	 NaN	 NaN
0.245	 NaN	 NaN	 NaN
0.246	 NaN	 NaN	 NaN
0.247	 NaN	 NaN	 NaN
0.248	 NaN	 NaN	 NaN
0.249	 NaN	 NaN	 NaN
0.25	 NaN	 NaN	 NaN
0.251	 NaN	 NaN	 NaN
0.252	 NaN	 NaN	 NaN
0.253	 NaN	 NaN	 NaN
0.254	 NaN	 NaN	 NaN
0.255	 NaN	 NaN	 NaN
0.256	 NaN	 NaN	 NaN
0.257	 NaN	 NaN	 NaN
0.258	 NaN	 NaN	 NaN
0.259	 NaN	 NaN	 NaN
0.26	 NaN	 NaN	 NaN
0.261	 NaN	 NaN	 NaN
0.262	 NaN	 NaN	 NaN
0.263	 NaN	 NaN	 NaN
0.264	 NaN	 NaN	 NaN
0.265	 NaN	 NaN	 NaN
0.266	 NaN	 NaN	 NaN
0.267	 NaN	 NaN	 NaN
0.268	 NaN	 NaN	 NaN
0.269	 NaN	 NaN	 NaN
0.27	 NaN	 NaN	 NaN
0.271	 NaN	 NaN	 NaN
0.272	 NaN	 NaN	 NaN
0.273	 NaN	 NaN	 NaN
0.274	 NaN	 NaN	 NaN
0.275	 NaN	 NaN	 NaN
0.276	 NaN	 NaN	 NaN
0.277	 NaN	 NaN	 NaN
0.278	 NaN	 NaN	 NaN
0.279	 NaN	 NaN	 NaN
0.28	 NaN	 NaN	 NaN
0.281	 NaN	 NaN	 NaN
0.282	 NaN	 NaN	 NaN
0.283	 NaN	 NaN	 NaN
0.284	 NaN	 NaN	 NaN
0.285	 NaN	 NaN	 NaN
0.286	 NaN	 NaN	 NaN
0.287	 NaN	 NaN	 NaN
0.288	 NaN	 NaN	 NaN
0.289	 NaN	 NaN	 NaN
0.29	 NaN	 NaN	 NaN
0.291	 NaN	 NaN	 NaN
0.292	 NaN	 NaN	 NaN
0.293	 NaN	 NaN	 NaN
0.294	 NaN	 NaN	 NaN
0.295	 NaN	 NaN	 NaN
0.296	 NaN	 NaN	 NaN
0.297	 NaN	 NaN	 NaN
0.298	 NaN	 NaN	 NaN
0.299	 NaN	 NaN	 NaN
0.3	 NaN	 NaN	 NaN
0.301	 NaN	 NaN	 NaN
0.302	 NaN	 NaN	 NaN
0.303	 NaN	 NaN	 NaN
0.304	 NaN	 NaN	 NaN
0.305	 NaN	 NaN	 NaN
0.306	 NaN	 NaN	 NaN
0.307	 NaN	 NaN	 NaN
0.308	 NaN	 NaN	 NaN
0.309	 NaN	 NaN	 NaN
0.31	 NaN	 NaN	 NaN
0.311	 NaN	 NaN	 NaN
0.312	 NaN	 NaN	 NaN
0.313	 NaN	 NaN	 NaN
0.314	 NaN	 NaN	 NaN
0.315	 NaN	 NaN	 NaN
0.316	 NaN	 NaN	 NaN
0.317	 NaN	 NaN	 NaN
0.318	 NaN	 NaN	 NaN
0.319	 NaN	 NaN	 NaN
0.32	 NaN	 NaN	 NaN
0.321	 NaN	 NaN	 NaN
0.322	 NaN	 NaN	 NaN
0.323	 NaN	 NaN	 NaN
0.324	 NaN	 NaN	 NaN
0.325	 NaN	 NaN	 NaN
0.326	 NaN	 NaN	 NaN
0.327	 NaN	 NaN	 NaN
0.328	 NaN	 NaN	 NaN
0.329	 NaN	 NaN	 NaN
0.33	 NaN	 NaN	 NaN
0.331	 NaN	 NaN	 NaN
0.332	 NaN	 NaN	 NaN
0.333	 NaN	 NaN	 NaN
0.334	 NaN	 NaN	 NaN
0.335	 NaN	 NaN	 NaN
0.336	 NaN	 NaN	 NaN
0.337	 NaN	 NaN	 NaN
0.338	 NaN	 NaN	 NaN
0.339	 NaN	 NaN	 NaN
0.34	 NaN	 NaN	 NaN
0.341	 NaN	 NaN	 NaN
0.342	 NaN	 NaN	 NaN
0.343	 NaN	 NaN	 NaN
0.344	 NaN	 NaN	 NaN
0.345	 NaN	 NaN	 NaN
0.346	 NaN	 NaN	 NaN
0.347	 NaN	 NaN	 NaN
0.348	 NaN	 NaN	 NaN
0.349	 NaN	 NaN	 NaN
0.35	 NaN	 NaN	 NaN
0.351	 NaN	 NaN	 NaN
0.352	 NaN	 NaN	 NaN
0.353	 NaN	 NaN	 NaN
0.354	 NaN	 NaN	 NaN
0.355	 NaN	 NaN	 NaN
0.356	 NaN	 NaN	 NaN
0.357	 NaN	 NaN	 NaN
0.358	 NaN	 NaN	 NaN
0.359	 NaN	 NaN	 NaN
0.36	 NaN	 NaN	 NaN
0.361	 NaN	 NaN	 NaN
0.362	 NaN	 NaN	 NaN
0.363	 NaN	 NaN	 NaN
0.364	 NaN	 NaN	 NaN
0.365	 NaN	 NaN	 NaN
0.366	 NaN	 NaN	 NaN
0.367	 NaN	 NaN	 NaN
0.368	 NaN	 NaN	 NaN
0.369	 NaN	 NaN	 NaN
0.37	 NaN	 NaN	 NaN
0.371	 NaN	 NaN	 NaN
0.372	 NaN	 NaN	 NaN
0.373	 NaN	 NaN	 NaN
0.374	 NaN	 NaN	 NaN
0.375	 NaN	 NaN	 NaN
0.376	 NaN	 NaN	 NaN
0.377	 NaN	 NaN	 NaN
0.378	 NaN	 NaN	 NaN
0.379	 NaN	 NaN	 NaN
0.38	 NaN	 NaN	 NaN
0.381	 NaN	 NaN	 NaN
0.382	 NaN	 NaN	 NaN
0.383	 NaN	 NaN	 NaN
0.384	 NaN	 NaN	 NaN
0.385	 NaN	 NaN	 NaN
0.386	 NaN	 NaN	 NaN
0.387	 NaN	 NaN	 NaN
0.388	 NaN	 NaN	 NaN
0.389	 NaN	 NaN	 NaN
0.39	 NaN	 NaN	 NaN
0.391	 NaN	 NaN	 NaN
0.392	 NaN	 NaN	 NaN
0.393	 NaN	 NaN	 NaN
0.394	 NaN	 NaN	 NaN
0.395	 NaN	 NaN	 NaN
0.396	 NaN	 NaN	 NaN
0.397	 NaN	 NaN	 NaN
0.398	 NaN	 NaN	 NaN
0.399	 NaN	 NaN	 NaN
0.4	 NaN	 NaN	 NaN
0.401	 NaN	 NaN	 NaN
0.402	 NaN	 NaN	 NaN
0.403	 NaN	 NaN	 NaN
0.404	 NaN	 NaN	 NaN
0.405	 NaN	 NaN	 NaN
0.406	 NaN	 NaN	 NaN
0.407	 NaN	 NaN	 NaN
0.408	 NaN	 NaN	 NaN
0.409	 NaN	 NaN	 NaN
0.41	 NaN	 NaN	 NaN
0.411	 NaN	 NaN	 NaN
0.412	 NaN	 NaN	 NaN
0.413	 NaN	 NaN	 NaN
0.414	 NaN	 NaN	 NaN
0.415	 NaN	 NaN	 NaN
0.416	 NaN	 NaN	 NaN
0.417	 NaN	 NaN	 NaN
0.418	 NaN	 NaN	 NaN
0.419	 NaN	 NaN	 NaN
0.42	 NaN	 NaN	 NaN
0.421	 NaN	 NaN	 NaN
0.422	 NaN	 NaN	 NaN
0.423	 NaN	 NaN	 NaN
0.424	 NaN	 NaN	 NaN
0.425	 NaN	 NaN	 NaN
0.426	 NaN	 NaN	 NaN
0.427	 NaN	 NaN	 NaN
0.428	 NaN	 NaN	 NaN
0.429	 NaN	 NaN	 NaN
0.43	 NaN	 NaN	 NaN
0.431	 NaN	 NaN	 NaN
0.432	 NaN	 NaN	 NaN
0.433	 NaN	 NaN	 NaN
0.434	 NaN	 NaN	 NaN
0.435	 NaN	 NaN	 NaN
0.436	 NaN	 NaN	 NaN
0.437	 NaN	 NaN	 NaN
0.438	 NaN	 NaN	 NaN
0.439	 NaN	 NaN	 NaN
0.44	 NaN	 NaN	 NaN
0.441	 NaN	 NaN	 NaN
0.442	 NaN	 NaN	 NaN
0.443	 NaN	 NaN	 NaN
0.444	 NaN	 NaN	 NaN
0.445	 NaN	 NaN	 NaN
0.446	 NaN	 NaN	 NaN
0.447	 NaN	 NaN	 NaN
0.448	 NaN	 NaN	 NaN
0.449	 NaN	 NaN	 NaN
0.45	 NaN	 NaN	 NaN
0.451	 NaN	 NaN	 NaN
0.452	 NaN	 NaN	 NaN
0.453	 NaN	 NaN	 NaN
0.454	 NaN	 NaN	 NaN
0.455	 NaN	 NaN	 NaN
0.456	 NaN	 NaN	 NaN
0.457	 NaN	 NaN	 NaN
0.458	 NaN	 NaN	 NaN
0.459	 NaN	 NaN	 NaN
0.46	 NaN	 NaN	 NaN
0.461	 NaN	 NaN	 NaN
0.462	 NaN	 NaN	 NaN
0.463	 NaN	 NaN	 NaN
0.464	 NaN	 NaN	 NaN
0.465	 NaN	 NaN	 NaN
0.466	 NaN	 NaN	 NaN
0.467	 NaN	 NaN	 NaN
0.468	 NaN	 NaN	 NaN
0.469	 NaN	 NaN	 NaN
0.47	 NaN	 NaN	 NaN
0.471	 NaN	 NaN	 NaN
0.472	 NaN	 NaN	 NaN
0.473	 NaN	 NaN	 NaN
0.474	 NaN	 NaN	 NaN
0.475	 NaN	 NaN	 NaN
0.476	 NaN	 NaN	 NaN
0.477	 NaN	 NaN	 NaN
0.478	 NaN	 NaN	 NaN
0.479	 NaN	 NaN	 NaN
0.48	 NaN	 NaN	 NaN
0.481	 NaN	 NaN	 NaN
0.482	 NaN	 NaN	 NaN
0.483	 NaN	 NaN	 NaN
0.484	 NaN	 NaN	 NaN
0.485	 NaN	 NaN	 NaN
0.486	 NaN	 NaN	 NaN
0.487	 NaN	 NaN	 NaN
0.488	 NaN	 NaN	 NaN
0.489	 NaN	 NaN	 NaN
0.49	 NaN	 NaN	 NaN
0.491	 NaN	 NaN	 NaN
0.492	 NaN	 NaN	 NaN
0.493	 NaN	 NaN	 NaN
0.494	 NaN	 NaN	 NaN
0.495	 NaN	 NaN	 NaN
0.496	 NaN	 NaN	 NaN
0.497	 NaN	 NaN	 NaN
0.498	 NaN	 NaN	 NaN
0.499	 NaN	 NaN	 NaN
0.5	 NaN	 NaN	 NaN
0.501	 NaN	 NaN	 NaN
0.502	 NaN	 NaN	 NaN
0.503	 NaN	 NaN	 NaN
0.504	 NaN	 NaN	 NaN
0.505	 NaN	 NaN	 NaN
0.506	 NaN	 NaN	 NaN
0.507	 NaN	 NaN	 NaN
0.508	 NaN	 NaN	 NaN
0.509	 NaN	 NaN	 NaN
0.51	 NaN	 NaN	 NaN
0.511	 NaN	 NaN	 NaN
0.512	 NaN	 NaN	 NaN
0.513	 NaN	 NaN	 NaN
0.514	 NaN	 NaN	 NaN
0.515	 NaN	 NaN	 NaN
0.516	 NaN	 NaN	 NaN
0.517	 NaN	 NaN	 NaN
0.518	 NaN	 NaN	 NaN
0.519	 NaN	 NaN	 NaN
0.52	 NaN	 NaN	 NaN
0.521	 NaN	 NaN	 NaN
0.522	 NaN	 NaN	 NaN
0.523	 NaN	 NaN	 NaN
0.524	 NaN	 NaN	 NaN
0.525	 NaN	 NaN	 NaN
0.526	 NaN	 NaN	 NaN
0.527	 NaN	 NaN	 NaN
0.528	 NaN	 NaN	 NaN
0.529	 NaN	 NaN	 NaN
0.53	 NaN	 NaN	 NaN
0.531	 NaN	 NaN	 NaN
0.532	 NaN	 NaN	 NaN
0.533	 NaN	 NaN	 NaN
0.534	 NaN	 NaN	 NaN
0.535	 NaN	 NaN	 NaN
0.536	 NaN	 NaN	 NaN
0.537	 NaN	 NaN	 NaN
0.538	 NaN	 NaN	 NaN
0.539	 NaN	 NaN	 NaN
0.54	 NaN	 NaN	 NaN
0.541	 NaN	 NaN	 NaN
0.542	 NaN	 NaN	 NaN
0.543	 NaN	 NaN	 NaN
0.544	 NaN	 NaN	 NaN
0.545	 NaN	 NaN	 NaN
0.546	 NaN	 NaN	 NaN
0.547	 NaN	 NaN	 NaN
0.548	 NaN	 NaN	 NaN
0.549	 NaN	 NaN	 NaN
0.55	 NaN	 NaN	 NaN
0.551	 NaN	 NaN	 NaN
0.552	 NaN	 NaN	 NaN
0.553	 NaN	 NaN	 NaN
0.554	 NaN	 NaN	 NaN
0.555	 NaN	 NaN	 NaN
0.556	 NaN	 NaN	 NaN
0.557	 NaN	 NaN	 NaN
0.558	 NaN	 NaN	 NaN
0.559	 NaN	 NaN	 NaN
0.56	 NaN	 NaN	 NaN
0.561	 NaN	 NaN	 NaN
0.562	 NaN	 NaN	 NaN
0.563	 NaN	 NaN	 NaN
0.564	 NaN	 NaN	 NaN
0.565	 NaN	 NaN	 NaN
0.566	 NaN	 NaN	 NaN
0.567	 NaN	 NaN	 NaN
0.568	 NaN	 NaN	 NaN
0.569	 NaN	 NaN	 NaN
0.57	 NaN	 NaN	 NaN
0.571	 NaN	 NaN	 NaN
0.572	 NaN	 NaN	 NaN
0.573	 NaN	 NaN	 NaN
0.574	 NaN	 NaN	 NaN
0.575	 NaN	 NaN	 NaN
0.576	 NaN	 NaN	 NaN
0.577	 NaN	 NaN	 NaN
0.578	 NaN	 NaN	 NaN
0.579	 NaN	 NaN	 NaN
0.58	 NaN	 NaN	 NaN
0.581	 NaN	 NaN	 NaN
0.582	 NaN	 NaN	 NaN
0.583	 NaN	 NaN	 NaN
0.584	 NaN	 NaN	 NaN
0.585	 NaN	 NaN	 NaN
0.586	 NaN	 NaN	 NaN
0.587	 NaN	 NaN	 NaN
0.588	 NaN	 NaN	 NaN
0.589	 NaN	 NaN	 NaN
0.59	 NaN	 NaN	 NaN
0.591	 NaN	 NaN	 NaN
0.592	 NaN	 NaN	 NaN
0.593	 NaN	 NaN	 NaN
0.594	 NaN	 NaN	 NaN
0.595	 NaN	 NaN	 NaN
0.596	 NaN	 NaN	 NaN
0.597	 NaN	 NaN	 NaN
0.598	 NaN	 NaN	 NaN
0.599	 NaN	 NaN	 NaN
0.6	 NaN	 NaN	 NaN
