Kurbelwinkel [°KW]	p [bar]	dQb [J/s]	Kurbelwinkel [°KW]
[KWnZOT]	[bar]	[bar]	[bar]
-149	1.06	0	-150
-148.9	1.060457904	0	-149.9
-148.8	1.060917654	0	-149.8
-148.7	1.061379252	0	-149.7
-148.6	1.061842702	0	-149.6
-148.5	1.062308007	0	-149.5
-148.4	1.062775172	0	-149.4
-148.3	1.063244201	0	-149.3
-148.2	1.063715095	0	-149.2
-148.1	1.064187861	0	-149.1
-148	1.0646625	0	-149
-147.9	1.065139017	0	-148.9
-147.8	1.065617416	0	-148.8
-147.7	1.0660977	0	-148.7
-147.6	1.066579874	0	-148.6
-147.5	1.06706394	0	-148.5
-147.4	1.067549904	0	-148.4
-147.3	1.068037767	0	-148.3
-147.2	1.068527536	0	-148.2
-147.1	1.069019212	0	-148.1
-147	1.069512801	0	-148
-146.9	1.070008306	0	-147.9
-146.8	1.070505731	0	-147.8
-146.7	1.071005081	0	-147.7
-146.6	1.071506358	0	-147.6
-146.5	1.072009567	0	-147.5
-146.4	1.072514712	0	-147.4
-146.3	1.073021797	0	-147.3
-146.2	1.073530825	0	-147.2
-146.1	1.074041802	0	-147.1
-146	1.074554731	0	-147
-145.9	1.075069616	0	-146.9
-145.8	1.075586462	0	-146.8
-145.7	1.076105272	0	-146.7
-145.6	1.07662605	0	-146.6
-145.5	1.077148801	0	-146.5
-145.4	1.077673529	0	-146.4
-145.3	1.078200238	0	-146.3
-145.2	1.078728932	0	-146.2
-145.1	1.079259616	0	-146.1
-145	1.079792293	0	-146
-144.9	1.080326969	0	-145.9
-144.8	1.080863647	0	-145.8
-144.7	1.081402331	0	-145.7
-144.6	1.081943026	0	-145.6
-144.5	1.082485737	0	-145.5
-144.4	1.083030467	0	-145.4
-144.3	1.083577221	0	-145.3
-144.2	1.084126004	0	-145.2
-144.1	1.08467682	0	-145.1
-144	1.085229673	0	-145
-143.9	1.085784567	0	-144.9
-143.8	1.086341508	0	-144.8
-143.7	1.0869005	0	-144.7
-143.6	1.087461547	0	-144.6
-143.5	1.088024653	0	-144.5
-143.4	1.088589824	0	-144.4
-143.3	1.089157064	0	-144.3
-143.2	1.089726377	0	-144.2
-143.1	1.090297769	0	-144.1
-143	1.090871243	0	-144
-142.9	1.091446805	0	-143.9
-142.8	1.092024459	0	-143.8
-142.7	1.092604209	0	-143.7
-142.6	1.093186061	0	-143.6
-142.5	1.09377002	0	-143.5
-142.4	1.094356089	0	-143.4
-142.3	1.094944275	0	-143.3
-142.2	1.09553458	0	-143.2
-142.1	1.096127012	0	-143.1
-142	1.096721573	0	-143
-141.9	1.09731827	0	-142.9
-141.8	1.097917106	0	-142.8
-141.7	1.098518088	0	-142.7
-141.6	1.099121219	0	-142.6
-141.5	1.099726505	0	-142.5
-141.4	1.100333951	0	-142.4
-141.3	1.100943562	0	-142.3
-141.2	1.101555342	0	-142.2
-141.1	1.102169298	0	-142.1
-141	1.102785433	0	-142
-140.9	1.103403753	0	-141.9
-140.8	1.104024262	0	-141.8
-140.7	1.104646968	0	-141.7
-140.6	1.105271873	0	-141.6
-140.5	1.105898984	0	-141.5
-140.4	1.106528305	0	-141.4
-140.3	1.107159842	0	-141.3
-140.2	1.1077936	0	-141.2
-140.1	1.108429585	0	-141.1
-140	1.109067801	0	-141
-139.9	1.109708254	0	-140.9
-139.8	1.110350949	0	-140.8
-139.7	1.110995892	0	-140.7
-139.6	1.111643087	0	-140.6
-139.5	1.112292541	0	-140.5
-139.4	1.112944258	0	-140.4
-139.3	1.113598245	0	-140.3
-139.2	1.114254506	0	-140.2
-139.1	1.114913047	0	-140.1
-139	1.115573874	0	-140
-138.9	1.116236991	0	-139.9
-138.8	1.116902406	0	-139.8
-138.7	1.117570122	0	-139.7
-138.6	1.118240146	0	-139.6
-138.5	1.118912484	0	-139.5
-138.4	1.119587141	0	-139.4
-138.3	1.120264122	0	-139.3
-138.2	1.120943434	0	-139.2
-138.1	1.121625082	0	-139.1
-138	1.122309071	0	-139
-137.9	1.122995409	0	-138.9
-137.8	1.123684099	0	-138.8
-137.7	1.124375149	0	-138.7
-137.6	1.125068564	0	-138.6
-137.5	1.125764349	0	-138.5
-137.4	1.126462512	0	-138.4
-137.3	1.127163057	0	-138.3
-137.2	1.127865991	0	-138.2
-137.1	1.128571319	0	-138.1
-137	1.129279047	0	-138
-136.9	1.129989183	0	-137.9
-136.8	1.130701731	0	-137.8
-136.7	1.131416697	0	-137.7
-136.6	1.132134088	0	-137.6
-136.5	1.13285391	0	-137.5
-136.4	1.133576169	0	-137.4
-136.3	1.134300871	0	-137.3
-136.2	1.135028023	0	-137.2
-136.1	1.135757629	0	-137.1
-136	1.136489698	0	-137
-135.9	1.137224234	0	-136.9
-135.8	1.137961245	0	-136.8
-135.7	1.138700737	0	-136.7
-135.6	1.139442715	0	-136.6
-135.5	1.140187187	0	-136.5
-135.4	1.140934158	0	-136.4
-135.3	1.141683636	0	-136.3
-135.2	1.142435626	0	-136.2
-135.1	1.143190135	0	-136.1
-135	1.14394717	0	-136
-134.9	1.144706736	0	-135.9
-134.8	1.145468842	0	-135.8
-134.7	1.146233493	0	-135.7
-134.6	1.147000695	0	-135.6
-134.5	1.147770456	0	-135.5
-134.4	1.148542782	0	-135.4
-134.3	1.14931768	0	-135.3
-134.2	1.150095156	0	-135.2
-134.1	1.150875218	0	-135.1
-134	1.151657871	0	-135
-133.9	1.152443124	0	-134.9
-133.8	1.153230982	0	-134.8
-133.7	1.154021453	0	-134.7
-133.6	1.154814543	0	-134.6
-133.5	1.15561026	0	-134.5
-133.4	1.15640861	0	-134.4
-133.3	1.1572096	0	-134.3
-133.2	1.158013238	0	-134.2
-133.1	1.15881953	0	-134.1
-133	1.159628483	0	-134
-132.9	1.160440105	0	-133.9
-132.8	1.161254402	0	-133.8
-132.7	1.162071382	0	-133.7
-132.6	1.162891053	0	-133.6
-132.5	1.16371342	0	-133.5
-132.4	1.164538491	0	-133.4
-132.3	1.165366275	0	-133.3
-132.2	1.166196777	0	-133.2
-132.1	1.167030005	0	-133.1
-132	1.167865968	0	-133
-131.9	1.168704671	0	-132.9
-131.8	1.169546123	0	-132.8
-131.7	1.17039033	0	-132.7
-131.6	1.171237301	0	-132.6
-131.5	1.172087043	0	-132.5
-131.4	1.172939564	0	-132.4
-131.3	1.17379487	0	-132.3
-131.2	1.17465297	0	-132.2
-131.1	1.175513871	0	-132.1
-131	1.176377582	0	-132
-130.9	1.177244109	0	-131.9
-130.8	1.17811346	0	-131.8
-130.7	1.178985644	0	-131.7
-130.6	1.179860667	0	-131.6
-130.5	1.180738539	0	-131.5
-130.4	1.181619265	0	-131.4
-130.3	1.182502856	0	-131.3
-130.2	1.183389318	0	-131.2
-130.1	1.184278659	0	-131.1
-130	1.185170888	0	-131
-129.9	1.186066013	0	-130.9
-129.8	1.186964041	0	-130.8
-129.7	1.18786498	0	-130.7
-129.6	1.188768839	0	-130.6
-129.5	1.189675627	0	-130.5
-129.4	1.19058535	0	-130.4
-129.3	1.191498018	0	-130.3
-129.2	1.192413638	0	-130.2
-129.1	1.193332219	0	-130.1
-129	1.194253769	0	-130
-128.9	1.195178297	0	-129.9
-128.8	1.196105811	0	-129.8
-128.7	1.19703632	0	-129.7
-128.6	1.197969831	0	-129.6
-128.5	1.198906354	0	-129.5
-128.4	1.199845896	0	-129.4
-128.3	1.200788467	0	-129.3
-128.2	1.201734076	0	-129.2
-128.1	1.20268273	0	-129.1
-128	1.203634438	0	-129
-127.9	1.20458921	0	-128.9
-127.8	1.205547054	0	-128.8
-127.7	1.206507978	0	-128.7
-127.6	1.207471992	0	-128.6
-127.5	1.208439105	0	-128.5
-127.4	1.209409325	0	-128.4
-127.3	1.210382661	0	-128.3
-127.2	1.211359122	0	-128.2
-127.1	1.212338717	0	-128.1
-127	1.213321456	0	-128
-126.9	1.214307347	0	-127.9
-126.8	1.2152964	0	-127.8
-126.7	1.216288623	0	-127.7
-126.6	1.217284027	0	-127.6
-126.5	1.218282619	0	-127.5
-126.4	1.21928441	0	-127.4
-126.3	1.220289408	0	-127.3
-126.2	1.221297624	0	-127.2
-126.1	1.222309066	0	-127.1
-126	1.223323743	0	-127
-125.9	1.224341667	0	-126.9
-125.8	1.225362845	0	-126.8
-125.7	1.226387287	0	-126.7
-125.6	1.227415004	0	-126.6
-125.5	1.228446004	0	-126.5
-125.4	1.229480297	0	-126.4
-125.3	1.230517893	0	-126.3
-125.2	1.231558803	0	-126.2
-125.1	1.232603034	0	-126.1
-125	1.233650598	0	-126
-124.9	1.234701505	0	-125.9
-124.8	1.235755763	0	-125.8
-124.7	1.236813384	0	-125.7
-124.6	1.237874376	0	-125.6
-124.5	1.238938751	0	-125.5
-124.4	1.240006518	0	-125.4
-124.3	1.241077688	0	-125.3
-124.2	1.242152269	0	-125.2
-124.1	1.243230274	0	-125.1
-124	1.244311712	0	-125
-123.9	1.245396592	0	-124.9
-123.8	1.246484927	0	-124.8
-123.7	1.247576725	0	-124.7
-123.6	1.248671998	0	-124.6
-123.5	1.249770755	0	-124.5
-123.4	1.250873008	0	-124.4
-123.3	1.251978767	0	-124.3
-123.2	1.253088042	0	-124.2
-123.1	1.254200844	0	-124.1
-123	1.255317184	0	-124
-122.9	1.256437073	0	-123.9
-122.8	1.257560521	0	-123.8
-122.7	1.258687539	0	-123.7
-122.6	1.259818138	0	-123.6
-122.5	1.260952329	0	-123.5
-122.4	1.262090122	0	-123.4
-122.3	1.26323153	0	-123.3
-122.2	1.264376562	0	-123.2
-122.1	1.26552523	0	-123.1
-122	1.266677546	0	-123
-121.9	1.26783352	0	-122.9
-121.8	1.268993163	0	-122.8
-121.7	1.270156487	0	-122.7
-121.6	1.271323503	0	-122.6
-121.5	1.272494222	0	-122.5
-121.4	1.273668657	0	-122.4
-121.3	1.274846818	0	-122.3
-121.2	1.276028716	0	-122.2
-121.1	1.277214364	0	-122.1
-121	1.278403773	0	-122
-120.9	1.279596955	0	-121.9
-120.8	1.280793922	0	-121.8
-120.7	1.281994684	0	-121.7
-120.6	1.283199254	0	-121.6
-120.5	1.284407645	0	-121.5
-120.4	1.285619867	0	-121.4
-120.3	1.286835932	0	-121.3
-120.2	1.288055854	0	-121.2
-120.1	1.289279643	0	-121.1
-120	1.290507312	0	-121
-119.9	1.291738873	0	-120.9
-119.8	1.292974338	0	-120.8
-119.7	1.29421372	0	-120.7
-119.6	1.29545703	0	-120.6
-119.5	1.296704282	0	-120.5
-119.4	1.297955487	0	-120.4
-119.3	1.299210659	0	-120.3
-119.2	1.300469808	0	-120.2
-119.1	1.30173295	0	-120.1
-119	1.303000094	0	-120
-118.9	1.304271256	0	-119.9
-118.8	1.305546446	0	-119.8
-118.7	1.306825679	0	-119.7
-118.6	1.308108966	0	-119.6
-118.5	1.309396321	0	-119.5
-118.4	1.310687756	0	-119.4
-118.3	1.311983286	0	-119.3
-118.2	1.313282922	0	-119.2
-118.1	1.314586677	0	-119.1
-118	1.315894566	0	-119
-117.9	1.317206601	0	-118.9
-117.8	1.318522796	0	-118.8
-117.7	1.319843163	0	-118.7
-117.6	1.321167717	0	-118.6
-117.5	1.32249647	0	-118.5
-117.4	1.323829437	0	-118.4
-117.3	1.32516663	0	-118.3
-117.2	1.326508064	0	-118.2
-117.1	1.327853752	0	-118.1
-117	1.329203707	0	-118
-116.9	1.330557944	0	-117.9
-116.8	1.331916477	0	-117.8
-116.7	1.333279319	0	-117.7
-116.6	1.334646484	0	-117.6
-116.5	1.336017987	0	-117.5
-116.4	1.337393841	0	-117.4
-116.3	1.338774061	0	-117.3
-116.2	1.340158661	0	-117.2
-116.1	1.341547655	0	-117.1
-116	1.342941057	0	-117
-115.9	1.344338882	0	-116.9
-115.8	1.345741144	0	-116.8
-115.7	1.347147858	0	-116.7
-115.6	1.348559039	0	-116.6
-115.5	1.3499747	0	-116.5
-115.4	1.351394858	0	-116.4
-115.3	1.352819525	0	-116.3
-115.2	1.354248719	0	-116.2
-115.1	1.355682452	0	-116.1
-115	1.35712074	0	-116
-114.9	1.358563599	0	-115.9
-114.8	1.360011043	0	-115.8
-114.7	1.361463088	0	-115.7
-114.6	1.362919748	0	-115.6
-114.5	1.364381039	0	-115.5
-114.4	1.365846976	0	-115.4
-114.3	1.367317575	0	-115.3
-114.2	1.368792851	0	-115.2
-114.1	1.37027282	0	-115.1
-114	1.371757497	0	-115
-113.9	1.373246898	0	-114.9
-113.8	1.374741039	0	-114.8
-113.7	1.376239936	0	-114.7
-113.6	1.377743604	0	-114.6
-113.5	1.379252059	0	-114.5
-113.4	1.380765317	0	-114.4
-113.3	1.382283396	0	-114.3
-113.2	1.383806309	0	-114.2
-113.1	1.385334075	0	-114.1
-113	1.386866709	0	-114
-112.9	1.388404227	0	-113.9
-112.8	1.389946646	0	-113.8
-112.7	1.391493983	0	-113.7
-112.6	1.393046254	0	-113.6
-112.5	1.394603475	0	-113.5
-112.4	1.396165664	0	-113.4
-112.3	1.397732837	0	-113.3
-112.2	1.399305011	0	-113.2
-112.1	1.400882203	0	-113.1
-112	1.40246443	0	-113
-111.9	1.404051709	0	-112.9
-111.8	1.405644058	0	-112.8
-111.7	1.407241493	0	-112.7
-111.6	1.408844032	0	-112.6
-111.5	1.410451691	0	-112.5
-111.4	1.41206449	0	-112.4
-111.3	1.413682445	0	-112.3
-111.2	1.415305573	0	-112.2
-111.1	1.416933893	0	-112.1
-111	1.418567423	0	-112
-110.9	1.420206179	0	-111.9
-110.8	1.42185018	0	-111.8
-110.7	1.423499445	0	-111.7
-110.6	1.42515399	0	-111.6
-110.5	1.426813835	0	-111.5
-110.4	1.428478997	0	-111.4
-110.3	1.430149495	0	-111.3
-110.2	1.431825347	0	-111.2
-110.1	1.433506571	0	-111.1
-110	1.435193187	0	-111
-109.9	1.436885213	0	-110.9
-109.8	1.438582667	0	-110.8
-109.7	1.440285568	0	-110.7
-109.6	1.441993936	0	-110.6
-109.5	1.443707789	0	-110.5
-109.4	1.445427146	0	-110.4
-109.3	1.447152027	0	-110.3
-109.2	1.44888245	0	-110.2
-109.1	1.450618435	0	-110.1
-109	1.452360001	0	-110
-108.9	1.454107168	0	-109.9
-108.8	1.455859955	0	-109.8
-108.7	1.457618382	0	-109.7
-108.6	1.459382468	0	-109.6
-108.5	1.461152234	0	-109.5
-108.4	1.4629277	0	-109.4
-108.3	1.464708884	0	-109.3
-108.2	1.466495809	0	-109.2
-108.1	1.468288492	0	-109.1
-108	1.470086956	0	-109
-107.9	1.471891219	0	-108.9
-107.8	1.473701303	0	-108.8
-107.7	1.475517228	0	-108.7
-107.6	1.477339015	0	-108.6
-107.5	1.479166685	0	-108.5
-107.4	1.481000257	0	-108.4
-107.3	1.482839754	0	-108.3
-107.2	1.484685195	0	-108.2
-107.1	1.486536603	0	-108.1
-107	1.488393998	0	-108
-106.9	1.490257401	0	-107.9
-106.8	1.492126835	0	-107.8
-106.7	1.494002319	0	-107.7
-106.6	1.495883877	0	-107.6
-106.5	1.497771529	0	-107.5
-106.4	1.499665297	0	-107.4
-106.3	1.501565204	0	-107.3
-106.2	1.50347127	0	-107.2
-106.1	1.505383518	0	-107.1
-106	1.507301971	0	-107
-105.9	1.50922665	0	-106.9
-105.8	1.511157577	0	-106.8
-105.7	1.513094776	0	-106.7
-105.6	1.515038268	0	-106.6
-105.5	1.516988077	0	-106.5
-105.4	1.518944224	0	-106.4
-105.3	1.520906733	0	-106.3
-105.2	1.522875627	0	-106.2
-105.1	1.524850928	0	-106.1
-105	1.526832661	0	-106
-104.9	1.528820847	0	-105.9
-104.8	1.530815511	0	-105.8
-104.7	1.532816675	0	-105.7
-104.6	1.534824364	0	-105.6
-104.5	1.536838602	0	-105.5
-104.4	1.53885941	0	-105.4
-104.3	1.540886815	0	-105.3
-104.2	1.542920839	0	-105.2
-104.1	1.544961507	0	-105.1
-104	1.547008842	0	-105
-103.9	1.54906287	0	-104.9
-103.8	1.551123615	0	-104.8
-103.7	1.5531911	0	-104.7
-103.6	1.555265351	0	-104.6
-103.5	1.557346393	0	-104.5
-103.4	1.55943425	0	-104.4
-103.3	1.561528947	0	-104.3
-103.2	1.563630509	0	-104.2
-103.1	1.565738962	0	-104.1
-103	1.567854331	0	-104
-102.9	1.569976641	0	-103.9
-102.8	1.572105918	0	-103.8
-102.7	1.574242187	0	-103.7
-102.6	1.576385474	0	-103.6
-102.5	1.578535805	0	-103.5
-102.4	1.580693206	0	-103.4
-102.3	1.582857703	0	-103.3
-102.2	1.585029323	0	-103.2
-102.1	1.587208091	0	-103.1
-102	1.589394035	0	-103
-101.9	1.59158718	0	-102.9
-101.8	1.593787553	0	-102.8
-101.7	1.595995182	0	-102.7
-101.6	1.598210093	0	-102.6
-101.5	1.600432313	0	-102.5
-101.4	1.60266187	0	-102.4
-101.3	1.604898791	0	-102.3
-101.2	1.607143102	0	-102.2
-101.1	1.609394833	0	-102.1
-101	1.61165401	0	-102
-100.9	1.613920661	0	-101.9
-100.8	1.616194815	0	-101.8
-100.7	1.618476499	0	-101.7
-100.6	1.620765742	0	-101.6
-100.5	1.623062571	0	-101.5
-100.4	1.625367016	0	-101.4
-100.3	1.627679105	0	-101.3
-100.2	1.629998866	0	-101.2
-100.1	1.632326329	0	-101.1
-100	1.634661522	0	-101
-99.9	1.637004475	0	-100.9
-99.8	1.639355217	0	-100.8
-99.7	1.641713777	0	-100.7
-99.6	1.644080185	0	-100.6
-99.5	1.646454471	0	-100.5
-99.4	1.648836663	0	-100.4
-99.3	1.651226793	0	-100.3
-99.2	1.65362489	0	-100.2
-99.1	1.656030985	0	-100.1
-99	1.658445107	0	-100
-98.9	1.660867288	0	-99.9
-98.8	1.663297557	0	-99.8
-98.7	1.665735946	0	-99.7
-98.6	1.668182486	0	-99.6
-98.5	1.670637208	0	-99.5
-98.4	1.673100142	0	-99.4
-98.3	1.675571321	0	-99.3
-98.2	1.678050775	0	-99.2
-98.1	1.680538537	0	-99.1
-98	1.683034637	0	-99
-97.9	1.685539109	0	-98.9
-97.8	1.688051984	0	-98.8
-97.7	1.690573294	0	-98.7
-97.6	1.693103072	0	-98.6
-97.5	1.69564135	0	-98.5
-97.4	1.698188161	0	-98.4
-97.3	1.700743538	0	-98.3
-97.2	1.703307514	0	-98.2
-97.1	1.705880121	0	-98.1
-97	1.708461393	0	-98
-96.9	1.711051365	0	-97.9
-96.8	1.713650068	0	-97.8
-96.7	1.716257537	0	-97.7
-96.6	1.718873806	0	-97.6
-96.5	1.721498909	0	-97.5
-96.4	1.72413288	0	-97.4
-96.3	1.726775754	0	-97.3
-96.2	1.729427565	0	-97.2
-96.1	1.732088348	0	-97.1
-96	1.734758137	0	-97
-95.9	1.737436968	0	-96.9
-95.8	1.740124876	0	-96.8
-95.7	1.742821896	0	-96.7
-95.6	1.745528065	0	-96.6
-95.5	1.748243416	0	-96.5
-95.4	1.750967987	0	-96.4
-95.3	1.753701814	0	-96.3
-95.2	1.756444932	0	-96.2
-95.1	1.759197379	0	-96.1
-95	1.761959189	0	-96
-94.9	1.764730402	0	-95.9
-94.8	1.767511052	0	-95.8
-94.7	1.770301178	0	-95.7
-94.6	1.773100816	0	-95.6
-94.5	1.775910004	0	-95.5
-94.4	1.778728779	0	-95.4
-94.3	1.78155718	0	-95.3
-94.2	1.784395245	0	-95.2
-94.1	1.78724301	0	-95.1
-94	1.790100515	0	-95
-93.9	1.792967799	0	-94.9
-93.8	1.795844899	0	-94.8
-93.7	1.798731855	0	-94.7
-93.6	1.801628706	0	-94.6
-93.5	1.80453549	0	-94.5
-93.4	1.807452248	0	-94.4
-93.3	1.81037902	0	-94.3
-93.2	1.813315843	0	-94.2
-93.1	1.81626276	0	-94.1
-93	1.81921981	0	-94
-92.9	1.822187033	0	-93.9
-92.8	1.825164469	0	-93.8
-92.7	1.828152161	0	-93.7
-92.6	1.831150148	0	-93.6
-92.5	1.834158471	0	-93.5
-92.4	1.837177173	0	-93.4
-92.3	1.840206294	0	-93.3
-92.2	1.843245876	0	-93.2
-92.1	1.846295961	0	-93.1
-92	1.849356592	0	-93
-91.9	1.85242781	0	-92.9
-91.8	1.855509659	0	-92.8
-91.7	1.85860218	0	-92.7
-91.6	1.861705417	0	-92.6
-91.5	1.864819413	0	-92.5
-91.4	1.867944212	0	-92.4
-91.3	1.871079856	0	-92.3
-91.2	1.87422639	0	-92.2
-91.1	1.877383858	0	-92.1
-91	1.880552303	0	-92
-90.9	1.883731771	0	-91.9
-90.8	1.886922305	0	-91.8
-90.7	1.890123951	0	-91.7
-90.6	1.893336754	0	-91.6
-90.5	1.896560759	0	-91.5
-90.4	1.899796011	0	-91.4
-90.3	1.903042556	0	-91.3
-90.2	1.90630044	0	-91.2
-90.1	1.90956971	0	-91.1
-90	1.912850411	0	-91
-89.9	1.91614259	0	-90.9
-89.8	1.919446294	0	-90.8
-89.7	1.92276157	0	-90.7
-89.6	1.926088466	0	-90.6
-89.5	1.929427028	0	-90.5
-89.4	1.932777305	0	-90.4
-89.3	1.936139344	0	-90.3
-89.2	1.939513194	0	-90.2
-89.1	1.942898903	0	-90.1
-89	1.946296519	0	-90
-88.9	1.949706092	0	-89.9
-88.8	1.953127671	0	-89.8
-88.7	1.956561306	0	-89.7
-88.6	1.960007044	0	-89.6
-88.5	1.963464938	0	-89.5
-88.4	1.966935036	0	-89.4
-88.3	1.970417389	0	-89.3
-88.2	1.973912048	0	-89.2
-88.1	1.977419063	0	-89.1
-88	1.980938486	0	-89
-87.9	1.984470367	0	-88.9
-87.8	1.988014759	0	-88.8
-87.7	1.991571714	0	-88.7
-87.6	1.995141282	0	-88.6
-87.5	1.998723518	0	-88.5
-87.4	2.002318472	0	-88.4
-87.3	2.005926199	0	-88.3
-87.2	2.009546751	0	-88.2
-87.1	2.013180182	0	-88.1
-87	2.016826544	0	-88
-86.9	2.020485894	0	-87.9
-86.8	2.024158283	0	-87.8
-86.7	2.027843767	0	-87.7
-86.6	2.031542401	0	-87.6
-86.5	2.035254238	0	-87.5
-86.4	2.038979336	0	-87.4
-86.3	2.042717749	0	-87.3
-86.2	2.046469532	0	-87.2
-86.1	2.050234743	0	-87.1
-86	2.054013437	0	-87
-85.9	2.057805671	0	-86.9
-85.8	2.061611501	0	-86.8
-85.7	2.065430986	0	-86.7
-85.6	2.069264182	0	-86.6
-85.5	2.073111147	0	-86.5
-85.4	2.076971939	0	-86.4
-85.3	2.080846617	0	-86.3
-85.2	2.084735238	0	-86.2
-85.1	2.088637863	0	-86.1
-85	2.09255455	0	-86
-84.9	2.096485358	0	-85.9
-84.8	2.100430348	0	-85.8
-84.7	2.104389579	0	-85.7
-84.6	2.108363111	0	-85.6
-84.5	2.112351006	0	-85.5
-84.4	2.116353325	0	-85.4
-84.3	2.120370128	0	-85.3
-84.2	2.124401477	0	-85.2
-84.1	2.128447435	0	-85.1
-84	2.132508062	0	-85
-83.9	2.136583422	0	-84.9
-83.8	2.140673578	0	-84.8
-83.7	2.144778592	0	-84.7
-83.6	2.148898528	0	-84.6
-83.5	2.15303345	0	-84.5
-83.4	2.157183422	0	-84.4
-83.3	2.161348508	0	-84.3
-83.2	2.165528773	0	-84.2
-83.1	2.169724281	0	-84.1
-83	2.173935099	0	-84
-82.9	2.178161292	0	-83.9
-82.8	2.182402926	0	-83.8
-82.7	2.186660066	0	-83.7
-82.6	2.190932781	0	-83.6
-82.5	2.195221137	0	-83.5
-82.4	2.199525201	0	-83.4
-82.3	2.20384504	0	-83.3
-82.2	2.208180724	0	-83.2
-82.1	2.21253232	0	-83.1
-82	2.216899897	0	-83
-81.9	2.221283523	0	-82.9
-81.8	2.225683269	0	-82.8
-81.7	2.230099204	0	-82.7
-81.6	2.234531398	0	-82.6
-81.5	2.238979922	0	-82.5
-81.4	2.243444846	0	-82.4
-81.3	2.247926241	0	-82.3
-81.2	2.25242418	0	-82.2
-81.1	2.256938733	0	-82.1
-81	2.261469973	0	-82
-80.9	2.266017973	0	-81.9
-80.8	2.270582805	0	-81.8
-80.7	2.275164544	0	-81.7
-80.6	2.279763262	0	-81.6
-80.5	2.284379033	0	-81.5
-80.4	2.289011933	0	-81.4
-80.3	2.293662035	0	-81.3
-80.2	2.298329416	0	-81.2
-80.1	2.30301415	0	-81.1
-80	2.307716314	0	-81
-79.9	2.312435983	0	-80.9
-79.8	2.317173235	0	-80.8
-79.7	2.321928147	0	-80.7
-79.6	2.326700796	0	-80.6
-79.5	2.331491261	0	-80.5
-79.4	2.336299618	0	-80.4
-79.3	2.341125948	0	-80.3
-79.2	2.345970329	0	-80.2
-79.1	2.35083284	0	-80.1
-79	2.355713562	0	-80
-78.9	2.360612575	0	-79.9
-78.8	2.365529959	0	-79.8
-78.7	2.370465796	0	-79.7
-78.6	2.375420167	0	-79.6
-78.5	2.380393154	0	-79.5
-78.4	2.385384839	0	-79.4
-78.3	2.390395305	0	-79.3
-78.2	2.395424636	0	-79.2
-78.1	2.400472915	0	-79.1
-78	2.405540226	0	-79
-77.9	2.410626653	0	-78.9
-77.8	2.415732282	0	-78.8
-77.7	2.420857197	0	-78.7
-77.6	2.426001484	0	-78.6
-77.5	2.431165231	0	-78.5
-77.4	2.436348523	0	-78.4
-77.3	2.441551447	0	-78.3
-77.2	2.446774091	0	-78.2
-77.1	2.452016542	0	-78.1
-77	2.45727889	0	-78
-76.9	2.462561224	0	-77.9
-76.8	2.467863632	0	-77.8
-76.7	2.473186204	0	-77.7
-76.6	2.47852903	0	-77.6
-76.5	2.483892202	0	-77.5
-76.4	2.489275811	0	-77.4
-76.3	2.494679947	0	-77.3
-76.2	2.500104704	0	-77.2
-76.1	2.505550173	0	-77.1
-76	2.511016448	0	-77
-75.9	2.516503623	0	-76.9
-75.8	2.522011791	0	-76.8
-75.7	2.527541047	0	-76.7
-75.6	2.533091485	0	-76.6
-75.5	2.538663202	0	-76.5
-75.4	2.544256293	0	-76.4
-75.3	2.549870855	0	-76.3
-75.2	2.555506984	0	-76.2
-75.1	2.561164779	0	-76.1
-75	2.566844337	0	-76
-74.9	2.572545756	0	-75.9
-74.8	2.578269135	0	-75.8
-74.7	2.584014575	0	-75.7
-74.6	2.589782174	0	-75.6
-74.5	2.595572034	0	-75.5
-74.4	2.601384255	0	-75.4
-74.3	2.607218939	0	-75.3
-74.2	2.613076188	0	-75.2
-74.1	2.618956104	0	-75.1
-74	2.624858791	0	-75
-73.9	2.630784352	0	-74.9
-73.8	2.636732892	0	-74.8
-73.7	2.642704514	0	-74.7
-73.6	2.648699326	0	-74.6
-73.5	2.654717431	0	-74.5
-73.4	2.660758936	0	-74.4
-73.3	2.666823949	0	-74.3
-73.2	2.672912577	0	-74.2
-73.1	2.679024928	0	-74.1
-73	2.68516111	0	-74
-72.9	2.691321232	0	-73.9
-72.8	2.697505405	0	-73.8
-72.7	2.703713737	0	-73.7
-72.6	2.709946341	0	-73.6
-72.5	2.716203328	0	-73.5
-72.4	2.722484808	0	-73.4
-72.3	2.728790896	0	-73.3
-72.2	2.735121704	0	-73.2
-72.1	2.741477346	0	-73.1
-72	2.747857935	0	-73
-71.9	2.754263588	0	-72.9
-71.8	2.760694419	0	-72.8
-71.7	2.767150545	0	-72.7
-71.6	2.773632081	0	-72.6
-71.5	2.780139147	0	-72.5
-71.4	2.786671858	0	-72.4
-71.3	2.793230334	0	-72.3
-71.2	2.799814694	0	-72.2
-71.1	2.806425058	0	-72.1
-71	2.813061546	0	-72
-70.9	2.819724278	0	-71.9
-70.8	2.826413377	0	-71.8
-70.7	2.833128965	0	-71.7
-70.6	2.839871165	0	-71.6
-70.5	2.846640099	0	-71.5
-70.4	2.853435892	0	-71.4
-70.3	2.86025867	0	-71.3
-70.2	2.867108557	0	-71.2
-70.1	2.873985679	0	-71.1
-70	2.880890164	0	-71
-69.9	2.887822137	0	-70.9
-69.8	2.894781729	0	-70.8
-69.7	2.901769067	0	-70.7
-69.6	2.90878428	0	-70.6
-69.5	2.915827499	0	-70.5
-69.4	2.922898854	0	-70.4
-69.3	2.929998477	0	-70.3
-69.2	2.9371265	0	-70.2
-69.1	2.944283056	0	-70.1
-69	2.951468278	0	-70
-68.9	2.958682299	0	-69.9
-68.8	2.965925256	0	-69.8
-68.7	2.973197283	0	-69.7
-68.6	2.980498517	0	-69.6
-68.5	2.987829095	0	-69.5
-68.4	2.995189154	0	-69.4
-68.3	3.002578832	0	-69.3
-68.2	3.009998269	0	-69.2
-68.1	3.017447605	0	-69.1
-68	3.02492698	0	-69
-67.9	3.032436536	0	-68.9
-67.8	3.039976413	0	-68.8
-67.7	3.047546756	0	-68.7
-67.6	3.055147707	0	-68.6
-67.5	3.062779411	0	-68.5
-67.4	3.070442013	0	-68.4
-67.3	3.078135658	0	-68.3
-67.2	3.085860492	0	-68.2
-67.1	3.093616664	0	-68.1
-67	3.101404321	0	-68
-66.9	3.109223611	0	-67.9
-66.8	3.117074684	0	-67.8
-66.7	3.124957692	0	-67.7
-66.6	3.132872783	0	-67.6
-66.5	3.140820111	0	-67.5
-66.4	3.148799828	0	-67.4
-66.3	3.156812088	0	-67.3
-66.2	3.164857044	0	-67.2
-66.1	3.172934852	0	-67.1
-66	3.181045668	0	-67
-65.9	3.189189647	0	-66.9
-65.8	3.197366948	0	-66.8
-65.7	3.205577729	0	-66.7
-65.6	3.213822149	0	-66.6
-65.5	3.222100368	0	-66.5
-65.4	3.230412546	0	-66.4
-65.3	3.238758844	0	-66.3
-65.2	3.247139427	0	-66.2
-65.1	3.255554455	0	-66.1
-65	3.264004095	0	-66
-64.9	3.272488509	0	-65.9
-64.8	3.281007865	0	-65.8
-64.7	3.289562329	0	-65.7
-64.6	3.298152068	0	-65.6
-64.5	3.306777251	0	-65.5
-64.4	3.315438046	0	-65.4
-64.3	3.324134625	0	-65.3
-64.2	3.332867157	0	-65.2
-64.1	3.341635814	0	-65.1
-64	3.35044077	0	-65
-63.9	3.359282198	0	-64.9
-63.8	3.368160272	0	-64.8
-63.7	3.377075168	0	-64.7
-63.6	3.386027061	0	-64.6
-63.5	3.39501613	0	-64.5
-63.4	3.404042552	0	-64.4
-63.3	3.413106506	0	-64.3
-63.2	3.422208173	0	-64.2
-63.1	3.431347732	0	-64.1
-63	3.440525366	0	-64
-62.9	3.449741258	0	-63.9
-62.8	3.45899559	0	-63.8
-62.7	3.468288549	0	-63.7
-62.6	3.477620318	0	-63.6
-62.5	3.486991085	0	-63.5
-62.4	3.496401037	0	-63.4
-62.3	3.505850362	0	-63.3
-62.2	3.51533925	0	-63.2
-62.1	3.524867891	0	-63.1
-62	3.534436477	0	-63
-61.9	3.544045198	0	-62.9
-61.8	3.55369425	0	-62.8
-61.7	3.563383825	0	-62.7
-61.6	3.57311412	0	-62.6
-61.5	3.58288533	0	-62.5
-61.4	3.592697652	0	-62.4
-61.3	3.602551285	0	-62.3
-61.2	3.612446427	0	-62.2
-61.1	3.62238328	0	-62.1
-61	3.632362044	0	-62
-60.9	3.642382921	0	-61.9
-60.8	3.652446115	0	-61.8
-60.7	3.66255183	0	-61.7
-60.6	3.672700271	0	-61.6
-60.5	3.682891644	0	-61.5
-60.4	3.693126158	0	-61.4
-60.3	3.703404019	0	-61.3
-60.2	3.713725439	0	-61.2
-60.1	3.724090627	0	-61.1
-60	3.734499795	0	-61
-59.9	3.744953155	0	-60.9
-59.8	3.755450922	0	-60.8
-59.7	3.76599331	0	-60.7
-59.6	3.776580534	0	-60.6
-59.5	3.787212813	0	-60.5
-59.4	3.797890363	0	-60.4
-59.3	3.808613405	0	-60.3
-59.2	3.819382157	0	-60.2
-59.1	3.830196842	0	-60.1
-59	3.841057682	0	-60
-58.9	3.8519649	0	-59.9
-58.8	3.862918721	0	-59.8
-58.7	3.873919371	0	-59.7
-58.6	3.884967077	0	-59.6
-58.5	3.896062066	0	-59.5
-58.4	3.907204567	0	-59.4
-58.3	3.918394812	0	-59.3
-58.2	3.929633031	0	-59.2
-58.1	3.940919456	0	-59.1
-58	3.952254322	0	-59
-57.9	3.963637863	0	-58.9
-57.8	3.975070316	0	-58.8
-57.7	3.986551917	0	-58.7
-57.6	3.998082904	0	-58.6
-57.5	4.009663517	0	-58.5
-57.4	4.021293997	0	-58.4
-57.3	4.032974586	0	-58.3
-57.2	4.044705526	0	-58.2
-57.1	4.056487061	0	-58.1
-57	4.068319438	0	-58
-56.9	4.080202901	0	-57.9
-56.8	4.0921377	0	-57.8
-56.7	4.104124084	0	-57.7
-56.6	4.116162301	0	-57.6
-56.5	4.128252604	0	-57.5
-56.4	4.140395245	0	-57.4
-56.3	4.152590478	0	-57.3
-56.2	4.164838558	0	-57.2
-56.1	4.177139741	0	-57.1
-56	4.189494284	0	-57
-55.9	4.201902447	0	-56.9
-55.8	4.214364488	0	-56.8
-55.7	4.22688067	0	-56.7
-55.6	4.239451254	0	-56.6
-55.5	4.252076505	0	-56.5
-55.4	4.264756687	0	-56.4
-55.3	4.277492066	0	-56.3
-55.2	4.290282909	0	-56.2
-55.1	4.303129486	0	-56.1
-55	4.316032066	0	-56
-54.9	4.32899092	0	-55.9
-54.8	4.342006322	0	-55.8
-54.7	4.355078543	0	-55.7
-54.6	4.36820786	0	-55.6
-54.5	4.381394549	0	-55.5
-54.4	4.394638887	0	-55.4
-54.3	4.407941154	0	-55.3
-54.2	4.421301629	0	-55.2
-54.1	4.434720593	0	-55.1
-54	4.44819833	0	-55
-53.9	4.461735124	0	-54.9
-53.8	4.475331259	0	-54.8
-53.7	4.488987023	0	-54.7
-53.6	4.502702704	0	-54.6
-53.5	4.51647859	0	-54.5
-53.4	4.530314973	0	-54.4
-53.3	4.544212144	0	-54.3
-53.2	4.558170396	0	-54.2
-53.1	4.572190024	0	-54.1
-53	4.586271324	0	-54
-52.9	4.600414594	0	-53.9
-52.8	4.61462013	0	-53.8
-52.7	4.628888234	0	-53.7
-52.6	4.643219207	0	-53.6
-52.5	4.65761335	0	-53.5
-52.4	4.672070969	0	-53.4
-52.3	4.686592368	0	-53.3
-52.2	4.701177853	0	-53.2
-52.1	4.715827733	0	-53.1
-52	4.730542317	0	-53
-51.9	4.745321915	0	-52.9
-51.8	4.760166839	0	-52.8
-51.7	4.775077403	0	-52.7
-51.6	4.790053921	0	-52.6
-51.5	4.805096709	0	-52.5
-51.4	4.820206084	0	-52.4
-51.3	4.835382366	0	-52.3
-51.2	4.850625874	0	-52.2
-51.1	4.865936929	0	-52.1
-51	4.881315855	0	-52
-50.9	4.896762975	0	-51.9
-50.8	4.912278615	0	-51.8
-50.7	4.927863102	0	-51.7
-50.6	4.943516764	0	-51.6
-50.5	4.959239931	0	-51.5
-50.4	4.975032932	0	-51.4
-50.3	4.990896102	0	-51.3
-50.2	5.006829772	0	-51.2
-50.1	5.022834279	0	-51.1
-50	5.038909959	0	-51
-49.9	5.055057149	0	-50.9
-49.8	5.071276188	0	-50.8
-49.7	5.087567418	0	-50.7
-49.6	5.103931178	0	-50.6
-49.5	5.120367814	0	-50.5
-49.4	5.136877669	0	-50.4
-49.3	5.153461089	0	-50.3
-49.2	5.170118421	0	-50.2
-49.1	5.186850014	0	-50.1
-49	5.203656217	0	-50
-48.9	5.220537383	0	-49.9
-48.8	5.237493863	0	-49.8
-48.7	5.254526012	0	-49.7
-48.6	5.271634184	0	-49.6
-48.5	5.288818736	0	-49.5
-48.4	5.306080027	0	-49.4
-48.3	5.323418415	0	-49.3
-48.2	5.340834262	0	-49.2
-48.1	5.358327928	0	-49.1
-48	5.375899778	0	-49
-47.9	5.393550175	0	-48.9
-47.8	5.411279486	0	-48.8
-47.7	5.429088078	0	-48.7
-47.6	5.446976319	0	-48.6
-47.5	5.464944579	0	-48.5
-47.4	5.482993229	0	-48.4
-47.3	5.501122642	0	-48.3
-47.2	5.519333191	0	-48.2
-47.1	5.537625251	0	-48.1
-47	5.555999198	0	-48
-46.9	5.57445541	0	-47.9
-46.8	5.592994266	0	-47.8
-46.7	5.611616145	0	-47.7
-46.6	5.630321429	0	-47.6
-46.5	5.6491105	0	-47.5
-46.4	5.667983742	0	-47.4
-46.3	5.686941539	0	-47.3
-46.2	5.705984279	0	-47.2
-46.1	5.725112348	0	-47.1
-46	5.744326136	0	-47
-45.9	5.763626031	0	-46.9
-45.8	5.783012425	0	-46.8
-45.7	5.80248571	0	-46.7
-45.6	5.822046279	0	-46.6
-45.5	5.841694527	0	-46.5
-45.4	5.861430849	0	-46.4
-45.3	5.881255642	0	-46.3
-45.2	5.901169305	0	-46.2
-45.1	5.921172236	0	-46.1
-45	5.941264835	0	-46
-44.9	5.961447503	0	-45.9
-44.8	5.981720643	0	-45.8
-44.7	6.002084659	0	-45.7
-44.6	6.022539954	0	-45.6
-44.5	6.043086935	0	-45.5
-44.4	6.063726007	0	-45.4
-44.3	6.084457578	0	-45.3
-44.2	6.105282058	0	-45.2
-44.1	6.126199855	0	-45.1
-44	6.14721138	0	-45
-43.9	6.168317045	0	-44.9
-43.8	6.189517262	0	-44.8
-43.7	6.210812444	0	-44.7
-43.6	6.232203006	0	-44.6
-43.5	6.253689364	0	-44.5
-43.4	6.275271933	0	-44.4
-43.3	6.29695113	0	-44.3
-43.2	6.318727373	0	-44.2
-43.1	6.340601081	0	-44.1
-43	6.362572673	0	-44
-42.9	6.38464257	0	-43.9
-42.8	6.406811193	0	-43.8
-42.7	6.429078963	0	-43.7
-42.6	6.451446304	0	-43.6
-42.5	6.473913638	0	-43.5
-42.4	6.496481389	0	-43.4
-42.3	6.519149983	0	-43.3
-42.2	6.541919844	0	-43.2
-42.1	6.564791399	0	-43.1
-42	6.587765074	0	-43
-41.9	6.610841297	0	-42.9
-41.8	6.634020494	0	-42.8
-41.7	6.657303094	0	-42.7
-41.6	6.680689527	0	-42.6
-41.5	6.704180221	0	-42.5
-41.4	6.727775606	0	-42.4
-41.3	6.751476112	0	-42.3
-41.2	6.77528217	0	-42.2
-41.1	6.799194211	0	-42.1
-41	6.823212666	0	-42
-40.9	6.847337966	0	-41.9
-40.8	6.871570544	0	-41.8
-40.7	6.895910832	0	-41.7
-40.6	6.920359262	0	-41.6
-40.5	6.944916267	0	-41.5
-40.4	6.969582279	0	-41.4
-40.3	6.994357732	0	-41.3
-40.2	7.019243059	0	-41.2
-40.1	7.044238692	0	-41.1
-40	7.069345064	0	-41
-39.9	7.09456261	0	-40.9
-39.8	7.119891762	0	-40.8
-39.7	7.145332952	0	-40.7
-39.6	7.170886614	0	-40.6
-39.5	7.196553182	0	-40.5
-39.4	7.222333086	0	-40.4
-39.3	7.24822676	0	-40.3
-39.2	7.274234635	0	-40.2
-39.1	7.300357145	0	-40.1
-39	7.326594719	0	-40
-38.9	7.352947789	0	-39.9
-38.8	7.379416785	0	-39.8
-38.7	7.406002139	0	-39.7
-38.6	7.432704278	0	-39.6
-38.5	7.459523634	0	-39.5
-38.4	7.486460633	0	-39.4
-38.3	7.513515704	0	-39.3
-38.2	7.540689273	0	-39.2
-38.1	7.567981768	0	-39.1
-38	7.595393613	0	-39
-37.9	7.622925234	0	-38.9
-37.8	7.650577054	0	-38.8
-37.7	7.678349496	0	-38.7
-37.6	7.706242982	0	-38.6
-37.5	7.734257932	0	-38.5
-37.4	7.762394767	0	-38.4
-37.3	7.790653904	0	-38.3
-37.2	7.819035761	0	-38.2
-37.1	7.847540754	0	-38.1
-37	7.876169297	0	-38
-36.9	7.904921804	0	-37.9
-36.8	7.933798687	0	-37.8
-36.7	7.962800355	0	-37.7
-36.6	7.991927218	0	-37.6
-36.5	8.021179681	0	-37.5
-36.4	8.050558152	0	-37.4
-36.3	8.080063032	0	-37.3
-36.2	8.109694725	0	-37.2
-36.1	8.139453628	0	-37.1
-36	8.169340141	0	-37
-35.9	8.199354659	0	-36.9
-35.8	8.229497576	0	-36.8
-35.7	8.259769283	0	-36.7
-35.6	8.290170169	0	-36.6
-35.5	8.320700621	0	-36.5
-35.4	8.351361023	0	-36.4
-35.3	8.382151757	0	-36.3
-35.2	8.413073204	0	-36.2
-35.1	8.444125739	0	-36.1
-35	8.475309736	0	-36
-34.9	8.506625567	0	-35.9
-34.8	8.5380736	0	-35.8
-34.7	8.569654201	0	-35.7
-34.6	8.601367731	0	-35.6
-34.5	8.63321455	0	-35.5
-34.4	8.665195014	0	-35.4
-34.3	8.697309475	0	-35.3
-34.2	8.729558284	0	-35.2
-34.1	8.761941785	0	-35.1
-34	8.794460321	0	-35
-33.9	8.82711423	0	-34.9
-33.8	8.859903847	0	-34.8
-33.7	8.892829504	0	-34.7
-33.6	8.925891527	0	-34.6
-33.5	8.959090239	0	-34.5
-33.4	8.992425959	0	-34.4
-33.3	9.025899002	0	-34.3
-33.2	9.059509677	0	-34.2
-33.1	9.093258291	0	-34.1
-33	9.127145145	0	-34
-32.9	9.161170534	0	-33.9
-32.8	9.195334752	0	-33.8
-32.7	9.229638085	0	-33.7
-32.6	9.264080814	0	-33.6
-32.5	9.298663218	0	-33.5
-32.4	9.333385566	0	-33.4
-32.3	9.368248127	0	-33.3
-32.2	9.403251159	0	-33.2
-32.1	9.43839492	0	-33.1
-32	9.473679658	0	-33
-31.9	9.509105618	0	-32.9
-31.8	9.544673036	0	-32.8
-31.7	9.580382146	0	-32.7
-31.6	9.616233173	0	-32.6
-31.5	9.652226337	0	-32.5
-31.4	9.68836185	0	-32.4
-31.3	9.724639919	0	-32.3
-31.2	9.761060745	0	-32.2
-31.1	9.797624519	0	-32.1
-31	9.834331429	0	-32
-30.9	9.871181653	0	-31.9
-30.8	9.908175363	0	-31.8
-30.7	9.945312724	0	-31.7
-30.6	9.982593894	0	-31.6
-30.5	10.02001902	0	-31.5
-30.4	10.05758825	0	-31.4
-30.3	10.09530171	0	-31.3
-30.2	10.13315952	0	-31.2
-30.1	10.17116182	0	-31.1
-30	10.2093087	0	-31
-29.9	10.24760027	0	-30.9
-29.8	10.28603661	0	-30.8
-29.7	10.32461782	0	-30.7
-29.6	10.36334396	0	-30.6
-29.5	10.40221511	0	-30.5
-29.4	10.44123131	0	-30.4
-29.3	10.48039262	0	-30.3
-29.2	10.51969908	0	-30.2
-29.1	10.5591507	0	-30.1
-29	10.5987475	0	-30
-28.9	10.63848951	0	-29.9
-28.8	10.6783767	0	-29.8
-28.7	10.71840907	0	-29.7
-28.6	10.7585866	0	-29.6
-28.5	10.79890925	0	-29.5
-28.4	10.83937697	0	-29.4
-28.3	10.87998971	0	-29.3
-28.2	10.92074741	0	-29.2
-28.1	10.96164997	0	-29.1
-28	11.00269732	0	-29
-27.9	11.04388935	0	-28.9
-27.8	11.08522594	0	-28.8
-27.7	11.12670697	0	-28.7
-27.6	11.16833229	0	-28.6
-27.5	11.21010177	0	-28.5
-27.4	11.25201523	0	-28.4
-27.3	11.2940725	0	-28.3
-27.2	11.33627339	0	-28.2
-27.1	11.37861769	0	-28.1
-27	11.42110519	0	-28
-26.9	11.46373565	0	-27.9
-26.8	11.50650884	0	-27.8
-26.7	11.54942449	0	-27.7
-26.6	11.59248234	0	-27.6
-26.5	11.6356821	0	-27.5
-26.4	11.67902345	0	-27.4
-26.3	11.7225061	0	-27.3
-26.2	11.76612971	0	-27.2
-26.1	11.80989392	0	-27.1
-26	11.85379839	0	-27
-25.9	11.89784273	0	-26.9
-25.8	11.94202654	0	-26.8
-25.7	11.98634943	0	-26.7
-25.6	12.03081096	0	-26.6
-25.5	12.07541069	0	-26.5
-25.4	12.12014817	0	-26.4
-25.3	12.16502292	0	-26.3
-25.2	12.21003444	0	-26.2
-25.1	12.25518222	0	-26.1
-25	12.30046575	0	-26
-24.9	12.34588447	0	-25.9
-24.8	12.39143782	0	-25.8
-24.7	12.43712522	0	-25.7
-24.6	12.48294607	0	-25.6
-24.5	12.52889975	0	-25.5
-24.4	12.57498563	0	-25.4
-24.3	12.62120305	0	-25.3
-24.2	12.66755134	0	-25.2
-24.1	12.71402979	0	-25.1
-24	12.76063771	0	-25
-23.9	12.80737435	0	-24.9
-23.8	12.85423895	0	-24.8
-23.7	12.90123076	0	-24.7
-23.6	12.94834896	0	-24.6
-23.5	12.99559275	0	-24.5
-23.4	13.04296129	0	-24.4
-23.3	13.09045372	0	-24.3
-23.2	13.13806916	0	-24.2
-23.1	13.18580672	0	-24.1
-23	13.23366547	0	-24
-22.9	13.28164446	0	-23.9
-22.8	13.32974274	0	-23.8
-22.7	13.3779593	0	-23.7
-22.6	13.42629315	0	-23.6
-22.5	13.47474324	0	-23.5
-22.4	13.52330852	0	-23.4
-22.3	13.57198791	0	-23.3
-22.2	13.62078029	0	-23.2
-22.1	13.66968456	0	-23.1
-22	13.71869955	0	-23
-21.9	13.76782408	0	-22.9
-21.8	13.81705696	0	-22.8
-21.7	13.86639696	0	-22.7
-21.6	13.91584284	0	-22.6
-21.5	13.96539331	0	-22.5
-21.4	14.01504708	0	-22.4
-21.3	14.06480282	0	-22.3
-21.2	14.11465919	0	-22.2
-21.1	14.1646148	0	-22.1
-21	14.21466825	0	-22
-20.9	14.26481812	0	-21.9
-20.8	14.31506295	0	-21.8
-20.7	14.36540125	0	-21.7
-20.6	14.41583153	0	-21.6
-20.5	14.46635224	0	-21.5
-20.4	14.51696183	0	-21.4
-20.3	14.5676587	0	-21.3
-20.2	14.61844124	0	-21.2
-20.1	14.6693078	0	-21.1
-20	14.72025672	0	-21
-19.9	14.77128629	0	-20.9
-19.8	14.82239478	0	-20.8
-19.7	14.87358044	0	-20.7
-19.6	14.92510496	0.015284444	-20.6
-19.5	14.97694862	0.029406263	-20.5
-19.4	15.02882655	0.042365458	-20.4
-19.3	15.08073657	0.05416203	-20.3
-19.2	15.13267646	0.064795977	-20.2
-19.1	15.18464397	0.0742673	-20.1
-19	15.23658683	0.079717437	-20
-18.9	15.2884522	0.081146387	-19.9
-18.8	15.34023731	0.07855415	-19.8
-18.7	15.39194028	0.071940727	-19.7
-18.6	15.44355805	0.061306117	-19.6
-18.5	15.49517241	0.051511774	-19.5
-18.4	15.54686598	0.042557696	-19.4
-18.3	15.59863685	0.034443885	-19.3
-18.2	15.65048303	0.02717034	-19.2
-18.1	15.70240255	0.020737062	-19.1
-18	15.75450677	0.021551718	-19
-17.9	15.80691002	0.029614308	-18.9
-17.8	15.85961331	0.044924832	-18.8
-17.7	15.91261628	0.067483291	-18.7
-17.6	15.96591856	0.097289684	-18.6
-17.5	16.01936177	0.125627609	-18.5
-17.4	16.07278589	0.152497065	-18.4
-17.3	16.12618806	0.177898052	-18.3
-17.2	16.17956537	0.201830571	-18.2
-17.1	16.23291486	0.224294622	-18.1
-17	16.28614421	0.24041549	-18
-16.9	16.33916016	0.250193175	-17.9
-16.8	16.39195833	0.253627677	-17.8
-16.7	16.44453454	0.250718996	-17.7
-16.6	16.49688672	0.241467133	-17.6
-16.5	16.54916006	0.234024345	-17.5
-16.4	16.60150081	0.228390633	-17.4
-16.3	16.65390671	0.224565997	-17.3
-16.2	16.70637542	0.222550436	-17.2
-16.1	16.7589046	0.222343951	-17.1
-16	16.81157608	0.22841905	-17
-15.9	16.86447263	0.240775732	-16.9
-15.8	16.91759306	0.259413998	-16.8
-15.7	16.9709361	0.284333848	-16.7
-15.6	17.02450047	0.315535281	-16.6
-15.5	17.07813941	0.345347439	-16.5
-15.4	17.13170472	0.373770323	-16.4
-15.3	17.18519294	0.400803931	-16.3
-15.2	17.23860056	0.426448265	-16.2
-15.1	17.29192407	0.450703325	-16.1
-15	17.34514759	0.472927324	-16
-14.9	17.39825513	0.493120265	-15.9
-14.8	17.4512429	0.511282145	-15.8
-14.7	17.50410708	0.527412967	-15.7
-14.6	17.55684383	0.541512729	-15.6
-14.5	17.60953309	0.557907574	-15.5
-14.4	17.66225552	0.576597504	-15.4
-14.3	17.71500835	0.597582517	-15.3
-14.2	17.76778878	0.620862614	-15.2
-14.1	17.82059398	0.646437795	-15.1
-14	17.8733863	0.67253102	-15
-13.9	17.92612774	0.699142289	-14.9
-13.8	17.97881491	0.726271602	-14.8
-13.7	18.0314444	0.753918959	-14.7
-13.6	18.08401274	0.78208436	-14.6
-13.5	18.13647749	0.808796273	-14.5
-13.4	18.1887958	0.834054699	-14.4
-13.3	18.24096364	0.857859636	-14.3
-13.2	18.29297694	0.880211085	-14.2
-13.1	18.34483161	0.901109046	-14.1
-13	18.39658987	0.923874542	-14
-12.9	18.44831448	0.948507574	-13.9
-12.8	18.50000214	0.97500814	-13.8
-12.7	18.5516495	1.003376242	-13.7
-12.6	18.60325322	1.033611879	-13.6
-12.5	18.65485485	1.067943698	-13.5
-12.4	18.7064963	1.106371699	-13.4
-12.3	18.75817468	1.148895882	-13.3
-12.2	18.80988708	1.195516246	-13.2
-12.1	18.86163057	1.246232792	-13.1
-12	18.91333712	1.297849899	-13
-11.9	18.96493813	1.350367564	-12.9
-11.8	19.01642979	1.40378579	-12.8
-11.7	19.06780827	1.458104575	-12.7
-11.6	19.11906971	1.51332392	-12.6
-11.5	19.17014321	1.566181448	-12.5
-11.4	19.22095731	1.61667716	-12.4
-11.3	19.2715073	1.664811055	-12.3
-11.2	19.32178849	1.710583134	-12.2
-11.1	19.37179614	1.753993396	-12.1
-11	19.4216315	1.800154365	-12
-10.9	19.47139662	1.849066042	-11.9
-10.8	19.52108794	1.900728426	-11.8
-10.7	19.5707019	1.955141517	-11.7
-10.6	19.6202349	2.012305316	-11.6
-10.5	19.66980755	2.078161235	-11.5
-10.4	19.71954137	2.152709275	-11.4
-10.3	19.76943405	2.235949436	-11.3
-10.2	19.81948325	2.327881718	-11.2
-10.1	19.86968659	2.428506121	-11.1
-10	19.91987375	2.52985937	-11
-9.9	19.9698732	2.631941467	-10.9
-9.8	20.01968071	2.73475241	-10.8
-9.7	20.06929204	2.8382922	-10.7
-9.6	20.11870292	2.942560837	-10.6
-9.5	20.16782355	3.043532631	-10.5
-9.4	20.21656353	3.141207584	-10.4
-9.3	20.26491772	3.235585694	-10.3
-9.2	20.31288098	3.326666962	-10.2
-9.1	20.36044821	3.414451389	-10.1
-9	20.40777064	3.506240512	-10
-8.9	20.45500054	3.602034333	-9.9
-8.8	20.50213431	3.70183285	-9.8
-8.7	20.54916834	3.805636065	-9.7
-8.6	20.59609899	3.913443977	-9.6
-8.5	20.64298149	4.027984658	-9.5
-8.4	20.68987138	4.149258108	-9.4
-8.3	20.73676554	4.277264325	-9.3
-8.2	20.78366083	4.412003312	-9.2
-8.1	20.83055409	4.553475067	-9.1
-8	20.87733822	4.696897059	-9
-7.9	20.92390552	4.842269287	-8.9
-7.8	20.97025187	4.989591751	-8.8
-7.7	21.01637314	5.138864452	-8.7
-7.6	21.06226521	5.290087389	-8.6
-7.5	21.10798183	5.445907394	-8.5
-7.4	21.15357708	5.606324467	-8.4
-7.3	21.19904732	5.771338607	-8.3
-7.2	21.24438889	5.940949815	-8.2
-7.1	21.28959813	6.115158091	-8.1
-7	21.33470896	6.295672107	-8
-6.9	21.37975551	6.482491861	-7.9
-6.8	21.42473439	6.675617354	-7.8
-6.7	21.46964219	6.875048587	-7.7
-6.6	21.5144755	7.080785558	-7.6
-6.5	21.55916592	7.289892036	-7.5
-6.4	21.60364473	7.50236802	-7.4
-6.3	21.64790804	7.718213511	-7.3
-6.2	21.69195196	7.937428507	-7.2
-6.1	21.73577261	8.16001301	-7.1
-6	21.77934765	8.385136878	-7
-5.9	21.82265467	8.612800109	-6.9
-5.8	21.86568969	8.843002706	-6.8
-5.7	21.90844876	9.075744666	-6.7
-5.6	21.95092794	9.311025991	-6.6
-5.5	21.99339667	9.561073775	-6.5
-5.4	22.03612555	9.825888018	-6.4
-5.3	22.07911232	10.10546872	-6.3
-5.2	22.12235464	10.39981588	-6.2
-5.1	22.16585012	10.70892951	-6.1
-5	22.20950211	11.02861397	-6
-4.9	22.25321354	11.35886929	-5.9
-4.8	22.29698139	11.69969545	-5.8
-4.7	22.34080262	12.05109246	-5.7
-4.6	22.38467418	12.41306031	-5.6
-4.5	22.42848918	12.78099488	-5.5
-4.4	22.47214036	13.15489616	-5.4
-4.3	22.51562412	13.53476416	-5.3
-4.2	22.55893689	13.92059886	-5.2
-4.1	22.6020751	14.31240029	-5.1
-4	22.64526404	14.72028321	-5
-3.9	22.68872971	15.14424765	-4.9
-3.8	22.73246951	15.58429359	-4.8
-3.7	22.77648074	16.04042104	-4.7
-3.6	22.82076066	16.51262999	-4.6
-3.5	22.86548493	17.00878366	-4.5
-3.4	22.91082957	17.52888205	-4.4
-3.3	22.95679228	18.07292516	-4.3
-3.2	23.00337063	18.64091298	-4.2
-3.1	23.05056208	19.23284553	-4.1
-3	23.09845653	19.85279232	-4
-2.9	23.14714396	20.50075336	-3.9
-2.8	23.19662174	21.17672866	-3.8
-2.7	23.24688709	21.88071821	-3.7
-2.6	23.29793707	22.612722	-3.6
-2.5	23.35002524	23.38400318	-3.5
-2.4	23.40340535	24.19456172	-3.4
-2.3	23.45807445	25.04439763	-3.3
-2.2	23.51402936	25.93351092	-3.2
-2.1	23.57126662	26.86190158	-3.1
-2	23.63015654	27.84596961	-3
-1.9	23.69106935	28.88571499	-2.9
-1.8	23.75400107	29.98113774	-2.8
-1.7	23.81894729	31.13223785	-2.7
-1.6	23.88590318	32.33901532	-2.6
-1.5	23.95541754	33.62576784	-2.5
-1.4	24.02803858	34.99249543	-2.4
-1.3	24.10375976	36.43919808	-2.3
-1.2	24.18257386	37.96587579	-2.2
-1.1	24.26447302	39.57252855	-2.1
-1	24.35011287	41.28832222	-2
-0.9	24.44014747	43.11325678	-1.9
-0.8	24.53456522	45.04733224	-1.8
-0.7	24.63335348	47.0905486	-1.7
-0.6	24.73649863	49.24290585	-1.6
-0.5	24.84461687	51.53217424	-1.5
-0.4	24.95832186	53.95835376	-1.4
-0.3	25.07759428	56.52144442	-1.3
-0.2	25.20241348	59.22144621	-1.2
-0.1	25.33275757	62.05835913	-1.1
-7.9865E-12	25.46884877	65.04302268	-1
0.1	25.61090721	68.17543687	-0.9
0.2	25.7589062	71.45560167	-0.8
0.3	25.91281795	74.88351711	-0.7
0.4	26.07261356	78.45918318	-0.6
0.5	26.23817973	82.17888546	-0.5
0.6	26.40940274	86.04262396	-0.4
0.7	26.58625201	90.05039868	-0.3
0.8	26.76869649	94.20220962	-0.2
0.9	26.95670469	98.49805678	-0.1
1	27.15002121	102.9279314	0
1.1	27.34839174	107.4918334	0.1
1.2	27.55178644	112.1897629	0.2
1.3	27.76017565	117.0217198	0.3
1.4	27.9735301	121.9877042	0.4
1.5	28.19096625	127.0491938	0.5
1.6	28.41160344	132.2061887	0.6
1.7	28.63540713	137.4586889	0.7
1.8	28.86234823	142.8066943	0.8
1.9	29.09239815	148.250205	0.9
2	29.32380067	153.7107621	1
2.1	29.55481039	159.1883658	1.1
2.2	29.78541516	164.6830159	1.2
2.3	30.01560293	170.1947125	1.3
2.4	30.24536152	175.7234555	1.4
2.5	30.47270839	181.1790226	1.5
2.6	30.69567363	186.5614137	1.6
2.7	30.91426419	191.8706288	1.7
2.8	31.128487	197.1066679	1.8
2.9	31.33834889	202.2695309	1.9
3	31.5428141	207.3111172	2
3.1	31.74085316	212.2314266	2.1
3.2	31.93248194	217.0304591	2.2
3.3	32.11771625	221.7082148	2.3
3.4	32.29657162	226.2646937	2.4
3.5	32.46857789	230.6773275	2.5
3.6	32.63326741	234.9461163	2.6
3.7	32.79065939	239.0710601	2.7
3.8	32.94077286	243.0521589	2.8
3.9	33.08362673	246.8894127	2.9
4	33.21941715	250.5911178	3
4.1	33.34833936	254.1572744	3.1
4.2	33.47041068	257.5878824	3.2
4.3	33.58564855	260.8829418	3.3
4.4	33.69407037	264.0424526	3.4
4.5	33.79675385	267.1163173	3.5
4.6	33.89477168	270.104536	3.6
4.7	33.98813387	273.0071085	3.7
4.8	34.07685074	275.824035	3.8
4.9	34.16093291	278.5553154	3.9
5	34.23965123	281.1659132	4
5.1	34.3122804	283.6558285	4.1
5.2	34.37883714	286.0250612	4.2
5.3	34.4393383	288.2736113	4.3
5.4	34.49380113	290.4014789	4.4
5.5	34.54255835	292.4236731	4.5
5.6	34.58594155	294.3401937	4.6
5.7	34.62396667	296.1510408	4.7
5.8	34.65664991	297.8562145	4.8
5.9	34.68400774	299.4557147	4.9
6	34.70662796	300.976886	5
6.1	34.72509618	302.4197286	5.1
6.2	34.73942615	303.7842423	5.2
6.3	34.74963191	305.0704272	5.3
6.4	34.75572778	306.2782833	5.4
6.5	34.75768192	307.405574	5.5
6.6	34.75546305	308.4522991	5.6
6.7	34.74908681	309.4184588	5.7
6.8	34.73856926	310.304053	5.8
6.9	34.72392677	311.1090818	5.9
7	34.70726472	311.9346993	6
7.1	34.69067873	312.7809055	6.1
7.2	34.67417056	313.6477004	6.2
7.3	34.65774198	314.5350841	6.3
7.4	34.64139479	315.4430565	6.4
7.5	34.62338438	316.2865446	6.5
7.6	34.60197528	317.0655484	6.6
7.7	34.57718323	317.7800679	6.7
7.8	34.54902425	318.430103	6.8
7.9	34.51751454	319.0156538	6.9
8	34.48319436	319.562395	7
8.1	34.44660138	320.0703267	7.1
8.2	34.40774821	320.5394488	7.2
8.3	34.3666475	320.9697613	7.3
8.4	34.32331196	321.3612643	7.4
8.5	34.27822131	321.7369868	7.5
8.6	34.23185283	322.096929	7.6
8.7	34.18421567	322.4410907	7.7
8.8	34.13531912	322.769472	7.8
8.9	34.08517268	323.082073	7.9
9	34.03366833	323.3730532	8
9.1	33.98069884	323.6424126	8.1
9.2	33.92627505	323.8901513	8.2
9.3	33.8704079	324.1162693	8.3
9.4	33.81310836	324.3207665	8.4
9.5	33.75495849	324.5321836	8.5
9.6	33.69653689	324.7505205	8.6
9.7	33.63784944	324.9757774	8.7
9.8	33.578902	325.2079541	8.8
9.9	33.51970033	325.4470508	8.9
10	33.45999331	325.6801395	9
10.1	33.39953148	325.9072203	9.1
10.2	33.33832302	326.1282933	9.2
10.3	33.27637617	326.3433583	9.3
10.4	33.21369918	326.5524154	9.4
10.5	33.14996163	326.7382856	9.5
10.6	33.08483541	326.9009688	9.6
10.7	33.01833233	327.040465	9.7
10.8	32.95046422	327.1567743	9.8
10.9	32.88124273	327.2498966	9.9
11	32.81089893	327.3310583	10
11.1	32.73966234	327.4002595	10.1
11.2	32.66754212	327.4575	10.2
11.3	32.59454746	327.50278	10.3
11.4	32.5206878	327.5360993	10.4
11.5	32.44607564	327.5627548	10.5
11.6	32.37082283	327.5827465	10.6
11.7	32.29493803	327.5960742	10.7
11.8	32.21842994	327.6027381	10.8
11.9	32.14130715	327.6027381	10.9
12	32.06370649	327.6027381	11
12.1	31.9857638	327.6027381	11.1
12.2	31.90748616	327.6027381	11.2
12.3	31.82888061	327.6027381	11.3
12.4	31.74995412	327.6027381	11.4
12.5	31.67071358	327.6027381	11.5
12.6	31.59116583	327.6027381	11.6
12.7	31.5113177	327.6027381	11.7
12.8	31.431176	327.6027381	11.8
12.9	31.3507475	327.6027381	11.9
13	31.270039	327.6027381	12
13.1	31.18905726	327.6027381	12.1
13.2	31.10780901	327.6027381	12.2
13.3	31.02630096	327.6027381	12.3
13.4	30.9445397	327.6027381	12.4
13.5	30.86253173	327.6027381	12.5
13.6	30.78028351	327.6027381	12.6
13.7	30.69780145	327.6027381	12.7
13.8	30.61509194	327.6027381	12.8
13.9	30.53216137	327.6027381	12.9
14	30.44901611	327.6027381	13
14.1	30.36566255	327.6027381	13.1
14.2	30.282107	327.6027381	13.2
14.3	30.19835576	327.6027381	13.3
14.4	30.11441513	327.6027381	13.4
14.5	30.0302914	327.6027381	13.5
14.6	29.94599087	327.6027381	13.6
14.7	29.86151977	327.6027381	13.7
14.8	29.77688429	327.6027381	13.8
14.9	29.69209057	327.6027381	13.9
15	29.60714467	327.6027381	14
15.1	29.52205259	327.6027381	14.1
15.2	29.43682031	327.6027381	14.2
15.3	29.35145374	327.6027381	14.3
15.4	29.26595877	327.6027381	14.4
15.5	29.18034121	327.6027381	14.5
15.6	29.09460681	327.6027381	14.6
15.7	29.00876131	327.6027381	14.7
15.8	28.92281038	327.6027381	14.8
15.9	28.83675964	327.6027381	14.9
16	28.75061464	327.6027381	15
16.1	28.66438088	327.6027381	15.1
16.2	28.57806383	327.6027381	15.2
16.3	28.49166889	327.6027381	15.3
16.4	28.40520143	327.6027381	15.4
16.5	28.31866678	327.6027381	15.5
16.6	28.2320702	327.6027381	15.6
16.7	28.14541691	327.6027381	15.7
16.8	28.05871209	327.6027381	15.8
16.9	27.97196088	327.6027381	15.9
17	27.88516834	327.6027381	16
17.1	27.79833951	327.6027381	16.1
17.2	27.71147937	327.6027381	16.2
17.3	27.62459285	327.6027381	16.3
17.4	27.53768484	327.6027381	16.4
17.5	27.45076017	327.6027381	16.5
17.6	27.36382362	327.6027381	16.6
17.7	27.27687993	327.6027381	16.7
17.8	27.18993379	327.6027381	16.8
17.9	27.10298983	327.6027381	16.9
18	27.01605263	327.6027381	17
18.1	26.92912672	327.6027381	17.1
18.2	26.8422166	327.6027381	17.2
18.3	26.75532669	327.6027381	17.3
18.4	26.66846138	327.6027381	17.4
18.5	26.581625	327.6027381	17.5
18.6	26.49482183	327.6027381	17.6
18.7	26.40805611	327.6027381	17.7
18.8	26.32133201	327.6027381	17.8
18.9	26.23465367	327.6027381	17.9
19	26.14802517	327.6027381	18
19.1	26.06145054	327.6027381	18.1
19.2	25.97493375	327.6027381	18.2
19.3	25.88847873	327.6027381	18.3
19.4	25.80208937	327.6027381	18.4
19.5	25.7157695	327.6027381	18.5
19.6	25.62952288	327.6027381	18.6
19.7	25.54335326	327.6027381	18.7
19.8	25.4572643	327.6027381	18.8
19.9	25.37125965	327.6027381	18.9
20	25.28534287	327.6027381	19
20.1	25.1995175	327.6027381	19.1
20.2	25.11378701	327.6027381	19.2
20.3	25.02815485	327.6027381	19.3
20.4	24.94262439	327.6027381	19.4
20.5	24.85719897	327.6027381	19.5
20.6	24.77188186	327.6027381	19.6
20.7	24.68667632	327.6027381	19.7
20.8	24.60158551	327.6027381	19.8
20.9	24.5166126	327.6027381	19.9
21	24.43176066	327.6027381	20
21.1	24.34703274	327.6027381	20.1
21.2	24.26243185	327.6027381	20.2
21.3	24.17796092	327.6027381	20.3
21.4	24.09362287	327.6027381	20.4
21.5	24.00942054	327.6027381	20.5
21.6	23.92535676	327.6027381	20.6
21.7	23.84143427	327.6027381	20.7
21.8	23.75765581	327.6027381	20.8
21.9	23.67402404	327.6027381	20.9
22	23.59054159	327.6027381	21
22.1	23.50721104	327.6027381	21.1
22.2	23.42403493	327.6027381	21.2
22.3	23.34101575	327.6027381	21.3
22.4	23.25815595	327.6027381	21.4
22.5	23.17545793	327.6027381	21.5
22.6	23.09292405	327.6027381	21.6
22.7	23.01055664	327.6027381	21.7
22.8	22.92835796	327.6027381	21.8
22.9	22.84633024	327.6027381	21.9
23	22.76447569	327.6027381	22
23.1	22.68279643	327.6027381	22.1
23.2	22.60129458	327.6027381	22.2
23.3	22.51997221	327.6027381	22.3
23.4	22.43883133	327.6027381	22.4
23.5	22.35787392	327.6027381	22.5
23.6	22.27710194	327.6027381	22.6
23.7	22.19651727	327.6027381	22.7
23.8	22.11612179	327.6027381	22.8
23.9	22.03591731	327.6027381	22.9
24	21.95590562	327.6027381	23
24.1	21.87608846	327.6027381	23.1
24.2	21.79646755	327.6027381	23.2
24.3	21.71704453	327.6027381	23.3
24.4	21.63782106	327.6027381	23.4
24.5	21.55879872	327.6027381	23.5
24.6	21.47997906	327.6027381	23.6
24.7	21.40136362	327.6027381	23.7
24.8	21.32295386	327.6027381	23.8
24.9	21.24475125	327.6027381	23.9
25	21.16675718	327.6027381	24
25.1	21.08897305	327.6027381	24.1
25.2	21.01140018	327.6027381	24.2
25.3	20.93403989	327.6027381	24.3
25.4	20.85689345	327.6027381	24.4
25.5	20.77996211	327.6027381	24.5
25.6	20.70324706	327.6027381	24.6
25.7	20.62674949	327.6027381	24.7
25.8	20.55047053	327.6027381	24.8
25.9	20.47441129	327.6027381	24.9
26	20.39857284	327.6027381	25
26.1	20.32295624	327.6027381	25.1
26.2	20.2475625	327.6027381	25.2
26.3	20.17239259	327.6027381	25.3
26.4	20.09744748	327.6027381	25.4
26.5	20.02272807	327.6027381	25.5
26.6	19.94823528	327.6027381	25.6
26.7	19.87396995	327.6027381	25.7
26.8	19.79993293	327.6027381	25.8
26.9	19.72612501	327.6027381	25.9
27	19.65254698	327.6027381	26
27.1	19.57919958	327.6027381	26.1
27.2	19.50608354	327.6027381	26.2
27.3	19.43319954	327.6027381	26.3
27.4	19.36054826	327.6027381	26.4
27.5	19.28813032	327.6027381	26.5
27.6	19.21594636	327.6027381	26.6
27.7	19.14399695	327.6027381	26.7
27.8	19.07228265	327.6027381	26.8
27.9	19.00080401	327.6027381	26.9
28	18.92956153	327.6027381	27
28.1	18.85855571	327.6027381	27.1
28.2	18.78778699	327.6027381	27.2
28.3	18.71725583	327.6027381	27.3
28.4	18.64696264	327.6027381	27.4
28.5	18.5769078	327.6027381	27.5
28.6	18.50709169	327.6027381	27.6
28.7	18.43751465	327.6027381	27.7
28.8	18.36817701	327.6027381	27.8
28.9	18.29907906	327.6027381	27.9
29	18.2302211	327.6027381	28
29.1	18.16160337	327.6027381	28.1
29.2	18.09322611	327.6027381	28.2
29.3	18.02508954	327.6027381	28.3
29.4	17.95719385	327.6027381	28.4
29.5	17.88953923	327.6027381	28.5
29.6	17.82212582	327.6027381	28.6
29.7	17.75495377	327.6027381	28.7
29.8	17.68802318	327.6027381	28.8
29.9	17.62133416	327.6027381	28.9
30	17.55488679	327.6027381	29
30.1	17.48868113	327.6027381	29.1
30.2	17.42271722	327.6027381	29.2
30.3	17.35699508	327.6027381	29.3
30.4	17.29151473	327.6027381	29.4
30.5	17.22627615	327.6027381	29.5
30.6	17.16127931	327.6027381	29.6
30.7	17.09652418	327.6027381	29.7
30.8	17.03201069	327.6027381	29.8
30.9	16.96773877	327.6027381	29.9
31	16.90370832	327.6027381	30
31.1	16.83991924	327.6027381	30.1
31.2	16.7763714	327.6027381	30.2
31.3	16.71306467	327.6027381	30.3
31.4	16.64999889	327.6027381	30.4
31.5	16.5871739	327.6027381	30.5
31.6	16.52458951	327.6027381	30.6
31.7	16.46224553	327.6027381	30.7
31.8	16.40014174	327.6027381	30.8
31.9	16.33827793	327.6027381	30.9
32	16.27665386	327.6027381	31
32.1	16.21526928	327.6027381	31.1
32.2	16.15412392	327.6027381	31.2
32.3	16.09321751	327.6027381	31.3
32.4	16.03254976	327.6027381	31.4
32.5	15.97212038	327.6027381	31.5
32.6	15.91192905	327.6027381	31.6
32.7	15.85197544	327.6027381	31.7
32.8	15.79225923	327.6027381	31.8
32.9	15.73278007	327.6027381	31.9
33	15.67353759	327.6027381	32
33.1	15.61453144	327.6027381	32.1
33.2	15.55576123	327.6027381	32.2
33.3	15.49722657	327.6027381	32.3
33.4	15.43892707	327.6027381	32.4
33.5	15.38086231	327.6027381	32.5
33.6	15.32303189	327.6027381	32.6
33.7	15.26543536	327.6027381	32.7
33.8	15.20807229	327.6027381	32.8
33.9	15.15094223	327.6027381	32.9
34	15.09404473	327.6027381	33
34.1	15.03737932	327.6027381	33.1
34.2	14.98094554	327.6027381	33.2
34.3	14.92474289	327.6027381	33.3
34.4	14.86877089	327.6027381	33.4
34.5	14.81302904	327.6027381	33.5
34.6	14.75751683	327.6027381	33.6
34.7	14.70223376	327.6027381	33.7
34.8	14.64717929	327.6027381	33.8
34.9	14.5923529	327.6027381	33.9
35	14.53775406	327.6027381	34
35.1	14.48338222	327.6027381	34.1
35.2	14.42923684	327.6027381	34.2
35.3	14.37531735	327.6027381	34.3
35.4	14.3216232	327.6027381	34.4
35.5	14.26815381	327.6027381	34.5
35.6	14.21490862	327.6027381	34.6
35.7	14.16188703	327.6027381	34.7
35.8	14.10908847	327.6027381	34.8
35.9	14.05651234	327.6027381	34.9
36	14.00415804	327.6027381	35
36.1	13.95202498	327.6027381	35.1
36.2	13.90011253	327.6027381	35.2
36.3	13.84842008	327.6027381	35.3
36.4	13.79694703	327.6027381	35.4
36.5	13.74569274	327.6027381	35.5
36.6	13.69465658	327.6027381	35.6
36.7	13.64383792	327.6027381	35.7
36.8	13.59323613	327.6027381	35.8
36.9	13.54285056	327.6027381	35.9
37	13.49268057	327.6027381	36
37.1	13.44272551	327.6027381	36.1
37.2	13.39298471	327.6027381	36.2
37.3	13.34345754	327.6027381	36.3
37.4	13.29414331	327.6027381	36.4
37.5	13.24504138	327.6027381	36.5
37.6	13.19615106	327.6027381	36.6
37.7	13.1474717	327.6027381	36.7
37.8	13.0990026	327.6027381	36.8
37.9	13.05074311	327.6027381	36.9
38	13.00269252	327.6027381	37
38.1	12.95485018	327.6027381	37.1
38.2	12.90721547	327.6027381	37.2
38.3	12.85978768	327.6027381	37.3
38.4	12.81256613	327.6027381	37.4
38.5	12.7655501	327.6027381	37.5
38.6	12.71873891	327.6027381	37.6
38.7	12.67213185	327.6027381	37.7
38.8	12.6257282	327.6027381	37.8
38.9	12.57952726	327.6027381	37.9
39	12.53352832	327.6027381	38
39.1	12.48773067	327.6027381	38.1
39.2	12.44213359	327.6027381	38.2
39.3	12.39673637	327.6027381	38.3
39.4	12.35153829	327.6027381	38.4
39.5	12.30653863	327.6027381	38.5
39.6	12.26173668	327.6027381	38.6
39.7	12.21713171	327.6027381	38.7
39.8	12.17272299	327.6027381	38.8
39.9	12.12850982	327.6027381	38.9
40	12.08449146	327.6027381	39
40.1	12.04066719	327.6027381	39.1
40.2	11.99703628	327.6027381	39.2
40.3	11.95359801	327.6027381	39.3
40.4	11.91035165	327.6027381	39.4
40.5	11.86729647	327.6027381	39.5
40.6	11.82443175	327.6027381	39.6
40.7	11.78175675	327.6027381	39.7
40.8	11.73927075	327.6027381	39.8
40.9	11.69697302	327.6027381	39.9
41	11.65486283	327.6027381	40
41.1	11.61293945	327.6027381	40.1
41.2	11.57120215	327.6027381	40.2
41.3	11.52965019	327.6027381	40.3
41.4	11.48828286	327.6027381	40.4
41.5	11.44709942	327.6027381	40.5
41.6	11.40609914	327.6027381	40.6
41.7	11.36528129	327.6027381	40.7
41.8	11.32464515	327.6027381	40.8
41.9	11.28418997	327.6027381	40.9
42	11.24391505	327.6027381	41
42.1	11.20381964	327.6027381	41.1
42.2	11.16390302	327.6027381	41.2
42.3	11.12416446	327.6027381	41.3
42.4	11.08460324	327.6027381	41.4
42.5	11.04521862	327.6027381	41.5
42.6	11.00600989	327.6027381	41.6
42.7	10.96697633	327.6027381	41.7
42.8	10.92811719	327.6027381	41.8
42.9	10.88943177	327.6027381	41.9
43	10.85091934	327.6027381	42
43.1	10.81257918	327.6027381	42.1
43.2	10.77441057	327.6027381	42.2
43.3	10.73641278	327.6027381	42.3
43.4	10.69858511	327.6027381	42.4
43.5	10.66092683	327.6027381	42.5
43.6	10.62343722	327.6027381	42.6
43.7	10.58611558	327.6027381	42.7
43.8	10.54896118	327.6027381	42.8
43.9	10.51197332	327.6027381	42.9
44	10.47515128	327.6027381	43
44.1	10.43849435	327.6027381	43.1
44.2	10.40200183	327.6027381	43.2
44.3	10.365673	327.6027381	43.3
44.4	10.32950715	327.6027381	43.4
44.5	10.29350359	327.6027381	43.5
44.6	10.25766162	327.6027381	43.6
44.7	10.22198051	327.6027381	43.7
44.8	10.18645959	327.6027381	43.8
44.9	10.15109814	327.6027381	43.9
45	10.11589548	327.6027381	44
45.1	10.08085089	327.6027381	44.1
45.2	10.0459637	327.6027381	44.2
45.3	10.0112332	327.6027381	44.3
45.4	9.97665871	327.6027381	44.4
45.5	9.942239534	327.6027381	44.5
45.6	9.907974986	327.6027381	44.6
45.7	9.87386438	327.6027381	44.7
45.8	9.839907032	327.6027381	44.8
45.9	9.806102258	327.6027381	44.9
46	9.772449379	327.6027381	45
46.1	9.738947714	327.6027381	45.1
46.2	9.705596588	327.6027381	45.2
46.3	9.672395324	327.6027381	45.3
46.4	9.639343249	327.6027381	45.4
46.5	9.606439692	327.6027381	45.5
46.6	9.573683982	327.6027381	45.6
46.7	9.541075453	327.6027381	45.7
46.8	9.508613438	327.6027381	45.8
46.9	9.476297274	327.6027381	45.9
47	9.444126298	327.6027381	46
47.1	9.412099851	327.6027381	46.1
47.2	9.380217275	327.6027381	46.2
47.3	9.348477914	327.6027381	46.3
47.4	9.316881114	327.6027381	46.4
47.5	9.285426224	327.6027381	46.5
47.6	9.254112594	327.6027381	46.6
47.7	9.222939576	327.6027381	46.7
47.8	9.191906524	327.6027381	46.8
47.9	9.161012796	327.6027381	46.9
48	9.13025775	327.6027381	47
48.1	9.099640747	327.6027381	47.1
48.2	9.069161149	327.6027381	47.2
48.3	9.038818323	327.6027381	47.3
48.4	9.008611634	327.6027381	47.4
48.5	8.978540453	327.6027381	47.5
48.6	8.948604151	327.6027381	47.6
48.7	8.918802102	327.6027381	47.7
48.8	8.889133681	327.6027381	47.8
48.9	8.859598268	327.6027381	47.9
49	8.830195242	327.6027381	48
49.1	8.800923986	327.6027381	48.1
49.2	8.771783885	327.6027381	48.2
49.3	8.742774326	327.6027381	48.3
49.4	8.713894698	327.6027381	48.4
49.5	8.685144393	327.6027381	48.5
49.6	8.656522804	327.6027381	48.6
49.7	8.628029328	327.6027381	48.7
49.8	8.599663362	327.6027381	48.8
49.9	8.571424308	327.6027381	48.9
50	8.543311567	327.6027381	49
50.1	8.515324547	327.6027381	49.1
50.2	8.487462652	327.6027381	49.2
50.3	8.459725294	327.6027381	49.3
50.4	8.432111884	327.6027381	49.4
50.5	8.404621837	327.6027381	49.5
50.6	8.377254568	327.6027381	49.6
50.7	8.350009497	327.6027381	49.7
50.8	8.322886045	327.6027381	49.8
50.9	8.295883635	327.6027381	49.9
51	8.269001693	327.6027381	50
51.1	8.242239647	327.6027381	50.1
51.2	8.215596928	327.6027381	50.2
51.3	8.189072967	327.6027381	50.3
51.4	8.162667199	327.6027381	50.4
51.5	8.136379063	327.6027381	50.5
51.6	8.110207997	327.6027381	50.6
51.7	8.084153443	327.6027381	50.7
51.8	8.058214845	327.6027381	50.8
51.9	8.03239165	327.6027381	50.9
52	8.006683307	327.6027381	51
52.1	7.981089266	327.6027381	51.1
52.2	7.955608982	327.6027381	51.2
52.3	7.930241908	327.6027381	51.3
52.4	7.904987504	327.6027381	51.4
52.5	7.87984523	327.6027381	51.5
52.6	7.854814548	327.6027381	51.6
52.7	7.829894924	327.6027381	51.7
52.8	7.805085823	327.6027381	51.8
52.9	7.780386716	327.6027381	51.9
53	7.755797075	327.6027381	52
53.1	7.731316373	327.6027381	52.1
53.2	7.706944086	327.6027381	52.2
53.3	7.682679694	327.6027381	52.3
53.4	7.658522677	327.6027381	52.4
53.5	7.634472518	327.6027381	52.5
53.6	7.610528703	327.6027381	52.6
53.7	7.58669072	327.6027381	52.7
53.8	7.562958057	327.6027381	52.8
53.9	7.539330208	327.6027381	52.9
54	7.515806668	327.6027381	53
54.1	7.492386932	327.6027381	53.1
54.2	7.469070499	327.6027381	53.2
54.3	7.445856872	327.6027381	53.3
54.4	7.422745553	327.6027381	53.4
54.5	7.399736048	327.6027381	53.5
54.6	7.376827866	327.6027381	53.6
54.7	7.354020516	327.6027381	53.7
54.8	7.33131351	327.6027381	53.8
54.9	7.308706364	327.6027381	53.9
55	7.286198595	327.6027381	54
55.1	7.26378972	327.6027381	54.1
55.2	7.241479263	327.6027381	54.2
55.3	7.219266745	327.6027381	54.3
55.4	7.197151694	327.6027381	54.4
55.5	7.175133636	327.6027381	54.5
55.6	7.153212102	327.6027381	54.6
55.7	7.131386624	327.6027381	54.7
55.8	7.109656737	327.6027381	54.8
55.9	7.088021976	327.6027381	54.9
56	7.066481882	327.6027381	55
56.1	7.045035994	327.6027381	55.1
56.2	7.023683856	327.6027381	55.2
56.3	7.002425013	327.6027381	55.3
56.4	6.981259013	327.6027381	55.4
56.5	6.960185405	327.6027381	55.5
56.6	6.93920374	327.6027381	55.6
56.7	6.918313573	327.6027381	55.7
56.8	6.897514459	327.6027381	55.8
56.9	6.876805956	327.6027381	55.9
57	6.856187625	327.6027381	56
57.1	6.835659027	327.6027381	56.1
57.2	6.815219727	327.6027381	56.2
57.3	6.794869292	327.6027381	56.3
57.4	6.774607289	327.6027381	56.4
57.5	6.754433289	327.6027381	56.5
57.6	6.734346865	327.6027381	56.6
57.7	6.714347592	327.6027381	56.7
57.8	6.694435045	327.6027381	56.8
57.9	6.674608805	327.6027381	56.9
58	6.654868451	327.6027381	57
58.1	6.635213567	327.6027381	57.1
58.2	6.615643737	327.6027381	57.2
58.3	6.596158549	327.6027381	57.3
58.4	6.576757591	327.6027381	57.4
58.5	6.557440453	327.6027381	57.5
58.6	6.53820673	327.6027381	57.6
58.7	6.519056015	327.6027381	57.7
58.8	6.499987906	327.6027381	57.8
58.9	6.481002001	327.6027381	57.9
59	6.462097902	327.6027381	58
59.1	6.44327521	327.6027381	58.1
59.2	6.424533531	327.6027381	58.2
59.3	6.405872472	327.6027381	58.3
59.4	6.38729164	327.6027381	58.4
59.5	6.368790647	327.6027381	58.5
59.6	6.350369105	327.6027381	58.6
59.7	6.332026628	327.6027381	58.7
59.8	6.313762832	327.6027381	58.8
59.9	6.295577337	327.6027381	58.9
60	6.277469761	327.6027381	59
60.1	6.259439727	327.6027381	59.1
60.2	6.241486859	327.6027381	59.2
60.3	6.223610782	327.6027381	59.3
60.4	6.205811124	327.6027381	59.4
60.5	6.188087514	327.6027381	59.5
60.6	6.170439584	327.6027381	59.6
60.7	6.152866967	327.6027381	59.7
60.8	6.135369298	327.6027381	59.8
60.9	6.117946213	327.6027381	59.9
61	6.100597351	327.6027381	60
61.1	6.083322354	327.6027381	60.1
61.2	6.066120862	327.6027381	60.2
61.3	6.04899252	327.6027381	60.3
61.4	6.031936973	327.6027381	60.4
61.5	6.01495387	327.6027381	60.5
61.6	5.99804286	327.6027381	60.6
61.7	5.981203594	327.6027381	60.7
61.8	5.964435725	327.6027381	60.8
61.9	5.947738907	327.6027381	60.9
62	5.931112797	327.6027381	61
62.1	5.914557053	327.6027381	61.1
62.2	5.898071335	327.6027381	61.2
62.3	5.881655305	327.6027381	61.3
62.4	5.865308625	327.6027381	61.4
62.5	5.849030961	327.6027381	61.5
62.6	5.832821981	327.6027381	61.6
62.7	5.816681351	327.6027381	61.7
62.8	5.800608742	327.6027381	61.8
62.9	5.784603826	327.6027381	61.9
63	5.768666276	327.6027381	62
63.1	5.752795768	327.6027381	62.1
63.2	5.736991979	327.6027381	62.2
63.3	5.721254586	327.6027381	62.3
63.4	5.70558327	327.6027381	62.4
63.5	5.689977712	327.6027381	62.5
63.6	5.674437596	327.6027381	62.6
63.7	5.658962606	327.6027381	62.7
63.8	5.64355243	327.6027381	62.8
63.9	5.628206755	327.6027381	62.9
64	5.612925272	327.6027381	63
64.1	5.597707671	327.6027381	63.1
64.2	5.582553645	327.6027381	63.2
64.3	5.567462889	327.6027381	63.3
64.4	5.552435099	327.6027381	63.4
64.5	5.537469972	327.6027381	63.5
64.6	5.522567208	327.6027381	63.6
64.7	5.507726508	327.6027381	63.7
64.8	5.492947573	327.6027381	63.8
64.9	5.478230107	327.6027381	63.9
65	5.463573816	327.6027381	64
65.1	5.448978407	327.6027381	64.1
65.2	5.434443587	327.6027381	64.2
65.3	5.419969067	327.6027381	64.3
65.4	5.405554559	327.6027381	64.4
65.5	5.391199773	327.6027381	64.5
65.6	5.376904426	327.6027381	64.6
65.7	5.362668233	327.6027381	64.7
65.8	5.34849091	327.6027381	64.8
65.9	5.334372177	327.6027381	64.9
66	5.320311754	327.6027381	65
66.1	5.306309362	327.6027381	65.1
66.2	5.292364725	327.6027381	65.2
66.3	5.278477566	327.6027381	65.3
66.4	5.264647612	327.6027381	65.4
66.5	5.25087459	327.6027381	65.5
66.6	5.237158229	327.6027381	65.6
66.7	5.223498258	327.6027381	65.7
66.8	5.209894409	327.6027381	65.8
66.9	5.196346415	327.6027381	65.9
67	5.182854011	327.6027381	66
67.1	5.169416931	327.6027381	66.1
67.2	5.156034913	327.6027381	66.2
67.3	5.142707696	327.6027381	66.3
67.4	5.129435018	327.6027381	66.4
67.5	5.116216621	327.6027381	66.5
67.6	5.103052248	327.6027381	66.6
67.7	5.089941641	327.6027381	66.7
67.8	5.076884547	327.6027381	66.8
67.9	5.063880711	327.6027381	66.9
68	5.050929882	327.6027381	67
68.1	5.038031807	327.6027381	67.1
68.2	5.025186238	327.6027381	67.2
68.3	5.012392926	327.6027381	67.3
68.4	4.999651624	327.6027381	67.4
68.5	4.986962086	327.6027381	67.5
68.6	4.974324067	327.6027381	67.6
68.7	4.961737324	327.6027381	67.7
68.8	4.949201616	327.6027381	67.8
68.9	4.936716701	327.6027381	67.9
69	4.92428234	327.6027381	68
69.1	4.911898294	327.6027381	68.1
69.2	4.899564327	327.6027381	68.2
69.3	4.887280202	327.6027381	68.3
69.4	4.875045685	327.6027381	68.4
69.5	4.862860543	327.6027381	68.5
69.6	4.850724543	327.6027381	68.6
69.7	4.838637454	327.6027381	68.7
69.8	4.826599048	327.6027381	68.8
69.9	4.814609094	327.6027381	68.9
70	4.802667366	327.6027381	69
70.1	4.790773637	327.6027381	69.1
70.2	4.778927682	327.6027381	69.2
70.3	4.767129279	327.6027381	69.3
70.4	4.755378202	327.6027381	69.4
70.5	4.743674232	327.6027381	69.5
70.6	4.732017148	327.6027381	69.6
70.7	4.72040673	327.6027381	69.7
70.8	4.708842761	327.6027381	69.8
70.9	4.697325023	327.6027381	69.9
71	4.6858533	327.6027381	70
71.1	4.674427378	327.6027381	70.1
71.2	4.663047043	327.6027381	70.2
71.3	4.651712083	327.6027381	70.3
71.4	4.640422286	327.6027381	70.4
71.5	4.629177441	327.6027381	70.5
71.6	4.61797734	327.6027381	70.6
71.7	4.606821774	327.6027381	70.7
71.8	4.595710536	327.6027381	70.8
71.9	4.584643421	327.6027381	70.9
72	4.573620222	327.6027381	71
72.1	4.562640737	327.6027381	71.1
72.2	4.551704763	327.6027381	71.2
72.3	4.540812097	327.6027381	71.3
72.4	4.52996254	327.6027381	71.4
72.5	4.51915589	327.6027381	71.5
72.6	4.508391951	327.6027381	71.6
72.7	4.497670523	327.6027381	71.7
72.8	4.486991411	327.6027381	71.8
72.9	4.476354418	327.6027381	71.9
73	4.465759351	327.6027381	72
73.1	4.455206016	327.6027381	72.1
73.2	4.444694219	327.6027381	72.2
73.3	4.43422377	327.6027381	72.3
73.4	4.423794478	327.6027381	72.4
73.5	4.413406154	327.6027381	72.5
73.6	4.403058608	327.6027381	72.6
73.7	4.392751653	327.6027381	72.7
73.8	4.382485103	327.6027381	72.8
73.9	4.372258771	327.6027381	72.9
74	4.362072474	327.6027381	73
74.1	4.351926026	327.6027381	73.1
74.2	4.341819246	327.6027381	73.2
74.3	4.331751952	327.6027381	73.3
74.4	4.321723961	327.6027381	73.4
74.5	4.311735096	327.6027381	73.5
74.6	4.301785175	327.6027381	73.6
74.7	4.291874022	327.6027381	73.7
74.8	4.282001459	327.6027381	73.8
74.9	4.27216731	327.6027381	73.9
75	4.262371398	327.6027381	74
75.1	4.25261355	327.6027381	74.1
75.2	4.242893593	327.6027381	74.2
75.3	4.233211352	327.6027381	74.3
75.4	4.223566657	327.6027381	74.4
75.5	4.213959337	327.6027381	74.5
75.6	4.204389221	327.6027381	74.6
75.7	4.194856141	327.6027381	74.7
75.8	4.185359927	327.6027381	74.8
75.9	4.175900413	327.6027381	74.9
76	4.166477431	327.6027381	75
76.1	4.157090817	327.6027381	75.1
76.2	4.147740405	327.6027381	75.2
76.3	4.138426031	327.6027381	75.3
76.4	4.129147532	327.6027381	75.4
76.5	4.119904746	327.6027381	75.5
76.6	4.110697511	327.6027381	75.6
76.7	4.101525667	327.6027381	75.7
76.8	4.092389052	327.6027381	75.8
76.9	4.08328751	327.6027381	75.9
77	4.074220881	327.6027381	76
77.1	4.065189007	327.6027381	76.1
77.2	4.056191733	327.6027381	76.2
77.3	4.047228903	327.6027381	76.3
77.4	4.03830036	327.6027381	76.4
77.5	4.029405952	327.6027381	76.5
77.6	4.020545525	327.6027381	76.6
77.7	4.011718926	327.6027381	76.7
77.8	4.002926003	327.6027381	76.8
77.9	3.994166606	327.6027381	76.9
78	3.985440583	327.6027381	77
78.1	3.976747785	327.6027381	77.1
78.2	3.968088065	327.6027381	77.2
78.3	3.959461272	327.6027381	77.3
78.4	3.950867262	327.6027381	77.4
78.5	3.942305885	327.6027381	77.5
78.6	3.933776998	327.6027381	77.6
78.7	3.925280455	327.6027381	77.7
78.8	3.916816112	327.6027381	77.8
78.9	3.908383825	327.6027381	77.9
79	3.899983451	327.6027381	78
79.1	3.891614849	327.6027381	78.1
79.2	3.883277876	327.6027381	78.2
79.3	3.874972393	327.6027381	78.3
79.4	3.866698259	327.6027381	78.4
79.5	3.858455336	327.6027381	78.5
79.6	3.850243484	327.6027381	78.6
79.7	3.842062566	327.6027381	78.7
79.8	3.833912445	327.6027381	78.8
79.9	3.825792985	327.6027381	78.9
80	3.817704049	327.6027381	79
80.1	3.809645503	327.6027381	79.1
80.2	3.801617212	327.6027381	79.2
80.3	3.793619043	327.6027381	79.3
80.4	3.785650863	327.6027381	79.4
80.5	3.777712539	327.6027381	79.5
80.6	3.769803941	327.6027381	79.6
80.7	3.761924936	327.6027381	79.7
80.8	3.754075395	327.6027381	79.8
80.9	3.746255187	327.6027381	79.9
81	3.738464185	327.6027381	80
81.1	3.73070226	327.6027381	80.1
81.2	3.722969283	327.6027381	80.2
81.3	3.715265129	327.6027381	80.3
81.4	3.70758967	327.6027381	80.4
81.5	3.699942781	327.6027381	80.5
81.6	3.692324337	327.6027381	80.6
81.7	3.684734214	327.6027381	80.7
81.8	3.677172286	327.6027381	80.8
81.9	3.669638432	327.6027381	80.9
82	3.662132529	327.6027381	81
82.1	3.654654454	327.6027381	81.1
82.2	3.647204086	327.6027381	81.2
82.3	3.639781305	327.6027381	81.3
82.4	3.632385991	327.6027381	81.4
82.5	3.625018023	327.6027381	81.5
82.6	3.617677283	327.6027381	81.6
82.7	3.610363653	327.6027381	81.7
82.8	3.603077014	327.6027381	81.8
82.9	3.59581725	327.6027381	81.9
83	3.588584244	327.6027381	82
83.1	3.58137788	327.6027381	82.1
83.2	3.574198043	327.6027381	82.2
83.3	3.567044618	327.6027381	82.3
83.4	3.55991749	327.6027381	82.4
83.5	3.552816546	327.6027381	82.5
83.6	3.545741673	327.6027381	82.6
83.7	3.538692759	327.6027381	82.7
83.8	3.53166969	327.6027381	82.8
83.9	3.524672357	327.6027381	82.9
84	3.517700647	327.6027381	83
84.1	3.510754452	327.6027381	83.1
84.2	3.50383366	327.6027381	83.2
84.3	3.496938163	327.6027381	83.3
84.4	3.490067852	327.6027381	83.4
84.5	3.483222619	327.6027381	83.5
84.6	3.476402357	327.6027381	83.6
84.7	3.469606957	327.6027381	83.7
84.8	3.462836315	327.6027381	83.8
84.9	3.456090324	327.6027381	83.9
85	3.449368878	327.6027381	84
85.1	3.442671873	327.6027381	84.1
85.2	3.435999203	327.6027381	84.2
85.3	3.429350766	327.6027381	84.3
85.4	3.422726458	327.6027381	84.4
85.5	3.416126176	327.6027381	84.5
85.6	3.409549818	327.6027381	84.6
85.7	3.402997281	327.6027381	84.7
85.8	3.396468465	327.6027381	84.8
85.9	3.389963269	327.6027381	84.9
86	3.383481592	327.6027381	85
86.1	3.377023334	327.6027381	85.1
86.2	3.370588397	327.6027381	85.2
86.3	3.364176681	327.6027381	85.3
86.4	3.357788088	327.6027381	85.4
86.5	3.35142252	327.6027381	85.5
86.6	3.34507988	327.6027381	85.6
86.7	3.338760071	327.6027381	85.7
86.8	3.332462996	327.6027381	85.8
86.9	3.32618856	327.6027381	85.9
87	3.319936667	327.6027381	86
87.1	3.313707222	327.6027381	86.1
87.2	3.30750013	327.6027381	86.2
87.3	3.301315298	327.6027381	86.3
87.4	3.295152631	327.6027381	86.4
87.5	3.289012037	327.6027381	86.5
87.6	3.282893423	327.6027381	86.6
87.7	3.276796697	327.6027381	86.7
87.8	3.270721767	327.6027381	86.8
87.9	3.264668541	327.6027381	86.9
88	3.258636929	327.6027381	87
88.1	3.252626841	327.6027381	87.1
88.2	3.246638186	327.6027381	87.2
88.3	3.240670874	327.6027381	87.3
88.4	3.234724818	327.6027381	87.4
88.5	3.228799927	327.6027381	87.5
88.6	3.222896114	327.6027381	87.6
88.7	3.217013291	327.6027381	87.7
88.8	3.211151371	327.6027381	87.8
88.9	3.205310266	327.6027381	87.9
89	3.199489891	327.6027381	88
89.1	3.193690158	327.6027381	88.1
89.2	3.187910983	327.6027381	88.2
89.3	3.18215228	327.6027381	88.3
89.4	3.176413964	327.6027381	88.4
89.5	3.170695951	327.6027381	88.5
89.6	3.164998156	327.6027381	88.6
89.7	3.159320497	327.6027381	88.7
89.8	3.15366289	327.6027381	88.8
89.9	3.148025252	327.6027381	88.9
90	3.142407501	327.6027381	89
90.1	3.136809554	327.6027381	89.1
90.2	3.131231331	327.6027381	89.2
90.3	3.12567275	327.6027381	89.3
90.4	3.12013373	327.6027381	89.4
90.5	3.11461419	327.6027381	89.5
90.6	3.109114052	327.6027381	89.6
90.7	3.103633234	327.6027381	89.7
90.8	3.098171658	327.6027381	89.8
90.9	3.092729245	327.6027381	89.9
91	3.087305917	327.6027381	90
91.1	3.081901595	327.6027381	90.1
91.2	3.076516202	327.6027381	90.2
91.3	3.07114966	327.6027381	90.3
91.4	3.065801892	327.6027381	90.4
91.5	3.060472822	327.6027381	90.5
91.6	3.055162373	327.6027381	90.6
91.7	3.04987047	327.6027381	90.7
91.8	3.044597037	327.6027381	90.8
91.9	3.039341999	327.6027381	90.9
92	3.034105281	327.6027381	91
92.1	3.028886809	327.6027381	91.1
92.2	3.023686508	327.6027381	91.2
92.3	3.018504306	327.6027381	91.3
92.4	3.013340128	327.6027381	91.4
92.5	3.008193901	327.6027381	91.5
92.6	3.003065554	327.6027381	91.6
92.7	2.997955013	327.6027381	91.7
92.8	2.992862207	327.6027381	91.8
92.9	2.987787064	327.6027381	91.9
93	2.982729512	327.6027381	92
93.1	2.977689482	327.6027381	92.1
93.2	2.972666902	327.6027381	92.2
93.3	2.967661702	327.6027381	92.3
93.4	2.962673812	327.6027381	92.4
93.5	2.957703162	327.6027381	92.5
93.6	2.952749684	327.6027381	92.6
93.7	2.947813309	327.6027381	92.7
93.8	2.942893967	327.6027381	92.8
93.9	2.93799159	327.6027381	92.9
94	2.933106111	327.6027381	93
94.1	2.928237463	327.6027381	93.1
94.2	2.923385577	327.6027381	93.2
94.3	2.918550386	327.6027381	93.3
94.4	2.913731825	327.6027381	93.4
94.5	2.908929826	327.6027381	93.5
94.6	2.904144324	327.6027381	93.6
94.7	2.899375253	327.6027381	93.7
94.8	2.894622548	327.6027381	93.8
94.9	2.889886143	327.6027381	93.9
95	2.885165974	327.6027381	94
95.1	2.880461977	327.6027381	94.1
95.2	2.875774086	327.6027381	94.2
95.3	2.871102238	327.6027381	94.3
95.4	2.866446371	327.6027381	94.4
95.5	2.861806419	327.6027381	94.5
95.6	2.857182322	327.6027381	94.6
95.7	2.852574015	327.6027381	94.7
95.8	2.847981436	327.6027381	94.8
95.9	2.843404524	327.6027381	94.9
96	2.838843216	327.6027381	95
96.1	2.834297452	327.6027381	95.1
96.2	2.829767169	327.6027381	95.2
96.3	2.825252308	327.6027381	95.3
96.4	2.820752806	327.6027381	95.4
96.5	2.816268605	327.6027381	95.5
96.6	2.811799644	327.6027381	95.6
96.7	2.807345863	327.6027381	95.7
96.8	2.802907202	327.6027381	95.8
96.9	2.798483603	327.6027381	95.9
97	2.794075007	327.6027381	96
97.1	2.789681355	327.6027381	96.1
97.2	2.785302588	327.6027381	96.2
97.3	2.780938648	327.6027381	96.3
97.4	2.776589478	327.6027381	96.4
97.5	2.77225502	327.6027381	96.5
97.6	2.767935217	327.6027381	96.6
97.7	2.763630012	327.6027381	96.7
97.8	2.759339347	327.6027381	96.8
97.9	2.755063166	327.6027381	96.9
98	2.750801414	327.6027381	97
98.1	2.746554034	327.6027381	97.1
98.2	2.742320971	327.6027381	97.2
98.3	2.738102168	327.6027381	97.3
98.4	2.733897572	327.6027381	97.4
98.5	2.729707126	327.6027381	97.5
98.6	2.725530776	327.6027381	97.6
98.7	2.721368468	327.6027381	97.7
98.8	2.717220148	327.6027381	97.8
98.9	2.713085761	327.6027381	97.9
99	2.708965255	327.6027381	98
99.1	2.704858575	327.6027381	98.1
99.2	2.700765668	327.6027381	98.2
99.3	2.696686482	327.6027381	98.3
99.4	2.692620963	327.6027381	98.4
99.5	2.68856906	327.6027381	98.5
99.6	2.68453072	327.6027381	98.6
99.7	2.680505891	327.6027381	98.7
99.8	2.676494522	327.6027381	98.8
99.9	2.67249656	327.6027381	98.9
100	2.668511956	327.6027381	99
100.1	2.664540657	327.6027381	99.1
100.2	2.660582613	327.6027381	99.2
100.3	2.656637773	327.6027381	99.3
100.4	2.652706087	327.6027381	99.4
100.5	2.648787506	327.6027381	99.5
100.6	2.644881979	327.6027381	99.6
100.7	2.640989456	327.6027381	99.7
100.8	2.637109888	327.6027381	99.8
100.9	2.633243227	327.6027381	99.9
101	2.629389422	327.6027381	100
101.1	2.625548427	327.6027381	100.1
101.2	2.62172019	327.6027381	100.2
101.3	2.617904666	327.6027381	100.3
101.4	2.614101805	327.6027381	100.4
101.5	2.61031156	327.6027381	100.5
101.6	2.606533883	327.6027381	100.6
101.7	2.602768727	327.6027381	100.7
101.8	2.599016045	327.6027381	100.8
101.9	2.595275789	327.6027381	100.9
102	2.591547914	327.6027381	101
102.1	2.587832372	327.6027381	101.1
102.2	2.584129116	327.6027381	101.2
102.3	2.580438102	327.6027381	101.3
102.4	2.576759283	327.6027381	101.4
102.5	2.573092614	327.6027381	101.5
102.6	2.569438048	327.6027381	101.6
102.7	2.565795541	327.6027381	101.7
102.8	2.562165048	327.6027381	101.8
102.9	2.558546524	327.6027381	101.9
103	2.554939924	327.6027381	102
103.1	2.551345203	327.6027381	102.1
103.2	2.547762318	327.6027381	102.2
103.3	2.544191225	327.6027381	102.3
103.4	2.540631879	327.6027381	102.4
103.5	2.537084236	327.6027381	102.5
103.6	2.533548255	327.6027381	102.6
103.7	2.53002389	327.6027381	102.7
103.8	2.5265111	327.6027381	102.8
103.9	2.523009841	327.6027381	102.9
104	2.519520071	327.6027381	103
104.1	2.516041747	327.6027381	103.1
104.2	2.512574826	327.6027381	103.2
104.3	2.509119268	327.6027381	103.3
104.4	2.505675029	327.6027381	103.4
104.5	2.502242069	327.6027381	103.5
104.6	2.498820345	327.6027381	103.6
104.7	2.495409816	327.6027381	103.7
104.8	2.492010442	327.6027381	103.8
104.9	2.488622181	327.6027381	103.9
105	2.485244992	327.6027381	104
105.1	2.481878835	327.6027381	104.1
105.2	2.478523669	327.6027381	104.2
105.3	2.475179455	327.6027381	104.3
105.4	2.471846151	327.6027381	104.4
105.5	2.468523719	327.6027381	104.5
105.6	2.465212118	327.6027381	104.6
105.7	2.46191131	327.6027381	104.7
105.8	2.458621254	327.6027381	104.8
105.9	2.455341911	327.6027381	104.9
106	2.452073243	327.6027381	105
106.1	2.448815211	327.6027381	105.1
106.2	2.445567776	327.6027381	105.2
106.3	2.442330899	327.6027381	105.3
106.4	2.439104542	327.6027381	105.4
106.5	2.435888668	327.6027381	105.5
106.6	2.432683238	327.6027381	105.6
106.7	2.429488214	327.6027381	105.7
106.8	2.42630356	327.6027381	105.8
106.9	2.423129236	327.6027381	105.9
107	2.419965206	327.6027381	106
107.1	2.416811434	327.6027381	106.1
107.2	2.413667881	327.6027381	106.2
107.3	2.410534512	327.6027381	106.3
107.4	2.407411289	327.6027381	106.4
107.5	2.404298176	327.6027381	106.5
107.6	2.401195137	327.6027381	106.6
107.7	2.398102136	327.6027381	106.7
107.8	2.395019136	327.6027381	106.8
107.9	2.391946102	327.6027381	106.9
108	2.388882999	327.6027381	107
108.1	2.38582979	327.6027381	107.1
108.2	2.38278644	327.6027381	107.2
108.3	2.379752915	327.6027381	107.3
108.4	2.376729179	327.6027381	107.4
108.5	2.373715197	327.6027381	107.5
108.6	2.370710934	327.6027381	107.6
108.7	2.367716356	327.6027381	107.7
108.8	2.364731429	327.6027381	107.8
108.9	2.361756118	327.6027381	107.9
109	2.35879039	327.6027381	108
109.1	2.355834209	327.6027381	108.1
109.2	2.352887543	327.6027381	108.2
109.3	2.349950357	327.6027381	108.3
109.4	2.347022619	327.6027381	108.4
109.5	2.344104294	327.6027381	108.5
109.6	2.34119535	327.6027381	108.6
109.7	2.338295754	327.6027381	108.7
109.8	2.335405471	327.6027381	108.8
109.9	2.332524471	327.6027381	108.9
110	2.32965272	327.6027381	109
110.1	2.326790185	327.6027381	109.1
110.2	2.323936835	327.6027381	109.2
110.3	2.321092637	327.6027381	109.3
110.4	2.318257558	327.6027381	109.4
110.5	2.315431568	327.6027381	109.5
110.6	2.312614634	327.6027381	109.6
110.7	2.309806724	327.6027381	109.7
110.8	2.307007808	327.6027381	109.8
110.9	2.304217853	327.6027381	109.9
111	2.301436828	327.6027381	110
111.1	2.298664703	327.6027381	110.1
111.2	2.295901446	327.6027381	110.2
111.3	2.293147026	327.6027381	110.3
111.4	2.290401414	327.6027381	110.4
111.5	2.287664577	327.6027381	110.5
111.6	2.284936486	327.6027381	110.6
111.7	2.282217111	327.6027381	110.7
111.8	2.279506421	327.6027381	110.8
111.9	2.276804386	327.6027381	110.9
112	2.274110977	327.6027381	111
112.1	2.271426163	327.6027381	111.1
112.2	2.268749915	327.6027381	111.2
112.3	2.266082204	327.6027381	111.3
112.4	2.263422999	327.6027381	111.4
112.5	2.260772272	327.6027381	111.5
112.6	2.258129994	327.6027381	111.6
112.7	2.255496135	327.6027381	111.7
112.8	2.252870667	327.6027381	111.8
112.9	2.250253561	327.6027381	111.9
113	2.247644788	327.6027381	112
113.1	2.24504432	327.6027381	112.1
113.2	2.242452128	327.6027381	112.2
113.3	2.239868184	327.6027381	112.3
113.4	2.23729246	327.6027381	112.4
113.5	2.234724929	327.6027381	112.5
113.6	2.232165561	327.6027381	112.6
113.7	2.229614329	327.6027381	112.7
113.8	2.227071206	327.6027381	112.8
113.9	2.224536164	327.6027381	112.9
114	2.222009176	327.6027381	113
114.1	2.219490213	327.6027381	113.1
114.2	2.21697925	327.6027381	113.2
114.3	2.214476259	327.6027381	113.3
114.4	2.211981213	327.6027381	113.4
114.5	2.209494085	327.6027381	113.5
114.6	2.207014849	327.6027381	113.6
114.7	2.204543478	327.6027381	113.7
114.8	2.202079944	327.6027381	113.8
114.9	2.199624223	327.6027381	113.9
115	2.197176288	327.6027381	114
115.1	2.194736112	327.6027381	114.1
115.2	2.19230367	327.6027381	114.2
115.3	2.189878935	327.6027381	114.3
115.4	2.187461882	327.6027381	114.4
115.5	2.185052485	327.6027381	114.5
115.6	2.182650719	327.6027381	114.6
115.7	2.180256557	327.6027381	114.7
115.8	2.177869975	327.6027381	114.8
115.9	2.175490947	327.6027381	114.9
116	2.173119449	327.6027381	115
116.1	2.170755454	327.6027381	115.1
116.2	2.168398939	327.6027381	115.2
116.3	2.166049878	327.6027381	115.3
116.4	2.163708246	327.6027381	115.4
116.5	2.161374019	327.6027381	115.5
116.6	2.159047173	327.6027381	115.6
116.7	2.156727682	327.6027381	115.7
116.8	2.154415523	327.6027381	115.8
116.9	2.152110672	327.6027381	115.9
117	2.149813103	327.6027381	116
117.1	2.147522794	327.6027381	116.1
117.2	2.145239721	327.6027381	116.2
117.3	2.142963858	327.6027381	116.3
117.4	2.140695184	327.6027381	116.4
117.5	2.138433674	327.6027381	116.5
117.6	2.136179304	327.6027381	116.6
117.7	2.133932052	327.6027381	116.7
117.8	2.131691894	327.6027381	116.8
117.9	2.129458806	327.6027381	116.9
118	2.127232767	327.6027381	117
118.1	2.125013752	327.6027381	117.1
118.2	2.122801738	327.6027381	117.2
118.3	2.120596704	327.6027381	117.3
118.4	2.118398625	327.6027381	117.4
118.5	2.116207481	327.6027381	117.5
118.6	2.114023247	327.6027381	117.6
118.7	2.111845902	327.6027381	117.7
118.8	2.109675423	327.6027381	117.8
118.9	2.107511788	327.6027381	117.9
119	2.105354975	327.6027381	118
119.1	2.103204962	327.6027381	118.1
119.2	2.101061726	327.6027381	118.2
119.3	2.098925247	327.6027381	118.3
119.4	2.096795502	327.6027381	118.4
119.5	2.094672469	327.6027381	118.5
119.6	2.092556127	327.6027381	118.6
119.7	2.090446454	327.6027381	118.7
119.8	2.08834343	327.6027381	118.8
119.9	2.086247032	327.6027381	118.9
120	2.084157239	327.6027381	119
120.1	2.082074031	327.6027381	119.1
120.2	2.079997386	327.6027381	119.2
120.3	2.077927283	327.6027381	119.3
120.4	2.075863701	327.6027381	119.4
120.5	2.07380662	327.6027381	119.5
120.6	2.071756019	327.6027381	119.6
120.7	2.069711877	327.6027381	119.7
120.8	2.067674174	327.6027381	119.8
120.9	2.065642889	327.6027381	119.9
121	2.063618001	327.6027381	120
121.1	2.061599492	327.6027381	120.1
121.2	2.059587339	327.6027381	120.2
121.3	2.057581524	327.6027381	120.3
121.4	2.055582027	327.6027381	120.4
121.5	2.053588826	327.6027381	120.5
121.6	2.051601904	327.6027381	120.6
121.7	2.049621238	327.6027381	120.7
121.8	2.047646811	327.6027381	120.8
121.9	2.045678602	327.6027381	120.9
122	2.043716592	327.6027381	121
122.1	2.041760762	327.6027381	121.1
122.2	2.039811091	327.6027381	121.2
122.3	2.037867562	327.6027381	121.3
122.4	2.035930154	327.6027381	121.4
122.5	2.033998848	327.6027381	121.5
122.6	2.032073626	327.6027381	121.6
122.7	2.030154468	327.6027381	121.7
122.8	2.028241356	327.6027381	121.8
122.9	2.026334271	327.6027381	121.9
123	2.024433193	327.6027381	122
123.1	2.022538105	327.6027381	122.1
123.2	2.020648988	327.6027381	122.2
123.3	2.018765823	327.6027381	122.3
123.4	2.016888592	327.6027381	122.4
123.5	2.015017277	327.6027381	122.5
123.6	2.013151859	327.6027381	122.6
123.7	2.01129232	327.6027381	122.7
123.8	2.009438642	327.6027381	122.8
123.9	2.007590807	327.6027381	122.9
124	2.005748797	327.6027381	123
124.1	2.003912594	327.6027381	123.1
124.2	2.002082181	327.6027381	123.2
124.3	2.000257539	327.6027381	123.3
124.4	1.998438651	327.6027381	123.4
124.5	1.996625499	327.6027381	123.5
124.6	1.994818066	327.6027381	123.6
124.7	1.993016334	327.6027381	123.7
124.8	1.991220287	327.6027381	123.8
124.9	1.989429906	327.6027381	123.9
125	1.987645174	327.6027381	124
125.1	1.985866075	327.6027381	124.1
125.2	1.984092591	327.6027381	124.2
125.3	1.982324705	327.6027381	124.3
125.4	1.9805624	327.6027381	124.4
125.5	1.97880566	327.6027381	124.5
125.6	1.977054467	327.6027381	124.6
125.7	1.975308805	327.6027381	124.7
125.8	1.973568657	327.6027381	124.8
125.9	1.971834006	327.6027381	124.9
126	1.970104837	327.6027381	125
126.1	1.968381132	327.6027381	125.1
126.2	1.966662875	327.6027381	125.2
126.3	1.96495005	327.6027381	125.3
126.4	1.963242641	327.6027381	125.4
126.5	1.961540631	327.6027381	125.5
126.6	1.959844004	327.6027381	125.6
126.7	1.958152745	327.6027381	125.7
126.8	1.956466837	327.6027381	125.8
126.9	1.954786264	327.6027381	125.9
127	1.95311101	327.6027381	126
127.1	1.95144106	327.6027381	126.1
127.2	1.949776398	327.6027381	126.2
127.3	1.948117008	327.6027381	126.3
127.4	1.946462874	327.6027381	126.4
127.5	1.944813982	327.6027381	126.5
127.6	1.943170315	327.6027381	126.6
127.7	1.941531859	327.6027381	126.7
127.8	1.939898597	327.6027381	126.8
127.9	1.938270515	327.6027381	126.9
128	1.936647597	327.6027381	127
128.1	1.935029829	327.6027381	127.1
128.2	1.933417194	327.6027381	127.2
128.3	1.931809679	327.6027381	127.3
128.4	1.930207268	327.6027381	127.4
128.5	1.928609946	327.6027381	127.5
128.6	1.927017698	327.6027381	127.6
128.7	1.92543051	327.6027381	127.7
128.8	1.923848366	327.6027381	127.8
128.9	1.922271253	327.6027381	127.9
129	1.920699155	327.6027381	128
129.1	1.919132059	327.6027381	128.1
129.2	1.917569949	327.6027381	128.2
129.3	1.916012811	327.6027381	128.3
129.4	1.914460631	327.6027381	128.4
129.5	1.912913394	327.6027381	128.5
129.6	1.911371086	327.6027381	128.6
129.7	1.909833694	327.6027381	128.7
129.8	1.908301202	327.6027381	128.8
129.9	1.906773597	327.6027381	128.9
130	1.905250865	327.6027381	129
130.1	1.903732992	327.6027381	129.1
130.2	1.902219963	327.6027381	129.2
130.3	1.900711766	327.6027381	129.3
130.4	1.899208386	327.6027381	129.4
130.5	1.897709809	327.6027381	129.5
130.6	1.896216023	327.6027381	129.6
130.7	1.894727013	327.6027381	129.7
130.8	1.893242765	327.6027381	129.8
130.9	1.891763267	327.6027381	129.9
131	1.890288504	327.6027381	130
131.1	1.888818464	327.6027381	130.1
131.2	1.887353133	327.6027381	130.2
131.3	1.885892497	327.6027381	130.3
131.4	1.884436544	327.6027381	130.4
131.5	1.882985261	327.6027381	130.5
131.6	1.881538633	327.6027381	130.6
131.7	1.880096649	327.6027381	130.7
131.8	1.878659295	327.6027381	130.8
131.9	1.877226558	327.6027381	130.9
132	1.875798425	327.6027381	131
132.1	1.874374884	327.6027381	131.1
132.2	1.872955921	327.6027381	131.2
132.3	1.871541525	327.6027381	131.3
132.4	1.870131681	327.6027381	131.4
132.5	1.868726378	327.6027381	131.5
132.6	1.867325603	327.6027381	131.6
132.7	1.865929343	327.6027381	131.7
132.8	1.864537586	327.6027381	131.8
132.9	1.863150319	327.6027381	131.9
133	1.861767531	327.6027381	132
133.1	1.860389208	327.6027381	132.1
133.2	1.859015339	327.6027381	132.2
133.3	1.85764591	327.6027381	132.3
133.4	1.856280911	327.6027381	132.4
133.5	1.854920329	327.6027381	132.5
133.6	1.853564152	327.6027381	132.6
133.7	1.852212367	327.6027381	132.7
133.8	1.850864963	327.6027381	132.8
133.9	1.849521928	327.6027381	132.9
134	1.848183249	327.6027381	133
134.1	1.846848916	327.6027381	133.1
134.2	1.845518916	327.6027381	133.2
134.3	1.844193238	327.6027381	133.3
134.4	1.84287187	327.6027381	133.4
134.5	1.8415548	327.6027381	133.5
134.6	1.840242016	327.6027381	133.6
134.7	1.838933507	327.6027381	133.7
134.8	1.837629262	327.6027381	133.8
134.9	1.83632927	327.6027381	133.9
135	1.835033517	327.6027381	134
135.1	1.833741995	327.6027381	134.1
135.2	1.83245469	327.6027381	134.2
135.3	1.831171592	327.6027381	134.3
135.4	1.829892689	327.6027381	134.4
135.5	1.828617971	327.6027381	134.5
135.6	1.827347426	327.6027381	134.6
135.7	1.826081043	327.6027381	134.7
135.8	1.824818811	327.6027381	134.8
135.9	1.823560719	327.6027381	134.9
136	1.822306756	327.6027381	135
136.1	1.821056912	327.6027381	135.1
136.2	1.819811175	327.6027381	135.2
136.3	1.818569534	327.6027381	135.3
136.4	1.81733198	327.6027381	135.4
136.5	1.8160985	327.6027381	135.5
136.6	1.814869085	327.6027381	135.6
136.7	1.813643723	327.6027381	135.7
136.8	1.812422405	327.6027381	135.8
136.9	1.811205119	327.6027381	135.9
137	1.809991855	327.6027381	136
137.1	1.808782603	327.6027381	136.1
137.2	1.807577352	327.6027381	136.2
137.3	1.806376092	327.6027381	136.3
137.4	1.805178812	327.6027381	136.4
137.5	1.803985503	327.6027381	136.5
137.6	1.802796153	327.6027381	136.6
137.7	1.801610754	327.6027381	136.7
137.8	1.800429293	327.6027381	136.8
137.9	1.799251762	327.6027381	136.9
138	1.798078151	327.6027381	137
138.1	1.796908449	327.6027381	137.1
138.2	1.795742646	327.6027381	137.2
138.3	1.794580733	327.6027381	137.3
138.4	1.793422698	327.6027381	137.4
138.5	1.792268534	327.6027381	137.5
138.6	1.791118229	327.6027381	137.6
138.7	1.789971774	327.6027381	137.7
138.8	1.78882916	327.6027381	137.8
138.9	1.787690376	327.6027381	137.9
139	1.786555412	327.6027381	138
139.1	1.78542426	327.6027381	138.1
139.2	1.784296909	327.6027381	138.2
139.3	1.783173351	327.6027381	138.3
139.4	1.782053574	327.6027381	138.4
139.5	1.780937571	327.6027381	138.5
139.6	1.779825332	327.6027381	138.6
139.7	1.778716846	327.6027381	138.7
139.8	1.777612106	327.6027381	138.8
139.9	1.776511101	327.6027381	138.9
140	1.775413822	327.6027381	139
140.1	1.77432026	327.6027381	139.1
140.2	1.773230406	327.6027381	139.2
140.3	1.772144251	327.6027381	139.3
140.4	1.771061785	327.6027381	139.4
140.5	1.769982999	327.6027381	139.5
140.6	1.768907885	327.6027381	139.6
140.7	1.767836433	327.6027381	139.7
140.8	1.766768635	327.6027381	139.8
140.9	1.765704481	327.6027381	139.9
141	1.764643962	327.6027381	140
141.1	1.76358707	327.6027381	140.1
141.2	1.762533796	327.6027381	140.2
141.3	1.761484131	327.6027381	140.3
141.4	1.760438067	327.6027381	140.4
141.5	1.759395594	327.6027381	140.5
141.6	1.758356703	327.6027381	140.6
141.7	1.757321388	327.6027381	140.7
141.8	1.756289637	327.6027381	140.8
141.9	1.755261444	327.6027381	140.9
142	1.754236799	327.6027381	141
142.1	1.753215695	327.6027381	141.1
142.2	1.752198122	327.6027381	141.2
142.3	1.751184072	327.6027381	141.3
142.4	1.750173536	327.6027381	141.4
142.5	1.749166508	327.6027381	141.5
142.6	1.748162977	327.6027381	141.6
142.7	1.747162936	327.6027381	141.7
142.8	1.746166376	327.6027381	141.8
142.9	1.74517329	327.6027381	141.9
143	1.744183669	327.6027381	142
143.1	1.743197505	327.6027381	142.1
143.2	1.74221479	327.6027381	142.2
143.3	1.741235515	327.6027381	142.3
143.4	1.740259673	327.6027381	142.4
143.5	1.739287256	327.6027381	142.5
143.6	1.738318256	327.6027381	142.6
143.7	1.737352665	327.6027381	142.7
143.8	1.736390474	327.6027381	142.8
143.9	1.735431676	327.6027381	142.9
144	1.734476264	327.6027381	143
144.1	1.733524228	327.6027381	143.1
144.2	1.732575563	327.6027381	143.2
144.3	1.731630259	327.6027381	143.3
144.4	1.730688309	327.6027381	143.4
144.5	1.729749706	327.6027381	143.5
144.6	1.728814441	327.6027381	143.6
144.7	1.727882508	327.6027381	143.7
144.8	1.726953898	327.6027381	143.8
144.9	1.726028604	327.6027381	143.9
145	1.725106619	327.6027381	144
145.1	1.724187934	327.6027381	144.1
145.2	1.723272544	327.6027381	144.2
145.3	1.722360439	327.6027381	144.3
145.4	1.721451613	327.6027381	144.4
145.5	1.720546059	327.6027381	144.5
145.6	1.719643768	327.6027381	144.6
145.7	1.718744734	327.6027381	144.7
145.8	1.71784895	327.6027381	144.8
145.9	1.716956408	327.6027381	144.9
146	1.716067101	327.6027381	145
146.1	1.715181022	327.6027381	145.1
146.2	1.714298164	327.6027381	145.2
146.3	1.713418519	327.6027381	145.3
146.4	1.712542081	327.6027381	145.4
146.5	1.711668843	327.6027381	145.5
146.6	1.710798797	327.6027381	145.6
146.7	1.709931936	327.6027381	145.7
146.8	1.709068254	327.6027381	145.8
146.9	1.708207744	327.6027381	145.9
147	1.707350398	327.6027381	146
147.1	1.70649621	327.6027381	146.1
147.2	1.705645173	327.6027381	146.2
147.3	1.70479728	327.6027381	146.3
147.4	1.703952525	327.6027381	146.4
147.5	1.703110901	327.6027381	146.5
147.6	1.7022724	327.6027381	146.6
147.7	1.701437016	327.6027381	146.7
147.8	1.700604744	327.6027381	146.8
147.9	1.699775575	327.6027381	146.9
148	1.698949503	327.6027381	147
148.1	1.698126523	327.6027381	147.1
148.2	1.697306626	327.6027381	147.2
148.3	1.696489807	327.6027381	147.3
148.4	1.69567606	327.6027381	147.4
148.5	1.694865377	327.6027381	147.5
148.6	1.694057753	327.6027381	147.6
148.7	1.69325318	327.6027381	147.7
148.8	1.692451653	327.6027381	147.8
148.9	1.691653166	327.6027381	147.9
149	1.690857711	327.6027381	148
149.1	1.690065283	327.6027381	148.1
149.2	1.689275875	327.6027381	148.2
149.3	1.688489481	327.6027381	148.3
149.4	1.687706095	327.6027381	148.4
149.5	1.686925711	327.6027381	148.5
149.6	1.686148322	327.6027381	148.6
149.7	1.685373923	327.6027381	148.7
149.8	1.684602508	327.6027381	148.8
149.9	1.683834069	327.6027381	148.9
150	1.683068602	327.6027381	149
150.1	1.6823061	327.6027381	149.1
150.2	1.681546557	327.6027381	149.2
150.3	1.680789967	327.6027381	149.3
150.4	1.680036325	327.6027381	149.4
150.5	1.679285624	327.6027381	149.5
150.6	1.678537859	327.6027381	149.6
150.7	1.677793023	327.6027381	149.7
150.8	1.677051111	327.6027381	149.8
150.9	1.676312117	327.6027381	149.9
