Kurbelwinkel	Hub_EV
[KWnEO]	[mm]
  0.0	 0.002200
  0.1	 0.007400
  0.2	 0.012600
  0.3	 0.017800
  0.4	 0.023100
  0.5	 0.028300
  0.6	 0.033500
  0.7	 0.038800
  0.8	 0.044000
  0.9	 0.049200
  1.0	 0.054500
  1.1	 0.059700
  1.2	 0.065000
  1.3	 0.070200
  1.4	 0.075500
  1.5	 0.080700
  1.6	 0.086000
  1.7	 0.091200
  1.8	 0.096500
  1.9	 0.101800
  2.0	 0.107000
  2.1	 0.112300
  2.2	 0.117600
  2.3	 0.122800
  2.4	 0.128100
  2.5	 0.133400
  2.6	 0.138700
  2.7	 0.144000
  2.8	 0.149200
  2.9	 0.154500
  3.0	 0.159800
  3.1	 0.165100
  3.2	 0.170400
  3.3	 0.175700
  3.4	 0.181000
  3.5	 0.186300
  3.6	 0.191600
  3.7	 0.196900
  3.8	 0.202200
  3.9	 0.207600
  4.0	 0.212900
  4.1	 0.218200
  4.2	 0.223500
  4.3	 0.228800
  4.4	 0.234200
  4.5	 0.239500
  4.6	 0.244800
  4.7	 0.250200
  4.8	 0.255500
  4.9	 0.260800
  5.0	 0.266200
  5.1	 0.271500
  5.2	 0.276900
  5.3	 0.282200
  5.4	 0.287600
  5.5	 0.292900
  5.6	 0.298300
  5.7	 0.303600
  5.8	 0.309000
  5.9	 0.314400
  6.0	 0.319700
  6.1	 0.325100
  6.2	 0.330500
  6.3	 0.335800
  6.4	 0.341200
  6.5	 0.346600
  6.6	 0.352000
  6.7	 0.357400
  6.8	 0.362700
  6.9	 0.368100
  7.0	 0.373500
  7.1	 0.378900
  7.2	 0.384300
  7.3	 0.389700
  7.4	 0.395100
  7.5	 0.400500
  7.6	 0.405900
  7.7	 0.411300
  7.8	 0.416700
  7.9	 0.422200
  8.0	 0.427600
  8.1	 0.433000
  8.2	 0.438400
  8.3	 0.443800
  8.4	 0.449300
  8.5	 0.454700
  8.6	 0.460100
  8.7	 0.465600
  8.8	 0.471000
  8.9	 0.476400
  9.0	 0.481600
  9.1	 0.486900
  9.2	 0.492100
  9.3	 0.497300
  9.4	 0.502600
  9.5	 0.507800
  9.6	 0.513100
  9.7	 0.518300
  9.8	 0.523600
  9.9	 0.528800
 10.0	 0.534100
 10.1	 0.539300
 10.2	 0.544600
 10.3	 0.550000
 10.4	 0.555300
 10.5	 0.560600
 10.6	 0.565900
 10.7	 0.571200
 10.8	 0.576500
 10.9	 0.581800
 11.0	 0.587100
 11.1	 0.592400
 11.2	 0.597600
 11.3	 0.602900
 11.4	 0.608200
 11.5	 0.613400
 11.6	 0.618700
 11.7	 0.623900
 11.8	 0.629100
 11.9	 0.634400
 12.0	 0.639600
 12.1	 0.644800
 12.2	 0.650000
 12.3	 0.655200
 12.4	 0.660300
 12.5	 0.665500
 12.6	 0.670700
 12.7	 0.675800
 12.8	 0.681000
 12.9	 0.686100
 13.0	 0.691200
 13.1	 0.696300
 13.2	 0.701400
 13.3	 0.706500
 13.4	 0.711600
 13.5	 0.716700
 13.6	 0.721700
 13.7	 0.726800
 13.8	 0.731800
 13.9	 0.736900
 14.0	 0.741900
 14.1	 0.746900
 14.2	 0.751900
 14.3	 0.756900
 14.4	 0.761800
 14.5	 0.766800
 14.6	 0.771800
 14.7	 0.776700
 14.8	 0.781700
 14.9	 0.786600
 15.0	 0.791500
 15.1	 0.796400
 15.2	 0.801300
 15.3	 0.806200
 15.4	 0.811100
 15.5	 0.816000
 15.6	 0.820800
 15.7	 0.825700
 15.8	 0.830500
 15.9	 0.835400
 16.0	 0.840200
 16.1	 0.845000
 16.2	 0.849800
 16.3	 0.855000
 16.4	 0.859000
 16.5	 0.864000
 16.6	 0.869000
 16.7	 0.874000
 16.8	 0.878000
 16.9	 0.883000
 17.0	 0.888000
 17.1	 0.893000
 17.2	 0.897000
 17.3	 0.902000
 17.4	 0.907000
 17.5	 0.911000
 17.6	 0.916000
 17.7	 0.921000
 17.8	 0.925000
 17.9	 0.930000
 18.0	 0.934000
 18.1	 0.939000
 18.2	 0.943000
 18.3	 0.948000
 18.4	 0.953000
 18.5	 0.957000
 18.6	 0.962000
 18.7	 0.966000
 18.8	 0.971000
 18.9	 0.975000
 19.0	 0.980000
 19.1	 0.984000
 19.2	 0.989000
 19.3	 0.993000
 19.4	 0.998000
 19.5	 1.002000
 19.6	 1.007000
 19.7	 1.011000
 19.8	 1.015000
 19.9	 1.020000
 20.0	 1.024000
 20.1	 1.029000
 20.2	 1.033000
 20.3	 1.037000
 20.4	 1.042000
 20.5	 1.046000
 20.6	 1.050000
 20.7	 1.055000
 20.8	 1.059000
 20.9	 1.063000
 21.0	 1.068000
 21.1	 1.072000
 21.2	 1.076000
 21.3	 1.080000
 21.4	 1.085000
 21.5	 1.089000
 21.6	 1.093000
 21.7	 1.097000
 21.8	 1.101000
 21.9	 1.106000
 22.0	 1.110000
 22.1	 1.114000
 22.2	 1.118000
 22.3	 1.122000
 22.4	 1.126000
 22.5	 1.130000
 22.6	 1.135000
 22.7	 1.139000
 22.8	 1.143000
 22.9	 1.147000
 23.0	 1.151000
 23.1	 1.155000
 23.2	 1.159000
 23.3	 1.163000
 23.4	 1.167000
 23.5	 1.171000
 23.6	 1.175000
 23.7	 1.179000
 23.8	 1.183000
 23.9	 1.187000
 24.0	 1.191000
 24.1	 1.195000
 24.2	 1.199000
 24.3	 1.203000
 24.4	 1.207000
 24.5	 1.210000
 24.6	 1.214000
 24.7	 1.218000
 24.8	 1.222000
 24.9	 1.226000
 25.0	 1.230000
 25.1	 1.234000
 25.2	 1.237000
 25.3	 1.241000
 25.4	 1.245000
 25.5	 1.249000
 25.6	 1.253000
 25.7	 1.256000
 25.8	 1.260000
 25.9	 1.264000
 26.0	 1.267000
 26.1	 1.271000
 26.2	 1.275000
 26.3	 1.279000
 26.4	 1.282000
 26.5	 1.286000
 26.6	 1.290000
 26.7	 1.293000
 26.8	 1.297000
 26.9	 1.301000
 27.0	 1.304000
 27.1	 1.308000
 27.2	 1.311000
 27.3	 1.315000
 27.4	 1.318000
 27.5	 1.322000
 27.6	 1.326000
 27.7	 1.329000
 27.8	 1.333000
 27.9	 1.336000
 28.0	 1.340000
 28.1	 1.343000
 28.2	 1.347000
 28.3	 1.350000
 28.4	 1.353000
 28.5	 1.357000
 28.6	 1.360000
 28.7	 1.364000
 28.8	 1.367000
 28.9	 1.371000
 29.0	 1.374000
 29.1	 1.377000
 29.2	 1.381000
 29.3	 1.384000
 29.4	 1.387000
 29.5	 1.391000
 29.6	 1.394000
 29.7	 1.397000
 29.8	 1.401000
 29.9	 1.404000
 30.0	 1.407000
 30.1	 1.411000
 30.2	 1.414000
 30.3	 1.417000
 30.4	 1.420000
 30.5	 1.423000
 30.6	 1.427000
 30.7	 1.430000
 30.8	 1.433000
 30.9	 1.436000
 31.0	 1.439000
 31.1	 1.442000
 31.2	 1.446000
 31.3	 1.449000
 31.4	 1.452000
 31.5	 1.455000
 31.6	 1.458000
 31.7	 1.461000
 31.8	 1.464000
 31.9	 1.467000
 32.0	 1.470000
 32.1	 1.473000
 32.2	 1.476000
 32.3	 1.479000
 32.4	 1.482000
 32.5	 1.485000
 32.6	 1.488000
 32.7	 1.491000
 32.8	 1.494000
 32.9	 1.497000
 33.0	 1.500000
 33.1	 1.503000
 33.2	 1.506000
 33.3	 1.509000
 33.4	 1.512000
 33.5	 1.514000
 33.6	 1.517000
 33.7	 1.520000
 33.8	 1.523000
 33.9	 1.526000
 34.0	 1.529000
 34.1	 1.531000
 34.2	 1.534000
 34.3	 1.537000
 34.4	 1.540000
 34.5	 1.542000
 34.6	 1.545000
 34.7	 1.548000
 34.8	 1.551000
 34.9	 1.553000
 35.0	 1.556000
 35.1	 1.559000
 35.2	 1.561000
 35.3	 1.564000
 35.4	 1.567000
 35.5	 1.569000
 35.6	 1.572000
 35.7	 1.575000
 35.8	 1.577000
 35.9	 1.580000
 36.0	 1.582000
 36.1	 1.585000
 36.2	 1.587000
 36.3	 1.590000
 36.4	 1.592000
 36.5	 1.595000
 36.6	 1.597000
 36.7	 1.600000
 36.8	 1.602000
 36.9	 1.605000
 37.0	 1.607000
 37.1	 1.610000
 37.2	 1.612000
 37.3	 1.615000
 37.4	 1.617000
 37.5	 1.620000
 37.6	 1.622000
 37.7	 1.624000
 37.8	 1.627000
 37.9	 1.629000
 38.0	 1.631000
 38.1	 1.634000
 38.2	 1.636000
 38.3	 1.638000
 38.4	 1.641000
 38.5	 1.643000
 38.6	 1.645000
 38.7	 1.647000
 38.8	 1.650000
 38.9	 1.652000
 39.0	 1.654000
 39.1	 1.656000
 39.2	 1.658000
 39.3	 1.661000
 39.4	 1.663000
 39.5	 1.665000
 39.6	 1.667000
 39.7	 1.669000
 39.8	 1.671000
 39.9	 1.674000
 40.0	 1.676000
 40.1	 1.678000
 40.2	 1.680000
 40.3	 1.682000
 40.4	 1.684000
 40.5	 1.686000
 40.6	 1.688000
 40.7	 1.690000
 40.8	 1.692000
 40.9	 1.694000
 41.0	 1.696000
 41.1	 1.698000
 41.2	 1.700000
 41.3	 1.702000
 41.4	 1.704000
 41.5	 1.706000
 41.6	 1.708000
 41.7	 1.710000
 41.8	 1.711000
 41.9	 1.713000
 42.0	 1.715000
 42.1	 1.717000
 42.2	 1.719000
 42.3	 1.721000
 42.4	 1.723000
 42.5	 1.724000
 42.6	 1.726000
 42.7	 1.728000
 42.8	 1.730000
 42.9	 1.732000
 43.0	 1.733000
 43.1	 1.735000
 43.2	 1.737000
 43.3	 1.738000
 43.4	 1.740000
 43.5	 1.742000
 43.6	 1.743000
 43.7	 1.745000
 43.8	 1.747000
 43.9	 1.748000
 44.0	 1.750000
 44.1	 1.752000
 44.2	 1.753000
 44.3	 1.755000
 44.4	 1.756000
 44.5	 1.758000
 44.6	 1.760000
 44.7	 1.761000
 44.8	 1.763000
 44.9	 1.764000
 45.0	 1.766000
 45.1	 1.767000
 45.2	 1.769000
 45.3	 1.770000
 45.4	 1.772000
 45.5	 1.773000
 45.6	 1.774000
 45.7	 1.776000
 45.8	 1.777000
 45.9	 1.779000
 46.0	 1.780000
 46.1	 1.782000
 46.2	 1.783000
 46.3	 1.784000
 46.4	 1.786000
 46.5	 1.787000
 46.6	 1.788000
 46.7	 1.790000
 46.8	 1.791000
 46.9	 1.792000
 47.0	 1.793000
 47.1	 1.795000
 47.2	 1.796000
 47.3	 1.797000
 47.4	 1.798000
 47.5	 1.800000
 47.6	 1.801000
 47.7	 1.802000
 47.8	 1.803000
 47.9	 1.804000
 48.0	 1.805000
 48.1	 1.807000
 48.2	 1.808000
 48.3	 1.809000
 48.4	 1.810000
 48.5	 1.811000
 48.6	 1.812000
 48.7	 1.813000
 48.8	 1.814000
 48.9	 1.815000
 49.0	 1.816000
 49.1	 1.817000
 49.2	 1.818000
 49.3	 1.819000
 49.4	 1.820000
 49.5	 1.821000
 49.6	 1.822000
 49.7	 1.823000
 49.8	 1.824000
 49.9	 1.825000
 50.0	 1.826000
 50.1	 1.827000
 50.2	 1.828000
 50.3	 1.829000
 50.4	 1.830000
 50.5	 1.830000
 50.6	 1.831000
 50.7	 1.832000
 50.8	 1.833000
 50.9	 1.834000
 51.0	 1.834000
 51.1	 1.835000
 51.2	 1.836000
 51.3	 1.837000
 51.4	 1.838000
 51.5	 1.838000
 51.6	 1.839000
 51.7	 1.840000
 51.8	 1.840000
 51.9	 1.841000
 52.0	 1.842000
 52.1	 1.843000
 52.2	 1.843000
 52.3	 1.844000
 52.4	 1.844000
 52.5	 1.845000
 52.6	 1.846000
 52.7	 1.846000
 52.8	 1.847000
 52.9	 1.847000
 53.0	 1.848000
 53.1	 1.849000
 53.2	 1.849000
 53.3	 1.850000
 53.4	 1.850000
 53.5	 1.851000
 53.6	 1.851000
 53.7	 1.852000
 53.8	 1.852000
 53.9	 1.852000
 54.0	 1.853000
 54.1	 1.853000
 54.2	 1.854000
 54.3	 1.854000
 54.4	 1.855000
 54.5	 1.855000
 54.6	 1.855000
 54.7	 1.856000
 54.8	 1.856000
 54.9	 1.856000
 55.0	 1.857000
 55.1	 1.857000
 55.2	 1.857000
 55.3	 1.858000
 55.4	 1.858000
 55.5	 1.858000
 55.6	 1.858000
 55.7	 1.859000
 55.8	 1.859000
 55.9	 1.859000
 56.0	 1.859000
 56.1	 1.860000
 56.2	 1.860000
 56.3	 1.860000
 56.4	 1.860000
 56.5	 1.860000
 56.6	 1.860000
 56.7	 1.861000
 56.8	 1.861000
 56.9	 1.861000
 57.0	 1.861000
 57.1	 1.861000
 57.2	 1.861000
 57.3	 1.861000
 57.4	 1.861000
 57.5	 1.861000
 57.6	 1.861000
 57.7	 1.861000
 57.8	 1.861000
 57.9	 1.861000
 58.0	 1.861000
 58.1	 1.861000
 58.2	 1.861000
 58.3	 1.861000
 58.4	 1.861000
 58.5	 1.861000
 58.6	 1.861000
 58.7	 1.861000
 58.8	 1.861000
 58.9	 1.861000
 59.0	 1.860000
 59.1	 1.860000
 59.2	 1.860000
 59.3	 1.860000
 59.4	 1.860000
 59.5	 1.860000
 59.6	 1.859000
 59.7	 1.859000
 59.8	 1.859000
 59.9	 1.859000
 60.0	 1.858000
 60.1	 1.858000
 60.2	 1.858000
 60.3	 1.858000
 60.4	 1.857000
 60.5	 1.857000
 60.6	 1.857000
 60.7	 1.856000
 60.8	 1.856000
 60.9	 1.856000
 61.0	 1.855000
 61.1	 1.855000
 61.2	 1.855000
 61.3	 1.854000
 61.4	 1.854000
 61.5	 1.853000
 61.6	 1.853000
 61.7	 1.853000
 61.8	 1.852000
 61.9	 1.852000
 62.0	 1.851000
 62.1	 1.851000
 62.2	 1.850000
 62.3	 1.850000
 62.4	 1.849000
 62.5	 1.849000
 62.6	 1.848000
 62.7	 1.848000
 62.8	 1.847000
 62.9	 1.847000
 63.0	 1.846000
 63.1	 1.845000
 63.2	 1.845000
 63.3	 1.844000
 63.4	 1.844000
 63.5	 1.843000
 63.6	 1.842000
 63.7	 1.842000
 63.8	 1.841000
 63.9	 1.840000
 64.0	 1.840000
 64.1	 1.839000
 64.2	 1.838000
 64.3	 1.837000
 64.4	 1.837000
 64.5	 1.836000
 64.6	 1.835000
 64.7	 1.834000
 64.8	 1.834000
 64.9	 1.833000
 65.0	 1.832000
 65.1	 1.831000
 65.2	 1.831000
 65.3	 1.830000
 65.4	 1.829000
 65.5	 1.828000
 65.6	 1.827000
 65.7	 1.826000
 65.8	 1.825000
 65.9	 1.825000
 66.0	 1.824000
 66.1	 1.823000
 66.2	 1.822000
 66.3	 1.821000
 66.4	 1.820000
 66.5	 1.819000
 66.6	 1.818000
 66.7	 1.817000
 66.8	 1.816000
 66.9	 1.815000
 67.0	 1.814000
 67.1	 1.813000
 67.2	 1.812000
 67.3	 1.811000
 67.4	 1.810000
 67.5	 1.809000
 67.6	 1.808000
 67.7	 1.807000
 67.8	 1.805000
 67.9	 1.804000
 68.0	 1.803000
 68.1	 1.802000
 68.2	 1.801000
 68.3	 1.800000
 68.4	 1.798000
 68.5	 1.797000
 68.6	 1.796000
 68.7	 1.795000
 68.8	 1.794000
 68.9	 1.792000
 69.0	 1.791000
 69.1	 1.790000
 69.2	 1.789000
 69.3	 1.787000
 69.4	 1.786000
 69.5	 1.785000
 69.6	 1.783000
 69.7	 1.782000
 69.8	 1.781000
 69.9	 1.779000
 70.0	 1.778000
 70.1	 1.777000
 70.2	 1.775000
 70.3	 1.774000
 70.4	 1.773000
 70.5	 1.771000
 70.6	 1.770000
 70.7	 1.768000
 70.8	 1.767000
 70.9	 1.765000
 71.0	 1.764000
 71.1	 1.762000
 71.2	 1.761000
 71.3	 1.759000
 71.4	 1.758000
 71.5	 1.756000
 71.6	 1.755000
 71.7	 1.753000
 71.8	 1.752000
 71.9	 1.750000
 72.0	 1.748000
 72.1	 1.747000
 72.2	 1.745000
 72.3	 1.744000
 72.4	 1.742000
 72.5	 1.740000
 72.6	 1.739000
 72.7	 1.737000
 72.8	 1.735000
 72.9	 1.734000
 73.0	 1.732000
 73.1	 1.730000
 73.2	 1.728000
 73.3	 1.727000
 73.4	 1.725000
 73.5	 1.723000
 73.6	 1.721000
 73.7	 1.720000
 73.8	 1.718000
 73.9	 1.716000
 74.0	 1.714000
 74.1	 1.712000
 74.2	 1.710000
 74.3	 1.709000
 74.4	 1.707000
 74.5	 1.705000
 74.6	 1.703000
 74.7	 1.701000
 74.8	 1.699000
 74.9	 1.697000
 75.0	 1.695000
 75.1	 1.693000
 75.2	 1.691000
 75.3	 1.689000
 75.4	 1.687000
 75.5	 1.685000
 75.6	 1.683000
 75.7	 1.681000
 75.8	 1.679000
 75.9	 1.677000
 76.0	 1.675000
 76.1	 1.673000
 76.2	 1.671000
 76.3	 1.669000
 76.4	 1.667000
 76.5	 1.665000
 76.6	 1.663000
 76.7	 1.660000
 76.8	 1.658000
 76.9	 1.656000
 77.0	 1.654000
 77.1	 1.652000
 77.2	 1.650000
 77.3	 1.647000
 77.4	 1.645000
 77.5	 1.643000
 77.6	 1.641000
 77.7	 1.638000
 77.8	 1.636000
 77.9	 1.634000
 78.0	 1.632000
 78.1	 1.629000
 78.2	 1.627000
 78.3	 1.625000
 78.4	 1.622000
 78.5	 1.620000
 78.6	 1.618000
 78.7	 1.615000
 78.8	 1.613000
 78.9	 1.610000
 79.0	 1.608000
 79.1	 1.606000
 79.2	 1.603000
 79.3	 1.601000
 79.4	 1.598000
 79.5	 1.596000
 79.6	 1.593000
 79.7	 1.591000
 79.8	 1.588000
 79.9	 1.586000
 80.0	 1.583000
 80.1	 1.581000
 80.2	 1.578000
 80.3	 1.576000
 80.4	 1.573000
 80.5	 1.571000
 80.6	 1.568000
 80.7	 1.565000
 80.8	 1.563000
 80.9	 1.560000
 81.0	 1.557000
 81.1	 1.555000
 81.2	 1.552000
 81.3	 1.549000
 81.4	 1.547000
 81.5	 1.544000
 81.6	 1.541000
 81.7	 1.539000
 81.8	 1.536000
 81.9	 1.533000
 82.0	 1.530000
 82.1	 1.528000
 82.2	 1.525000
 82.3	 1.522000
 82.4	 1.519000
 82.5	 1.516000
 82.6	 1.514000
 82.7	 1.511000
 82.8	 1.508000
 82.9	 1.505000
 83.0	 1.502000
 83.1	 1.499000
 83.2	 1.496000
 83.3	 1.493000
 83.4	 1.490000
 83.5	 1.488000
 83.6	 1.485000
 83.7	 1.482000
 83.8	 1.479000
 83.9	 1.476000
 84.0	 1.473000
 84.1	 1.470000
 84.2	 1.467000
 84.3	 1.464000
 84.4	 1.461000
 84.5	 1.458000
 84.6	 1.454000
 84.7	 1.451000
 84.8	 1.448000
 84.9	 1.445000
 85.0	 1.442000
 85.1	 1.439000
 85.2	 1.436000
 85.3	 1.433000
 85.4	 1.430000
 85.5	 1.426000
 85.6	 1.423000
 85.7	 1.420000
 85.8	 1.417000
 85.9	 1.414000
 86.0	 1.410000
 86.1	 1.407000
 86.2	 1.404000
 86.3	 1.401000
 86.4	 1.397000
 86.5	 1.394000
 86.6	 1.391000
 86.7	 1.388000
 86.8	 1.384000
 86.9	 1.381000
 87.0	 1.378000
 87.1	 1.374000
 87.2	 1.371000
 87.3	 1.367000
 87.4	 1.364000
 87.5	 1.361000
 87.6	 1.357000
 87.7	 1.354000
 87.8	 1.350000
 87.9	 1.347000
 88.0	 1.344000
 88.1	 1.340000
 88.2	 1.337000
 88.3	 1.333000
 88.4	 1.330000
 88.5	 1.326000
 88.6	 1.323000
 88.7	 1.319000
 88.8	 1.315000
 88.9	 1.312000
 89.0	 1.308000
 89.1	 1.305000
 89.2	 1.301000
 89.3	 1.298000
 89.4	 1.294000
 89.5	 1.290000
 89.6	 1.287000
 89.7	 1.283000
 89.8	 1.279000
 89.9	 1.276000
 90.0	 1.272000
 90.1	 1.268000
 90.2	 1.265000
 90.3	 1.261000
 90.4	 1.257000
 90.5	 1.254000
 90.6	 1.250000
 90.7	 1.246000
 90.8	 1.242000
 90.9	 1.239000
 91.0	 1.235000
 91.1	 1.231000
 91.2	 1.227000
 91.3	 1.223000
 91.4	 1.220000
 91.5	 1.216000
 91.6	 1.212000
 91.7	 1.208000
 91.8	 1.204000
 91.9	 1.200000
 92.0	 1.196000
 92.1	 1.192000
 92.2	 1.188000
 92.3	 1.185000
 92.4	 1.181000
 92.5	 1.177000
 92.6	 1.173000
 92.7	 1.169000
 92.8	 1.165000
 92.9	 1.161000
 93.0	 1.157000
 93.1	 1.153000
 93.2	 1.149000
 93.3	 1.145000
 93.4	 1.141000
 93.5	 1.137000
 93.6	 1.133000
 93.7	 1.129000
 93.8	 1.124000
 93.9	 1.120000
 94.0	 1.116000
 94.1	 1.112000
 94.2	 1.108000
 94.3	 1.104000
 94.4	 1.100000
 94.5	 1.096000
 94.6	 1.091000
 94.7	 1.087000
 94.8	 1.083000
 94.9	 1.079000
 95.0	 1.075000
 95.1	 1.070000
 95.2	 1.066000
 95.3	 1.062000
 95.4	 1.058000
 95.5	 1.054000
 95.6	 1.049000
 95.7	 1.045000
 95.8	 1.041000
 95.9	 1.036000
 96.0	 1.032000
 96.1	 1.028000
 96.2	 1.024000
 96.3	 1.019000
 96.4	 1.015000
 96.5	 1.011000
 96.6	 1.006000
 96.7	 1.002000
 96.8	 0.998000
 96.9	 0.993000
 97.0	 0.989000
 97.1	 0.985000
 97.2	 0.980000
 97.3	 0.976000
 97.4	 0.972000
 97.5	 0.967000
 97.6	 0.963000
 97.7	 0.958000
 97.8	 0.954000
 97.9	 0.950000
 98.0	 0.945000
 98.1	 0.941000
 98.2	 0.936000
 98.3	 0.932000
 98.4	 0.927000
 98.5	 0.923000
 98.6	 0.919000
 98.7	 0.914000
 98.8	 0.910000
 98.9	 0.905000
 99.0	 0.901000
 99.1	 0.896000
 99.2	 0.892000
 99.3	 0.887000
 99.4	 0.882000
 99.5	 0.878000
 99.6	 0.873000
 99.7	 0.869000
 99.8	 0.864000
 99.9	 0.860000
100.0	 0.855000
100.1	 0.850000
100.2	 0.845800
100.3	 0.841200
100.4	 0.836500
100.5	 0.831900
100.6	 0.827200
100.7	 0.822600
100.8	 0.817900
100.9	 0.813200
101.0	 0.808500
101.1	 0.803800
101.2	 0.799000
101.3	 0.794300
101.4	 0.789600
101.5	 0.784800
101.6	 0.780100
101.7	 0.775300
101.8	 0.770500
101.9	 0.765700
102.0	 0.760900
102.1	 0.756100
102.2	 0.751300
102.3	 0.746500
102.4	 0.741600
102.5	 0.736800
102.6	 0.731900
102.7	 0.727100
102.8	 0.722200
102.9	 0.717300
103.0	 0.712400
103.1	 0.707500
103.2	 0.702500
103.3	 0.697600
103.4	 0.692700
103.5	 0.687700
103.6	 0.682800
103.7	 0.677800
103.8	 0.672800
103.9	 0.667800
104.0	 0.662800
104.1	 0.657800
104.2	 0.652800
104.3	 0.647700
104.4	 0.642700
104.5	 0.637600
104.6	 0.632500
104.7	 0.627400
104.8	 0.622300
104.9	 0.617200
105.0	 0.612100
105.1	 0.607000
105.2	 0.601800
105.3	 0.596700
105.4	 0.591600
105.5	 0.586400
105.6	 0.581300
105.7	 0.576100
105.8	 0.570900
105.9	 0.565700
106.0	 0.560400
106.1	 0.555200
106.2	 0.550000
106.3	 0.544700
106.4	 0.539500
106.5	 0.534200
106.6	 0.528900
106.7	 0.523600
106.8	 0.518300
106.9	 0.513000
107.0	 0.507700
107.1	 0.502400
107.2	 0.497000
107.3	 0.491700
107.4	 0.486300
107.5	 0.481000
107.6	 0.475600
107.7	 0.470200
107.8	 0.464800
107.9	 0.459400
108.0	 0.453900
108.1	 0.448500
108.2	 0.443100
108.3	 0.437600
108.4	 0.432200
108.5	 0.426700
108.6	 0.421200
108.7	 0.415700
108.8	 0.410100
108.9	 0.404600
109.0	 0.399100
109.1	 0.393600
109.2	 0.388000
109.3	 0.382500
109.4	 0.376900
109.5	 0.371300
109.6	 0.365700
109.7	 0.360100
109.8	 0.354500
109.9	 0.348800
110.0	 0.343200
110.1	 0.337600
110.2	 0.331900
110.3	 0.326200
110.4	 0.320600
110.5	 0.314900
110.6	 0.309200
110.7	 0.303500
110.8	 0.297800
110.9	 0.292100
111.0	 0.286300
111.1	 0.280600
111.2	 0.274800
111.3	 0.269100
111.4	 0.263300
111.5	 0.257500
111.6	 0.251700
111.7	 0.245900
111.8	 0.240100
111.9	 0.234200
112.0	 0.228400
112.1	 0.222600
112.2	 0.216700
112.3	 0.210800
112.4	 0.205000
112.5	 0.199100
112.6	 0.193200
112.7	 0.187300
112.8	 0.181400
112.9	 0.175500
113.0	 0.169500
113.1	 0.163600
113.2	 0.157600
113.3	 0.151700
113.4	 0.145700
113.5	 0.139700
113.6	 0.133800
113.7	 0.127800
113.8	 0.121800
113.9	 0.115800
114.0	 0.109800
114.1	 0.103800
114.2	 0.097700
114.3	 0.091600
114.4	 0.085600
114.5	 0.079500
114.6	 0.073400
114.7	 0.067300
114.8	 0.061300
114.9	 0.055200
115.0	 0.049100
115.1	 0.042900
115.2	 0.036800
115.3	 0.030700
115.4	 0.024600
115.5	 0.018400
115.6	 0.012300
115.7	 0.006200
