[KWnZOT]	[bar]	[bar]	[bar]
-90	2.863790688	2.863790688	2.863790688
-89	2.918232171	2.918232171	2.918232171
-88	2.974358407	2.974358407	2.974358407
-87	3.032187408	3.032187408	3.032187408
-86	3.092198177	3.092198177	3.092198177
-85	3.154707813	3.154707813	3.154707813
-84	3.220088547	3.220088547	3.220088547
-83	3.288243068	3.288243068	3.288243068
-82	3.359293119	3.359293119	3.359293119
-81	3.433274352	3.433274352	3.433274352
-80	3.510534395	3.510534395	3.510534395
-79	3.591075628	3.591075628	3.591075628
-78	3.67484227	3.67484227	3.67484227
-77	3.761559866	3.761559866	3.761559866
-76	3.851353437	3.851353437	3.851353437
-75	3.944663068	3.944663068	3.944663068
-74	4.042282668	4.042282668	4.042282668
-73	4.144779722	4.144779722	4.144779722
-72	4.252366185	4.252366185	4.252366185
-71	4.364839608	4.364839608	4.364839608
-70	4.482070594	4.482070594	4.482070594
-69	4.604186292	4.604186292	4.604186292
-68	4.731625778	4.731625778	4.731625778
-67	4.864773547	4.864773547	4.864773547
-66	5.003862986	5.003862986	5.003862986
-65	5.14906859	5.14906859	5.14906859
-64	5.300847899	5.300847899	5.300847899
-63	5.459957105	5.459957105	5.459957105
-62	5.627179986	5.627179986	5.627179986
-61	5.802894405	5.802894405	5.802894405
-60	5.98705766	5.98705766	5.98705766
-59	6.179553397	6.179553397	6.179553397
-58	6.380790742	6.380790742	6.380790742
-57	6.591847359	6.591847359	6.591847359
-56	6.814177174	6.814177174	6.814177174
-55	7.048870297	7.048870297	7.048870297
-54	7.296284734	7.296284734	7.296284734
-53	7.556253646	7.556253646	7.556253646
-52	7.828837384	7.828837384	7.828837384
-51	8.114928194	8.114928194	8.114928194
-50	8.416122523	8.416122523	8.416122523
-49	8.734179545	8.734179545	8.734179545
-48	9.070302024	9.070302024	9.070302024
-47	9.425188474	9.425188474	9.425188474
-46	9.799282416	9.799282416	9.799282416
-45	10.19345969	10.19345969	10.19345969
-44	10.60909802	10.60909802	10.60909802
-43	11.04796622	11.04796622	11.04796622
-42	11.51170654	11.51170654	11.51170654
-41	12.00162252	12.00162252	12.00162252
-40	12.51891559	12.51891559	12.51891559
-39	13.06496923	13.06496923	13.06496923
-38	13.64168302	13.64168302	13.64168302
-37	14.25104306	14.25104306	14.25104306
-36	14.89508449	14.89508449	14.89508449
-35	15.57554852	15.57554852	15.57554852
-34	16.29432583	16.29432583	16.29432583
-33	17.05329315	17.05329315	17.05329315
-32	17.85448109	17.85448109	17.85448109
-31	18.69977385	18.69977385	18.69977385
-30	19.59099907	19.59099907	19.59099907
-29	20.52980812	20.52980812	20.52980812
-28	21.51753091	21.51753091	21.51753091
-27	22.55510114	22.55510114	22.55510114
-26	23.64305927	23.64305927	23.64305927
-25	24.78192032	24.78192032	24.78192032
-24	25.97211753	25.97211753	25.97211753
-23	27.2137836	27.2137836	27.2137836
-22	28.50609077	28.50609077	28.50609077
-21	29.84687238	29.84687238	29.84687238
-20	31.23261281	31.23261281	31.23261281
-19	32.65856719	32.65856719	32.65856719
-18	34.11908144	34.11908144	34.11908144
-17	35.60733691	35.60733691	35.60733691
-16	37.11554249	37.11554249	37.11554249
-15	38.6345163	38.6345163	38.6345163
-14	40.15396346	40.15396346	40.15396346
-13	41.66185932	41.66185932	41.66185932
-12	43.1445744	43.1445744	43.1445744
-11	44.58643708	44.58643708	44.58643708
-10	45.97038649	45.97038649	45.97038649
-9	47.27850283	47.27850283	47.27850283
-8	48.49322077	48.49322077	48.49322077
-7	49.59773473	49.59773473	49.59773473
-6	50.57469779	50.57469779	50.57469779
-5	51.40395077	51.40395077	51.40395077
-4	52.06167905	52.06167905	52.06167905
-3	52.52478573	52.52478573	52.52478573
-2	52.77642065	52.77642065	52.77642065
-1	52.80938692	52.80938692	52.80938692
0	52.63604271	52.63604271	52.63604271
1	52.31334792	52.31334792	52.31334792
2	51.98118431	51.98118431	51.98118431
3	51.84042875	51.84042875	51.84042875
4	52.05454091	52.05454091	52.05454091
5	52.58750914	52.58750914	52.58750914
6	53.17723612	53.17723612	53.17723612
7	53.47929013	53.47929013	53.47929013
8	53.36588641	53.36588641	53.36588641
9	53.06616675	53.06616675	53.06616675
10	53.07161271	53.07161271	53.07161271
11	53.79741889	53.79741889	53.79741889
12	55.31846629	55.31846629	55.31846629
13	57.30721542	57.30721542	57.30721542
14	59.22788324	59.22788324	59.22788324
15	60.59313693	60.59313693	60.59313693
16	61.14530771	61.14530771	61.14530771
17	60.88644616	60.88644616	60.88644616
18	59.99094448	59.99094448	59.99094448
19	58.690826	58.690826	58.690826
20	57.17757071	57.17757071	57.17757071
21	55.57182686	55.57182686	55.57182686
22	53.92483742	53.92483742	53.92483742
23	52.25375574	52.25375574	52.25375574
24	50.56214989	50.56214989	50.56214989
25	48.85844198	48.85844198	48.85844198
26	47.15668025	47.15668025	47.15668025
27	45.47503021	45.47503021	45.47503021
28	43.83012544	43.83012544	43.83012544
29	42.23019024	42.23019024	42.23019024
30	40.67656121	40.67656121	40.67656121
31	39.164516	39.164516	39.164516
32	37.69285994	37.69285994	37.69285994
33	36.26357515	36.26357515	36.26357515
34	34.88396836	34.88396836	34.88396836
35	33.5595747	33.5595747	33.5595747
36	32.29288984	32.29288984	32.29288984
37	31.08096804	31.08096804	31.08096804
38	29.91888955	29.91888955	29.91888955
39	28.80275819	28.80275819	28.80275819
40	27.73170173	27.73170173	27.73170173
41	26.70757534	26.70757534	26.70757534
42	25.73183085	25.73183085	25.73183085
43	24.80394322	24.80394322	24.80394322
44	23.92038343	23.92038343	23.92038343
45	23.07654254	23.07654254	23.07654254
46	22.26861399	22.26861399	22.26861399
47	21.49464361	21.49464361	21.49464361
48	20.7547418	20.7547418	20.7547418
49	20.04895194	20.04895194	20.04895194
50	19.37706147	19.37706147	19.37706147
51	18.73686062	18.73686062	18.73686062
52	18.12622128	18.12622128	18.12622128
53	17.54251786	17.54251786	17.54251786
54	16.98465123	16.98465123	16.98465123
55	16.45141701	16.45141701	16.45141701
56	15.94216327	15.94216327	15.94216327
57	15.45551004	15.45551004	15.45551004
58	14.99023926	14.99023926	14.99023926
59	14.54536365	14.54536365	14.54536365
60	14.12038097	14.12038097	14.12038097
61	13.71528477	13.71528477	13.71528477
62	13.32947681	13.32947681	13.32947681
63	12.96212735	12.96212735	12.96212735
64	12.61122097	12.61122097	12.61122097
65	12.27504326	12.27504326	12.27504326
66	11.951597	11.951597	11.951597
67	11.6401937	11.6401937	11.6401937
68	11.34049788	11.34049788	11.34049788
69	11.05329857	11.05329857	11.05329857
70	10.77900266	10.77900266	10.77900266
71	10.51766824	10.51766824	10.51766824
72	10.26806911	10.26806911	10.26806911
73	10.02833747	10.02833747	10.02833747
74	9.796515841	9.796515841	9.796515841
75	9.571399791	9.571399791	9.571399791
76	9.353000071	9.353000071	9.353000071
77	9.142078533	9.142078533	9.142078533
78	8.939699348	8.939699348	8.939699348
79	8.746322231	8.746322231	8.746322231
80	8.561753465	8.561753465	8.561753465
81	8.385168899	8.385168899	8.385168899
82	8.215412498	8.215412498	8.215412498
83	8.051400904	8.051400904	8.051400904
84	7.892216375	7.892216375	7.892216375
85	7.737707523	7.737707523	7.737707523
86	7.588163543	7.588163543	7.588163543
87	7.444295896	7.444295896	7.444295896
88	7.306381537	7.306381537	7.306381537
89	7.1741919	7.1741919	7.1741919
90	7.047077509	7.047077509	7.047077509
91	6.924401472	6.924401472	6.924401472
92	6.805952829	6.805952829	6.805952829
93	6.691637999	6.691637999	6.691637999
94	6.581445626	6.581445626	6.581445626
95	6.474984663	6.474984663	6.474984663
96	6.371836322	6.371836322	6.371836322
97	6.271624788	6.271624788	6.271624788
98	6.174370272	6.174370272	6.174370272
99	6.080417469	6.080417469	6.080417469
100	5.99021815	5.99021815	5.99021815
101	5.904001743	5.904001743	5.904001743
102	5.821533787	5.821533787	5.821533787
103	5.742130859	5.742130859	5.742130859
104	5.665048857	5.665048857	5.665048857
105	5.589743078	5.589743078	5.589743078
106	5.51633008	5.51633008	5.51633008
107	5.445183047	5.445183047	5.445183047
108	5.376948767	5.376948767	5.376948767
109	5.311715299	5.311715299	5.311715299
110	5.249329606	5.249329606	5.249329606
111	5.188952064	5.188952064	5.188952064
112	5.130002409	5.130002409	5.130002409
113	5.071993766	5.071993766	5.071993766
114	5.015435717	5.015435717	5.015435717
115	4.960915239	4.960915239	4.960915239
116	4.909109137	4.909109137	4.909109137
117	4.859506303	4.859506303	4.859506303
118	4.811190614	4.811190614	4.811190614
119	4.762949472	4.762949472	4.762949472
120	4.714731909	4.714731909	4.714731909
-254.5	1.1896	1.1896	1.1896
-254	1.1897	1.1897	1.1897
-253.5	1.1908	1.1908	1.1908
-253	1.1898	1.1898	1.1898
-252.5	1.1962	1.1962	1.1962
-252	1.1962	1.1962	1.1962
-251.5	1.1955	1.1955	1.1955
-251	1.194	1.194	1.194
-250.5	1.197	1.197	1.197
-250	1.2019	1.2019	1.2019
-249.5	1.1999	1.1999	1.1999
-249	1.1982	1.1982	1.1982
-248.5	1.1953	1.1953	1.1953
-248	1.2039	1.2039	1.2039
-247.5	1.2064	1.2064	1.2064
-247	1.2018	1.2018	1.2018
-246.5	1.1991	1.1991	1.1991
-246	1.2087	1.2087	1.2087
-245.5	1.2098	1.2098	1.2098
-245	1.2042	1.2042	1.2042
-244.5	1.2051	1.2051	1.2051
-244	1.2106	1.2106	1.2106
-243.5	1.1951	1.1951	1.1951
-243	1.2167	1.2167	1.2167
-242.5	1.2162	1.2162	1.2162
-242	1.2243	1.2243	1.2243
-241.5	1.2293	1.2293	1.2293
-241	1.2262	1.2262	1.2262
-240.5	1.2266	1.2266	1.2266
-240	1.2249	1.2249	1.2249
-239.5	1.2192	1.2192	1.2192
-239	1.2164	1.2164	1.2164
-238.5	1.2193	1.2193	1.2193
-238	1.2201	1.2201	1.2201
-237.5	1.2252	1.2252	1.2252
-237	1.2257	1.2257	1.2257
-236.5	1.2284	1.2284	1.2284
-236	1.2279	1.2279	1.2279
-235.5	1.2338	1.2338	1.2338
-235	1.2351	1.2351	1.2351
-234.5	1.2421	1.2421	1.2421
-234	1.2435	1.2435	1.2435
-233.5	1.2469	1.2469	1.2469
-233	1.2413	1.2413	1.2413
-232.5	1.2484	1.2484	1.2484
-232	1.255	1.255	1.255
-231.5	1.2425	1.2425	1.2425
-231	1.2395	1.2395	1.2395
-230.5	1.2439	1.2439	1.2439
-230	1.2433	1.2433	1.2433
-229.5	1.2424	1.2424	1.2424
-229	1.2522	1.2522	1.2522
-228.5	1.249	1.249	1.249
-228	1.2442	1.2442	1.2442
-227.5	1.2508	1.2508	1.2508
-227	1.2624	1.2624	1.2624
-226.5	1.2495	1.2495	1.2495
-226	1.2485	1.2485	1.2485
-225.5	1.2645	1.2645	1.2645
-225	1.2652	1.2652	1.2652
-224.5	1.2629	1.2629	1.2629
-224	1.2593	1.2593	1.2593
-223.5	1.2652	1.2652	1.2652
-223	1.2641	1.2641	1.2641
-222.5	1.2676	1.2676	1.2676
-222	1.2733	1.2733	1.2733
-221.5	1.2717	1.2717	1.2717
-221	1.2679	1.2679	1.2679
-220.5	1.277	1.277	1.277
-220	1.2829	1.2829	1.2829
-219.5	1.2784	1.2784	1.2784
-219	1.2747	1.2747	1.2747
-218.5	1.2818	1.2818	1.2818
-218	1.2868	1.2868	1.2868
-217.5	1.2875	1.2875	1.2875
-217	1.2845	1.2845	1.2845
-216.5	1.288	1.288	1.288
-216	1.2948	1.2948	1.2948
-215.5	1.2973	1.2973	1.2973
-215	1.2954	1.2954	1.2954
-214.5	1.2947	1.2947	1.2947
-214	1.2953	1.2953	1.2953
-213.5	1.2943	1.2943	1.2943
-213	1.3047	1.3047	1.3047
-212.5	1.3071	1.3071	1.3071
-212	1.3063	1.3063	1.3063
-211.5	1.3021	1.3021	1.3021
-211	1.3053	1.3053	1.3053
-210.5	1.3115	1.3115	1.3115
-210	1.3069	1.3069	1.3069
-209.5	1.3067	1.3067	1.3067
-209	1.3114	1.3114	1.3114
-208.5	1.3109	1.3109	1.3109
-208	1.3153	1.3153	1.3153
-207.5	1.319	1.319	1.319
-207	1.3153	1.3153	1.3153
-206.5	1.312	1.312	1.312
-206	1.3163	1.3163	1.3163
-205.5	1.3221	1.3221	1.3221
-205	1.3216	1.3216	1.3216
-204.5	1.3229	1.3229	1.3229
-204	1.3236	1.3236	1.3236
-203.5	1.3246	1.3246	1.3246
-203	1.3211	1.3211	1.3211
-202.5	1.3266	1.3266	1.3266
-202	1.3324	1.3324	1.3324
-201.5	1.3308	1.3308	1.3308
-201	1.3292	1.3292	1.3292
-200.5	1.3296	1.3296	1.3296
-200	1.3361	1.3361	1.3361
-199.5	1.3379	1.3379	1.3379
-199	1.3335	1.3335	1.3335
-198.5	1.3338	1.3338	1.3338
-198	1.3391	1.3391	1.3391
-197.5	1.3373	1.3373	1.3373
-197	1.3406	1.3406	1.3406
-196.5	1.3374	1.3374	1.3374
-196	1.345	1.345	1.345
-195.5	1.3415	1.3415	1.3415
-195	1.3421	1.3421	1.3421
-194.5	1.3467	1.3467	1.3467
-194	1.3499	1.3499	1.3499
-193.5	1.3465	1.3465	1.3465
-193	1.3447	1.3447	1.3447
-192.5	1.3457	1.3457	1.3457
-192	1.3496	1.3496	1.3496
-191.5	1.348	1.348	1.348
-191	1.3529	1.3529	1.3529
-190.5	1.3557	1.3557	1.3557
-190	1.3537	1.3537	1.3537
-189.5	1.3502	1.3502	1.3502
-189	1.3525	1.3525	1.3525
-188.5	1.3615	1.3615	1.3615
-188	1.3628	1.3628	1.3628
-187.5	1.3591	1.3591	1.3591
-187	1.3601	1.3601	1.3601
-186.5	1.3669	1.3669	1.3669
-186	1.3644	1.3644	1.3644
-185.5	1.3591	1.3591	1.3591
-185	1.37	1.37	1.37
-184.5	1.3678	1.3678	1.3678
-184	1.3698	1.3698	1.3698
-183.5	1.3684	1.3684	1.3684
-183	1.3745	1.3745	1.3745
-182.5	1.3724	1.3724	1.3724
-182	1.37	1.37	1.37
-181.5	1.3712	1.3712	1.3712
-181	1.3732	1.3732	1.3732
-180.5	1.3798	1.3798	1.3798
-180	1.3776	1.3776	1.3776
-179.5	1.382	1.382	1.382
-179	1.3768	1.3768	1.3768
-178.5	1.3851	1.3851	1.3851
-178	1.3824	1.3824	1.3824
-177.5	1.3842	1.3842	1.3842
-177	1.3866	1.3866	1.3866
-176.5	1.3831	1.3831	1.3831
-176	1.3883	1.3883	1.3883
-175.5	1.3909	1.3909	1.3909
-175	1.3886	1.3886	1.3886
-174.5	1.3832	1.3832	1.3832
-174	1.3917	1.3917	1.3917
-173.5	1.3986	1.3986	1.3986
-173	1.3949	1.3949	1.3949
-172.5	1.3995	1.3995	1.3995
-172	1.3966	1.3966	1.3966
-171.5	1.3988	1.3988	1.3988
-171	1.3942	1.3942	1.3942
-170.5	1.4046	1.4046	1.4046
-170	1.4045	1.4045	1.4045
-169.5	1.4054	1.4054	1.4054
-169	1.4023	1.4023	1.4023
-168.5	1.4075	1.4075	1.4075
-168	1.4085	1.4085	1.4085
-167.5	1.4056	1.4056	1.4056
-167	1.4107	1.4107	1.4107
-166.5	1.409	1.409	1.409
-166	1.41	1.41	1.41
-165.5	1.4129	1.4129	1.4129
-165	1.4195	1.4195	1.4195
-164.5	1.4136	1.4136	1.4136
-164	1.4079	1.4079	1.4079
-163.5	1.4176	1.4176	1.4176
-163	1.4216	1.4216	1.4216
-162.5	1.4224	1.4224	1.4224
-162	1.4232	1.4232	1.4232
-161.5	1.4275	1.4275	1.4275
-161	1.4204	1.4204	1.4204
-160.5	1.4234	1.4234	1.4234
-160	1.426	1.426	1.426
-159.5	1.4372	1.4372	1.4372
-159	1.4313	1.4313	1.4313
-158.5	1.4282	1.4282	1.4282
-158	1.4322	1.4322	1.4322
-157.5	1.4404	1.4404	1.4404
-157	1.4411	1.4411	1.4411
-156.5	1.4378	1.4378	1.4378
-156	1.4412	1.4412	1.4412
-155.5	1.447	1.447	1.447
-155	1.4515	1.4515	1.4515
-154.5	1.4502	1.4502	1.4502
-154	1.4524	1.4524	1.4524
-153.5	1.4563	1.4563	1.4563
-153	1.4541	1.4541	1.4541
-152.5	1.4603	1.4603	1.4603
-152	1.4665	1.4665	1.4665
-151.5	1.4756	1.4756	1.4756
-151	1.4647	1.4647	1.4647
-150.5	1.4675	1.4675	1.4675
-150	1.4725	1.4725	1.4725
-149.5	1.4796	1.4796	1.4796
-149	1.4804	1.4804	1.4804
-148.5	1.4838	1.4838	1.4838
-148	1.4937	1.4937	1.4937
-147.5	1.4899	1.4899	1.4899
-147	1.4928	1.4928	1.4928
-146.5	1.4961	1.4961	1.4961
-146	1.5035	1.5035	1.5035
-145.5	1.507	1.507	1.507
-145	1.5047	1.5047	1.5047
-144.5	1.5088	1.5088	1.5088
-144	1.5313	1.5313	1.5313
-143.5	1.5277	1.5277	1.5277
-143	1.5093	1.5093	1.5093
-142.5	1.5262	1.5262	1.5262
-142	1.5442	1.5442	1.5442
-141.5	1.5404	1.5404	1.5404
-141	1.5347	1.5347	1.5347
-140.5	1.5528	1.5528	1.5528
-140	1.5612	1.5612	1.5612
-139.5	1.5455	1.5455	1.5455
-139	1.5574	1.5574	1.5574
-138.5	1.5728	1.5728	1.5728
-138	1.5807	1.5807	1.5807
-137.5	1.5762	1.5762	1.5762
-137	1.5851	1.5851	1.5851
-136.5	1.6017	1.6017	1.6017
-136	1.5877	1.5877	1.5877
-135.5	1.5891	1.5891	1.5891
-135	1.6121	1.6121	1.6121
-134.5	1.6293	1.6293	1.6293
-134	1.6127	1.6127	1.6127
-133.5	1.6186	1.6186	1.6186
-133	1.6352	1.6352	1.6352
-132.5	1.6405	1.6405	1.6405
-132	1.6328	1.6328	1.6328
-131.5	1.6482	1.6482	1.6482
-131	1.6726	1.6726	1.6726
-130.5	1.6651	1.6651	1.6651
-130	1.6554	1.6554	1.6554
-129.5	1.6758	1.6758	1.6758
-129	1.6936	1.6936	1.6936
-128.5	1.6875	1.6875	1.6875
-128	1.6893	1.6893	1.6893
-127.5	1.71	1.71	1.71
-127	1.7182	1.7182	1.7182
-126.5	1.715	1.715	1.715
-126	1.7279	1.7279	1.7279
-125.5	1.7411	1.7411	1.7411
-125	1.7436	1.7436	1.7436
-124.5	1.7501	1.7501	1.7501
-124	1.7613	1.7613	1.7613
-123.5	1.7726	1.7726	1.7726
-123	1.7803	1.7803	1.7803
-122.5	1.7935	1.7935	1.7935
-122	1.8079	1.8079	1.8079
-121.5	1.81	1.81	1.81
-121	1.8189	1.8189	1.8189
-120.5	1.8338	1.8338	1.8338
-120	1.8343	1.8343	1.8343
-119.5	1.8478	1.8478	1.8478
-119	1.8539	1.8539	1.8539
-118.5	1.8596	1.8596	1.8596
-118	1.8677	1.8677	1.8677
-117.5	1.8859	1.8859	1.8859
-117	1.8954	1.8954	1.8954
-116.5	1.8969	1.8969	1.8969
-116	1.9137	1.9137	1.9137
-115.5	1.9331	1.9331	1.9331
-115	1.951	1.951	1.951
-114.5	1.9517	1.9517	1.9517
-114	1.9607	1.9607	1.9607
-113.5	1.9817	1.9817	1.9817
-113	1.9989	1.9989	1.9989
-112.5	2.0027	2.0027	2.0027
-112	2.0188	2.0188	2.0188
-111.5	2.0247	2.0247	2.0247
-111	2.037	2.037	2.037
-110.5	2.0487	2.0487	2.0487
-110	2.058	2.058	2.058
-109.5	2.0758	2.0758	2.0758
-109	2.087	2.087	2.087
-108.5	2.0966	2.0966	2.0966
-108	2.1143	2.1143	2.1143
-107.5	2.1355	2.1355	2.1355
-107	2.1425	2.1425	2.1425
-106.5	2.1461	2.1461	2.1461
-106	2.1742	2.1742	2.1742
-105.5	2.1982	2.1982	2.1982
-105	2.2012	2.2012	2.2012
-104.5	2.2195	2.2195	2.2195
-104	2.2473	2.2473	2.2473
-103.5	2.2579	2.2579	2.2579
-103	2.2606	2.2606	2.2606
-102.5	2.2878	2.2878	2.2878
-102	2.3125	2.3125	2.3125
-101.5	2.3178	2.3178	2.3178
-101	2.3326	2.3326	2.3326
-100.5	2.3626	2.3626	2.3626
-100	2.3775	2.3775	2.3775
-99.5	2.3971	2.3971	2.3971
-99	2.4093	2.4093	2.4093
-98.5	2.4386	2.4386	2.4386
-98	2.4574	2.4574	2.4574
-97.5	2.4673	2.4673	2.4673
-97	2.4944	2.4944	2.4944
-96.5	2.5188	2.5188	2.5188
-96	2.5419	2.5419	2.5419
-95.5	2.5527	2.5527	2.5527
-95	2.5785	2.5785	2.5785
-94.5	2.6046	2.6046	2.6046
-94	2.6236	2.6236	2.6236
-93.5	2.6459	2.6459	2.6459
-93	2.6703	2.6703	2.6703
-92.5	2.6975	2.6975	2.6975
-92	2.7202	2.7202	2.7202
-91.5	2.7451	2.7451	2.7451
-91	2.7705	2.7705	2.7705
-90.5	2.7964	2.7964	2.7964
-90	2.8231	2.8231	2.8231
-89.5	2.8512	2.8512	2.8512
-89	2.875	2.875	2.875
-88.5	2.8993	2.8993	2.8993
-88	2.9372	2.9372	2.9372
-87.5	2.9644	2.9644	2.9644
-87	2.9911	2.9911	2.9911
-86.5	3.0212	3.0212	3.0212
-86	3.0527	3.0527	3.0527
-85.5	3.0841	3.0841	3.0841
-85	3.1067	3.1067	3.1067
-84.5	3.1463	3.1463	3.1463
-84	3.1857	3.1857	3.1857
-83.5	3.211	3.211	3.211
-83	3.245	3.245	3.245
-82.5	3.2861	3.2861	3.2861
-82	3.321	3.321	3.321
-81.5	3.3554	3.3554	3.3554
-81	3.3891	3.3891	3.3891
-80.5	3.4352	3.4352	3.4352
-80	3.4708	3.4708	3.4708
-79.5	3.508	3.508	3.508
-79	3.5502	3.5502	3.5502
-78.5	3.5922	3.5922	3.5922
-78	3.6338	3.6338	3.6338
-77.5	3.6745	3.6745	3.6745
-77	3.721	3.721	3.721
-76.5	3.7622	3.7622	3.7622
-76	3.8136	3.8136	3.8136
-75.5	3.8601	3.8601	3.8601
-75	3.9026	3.9026	3.9026
-74.5	3.9528	3.9528	3.9528
-74	3.9992	3.9992	3.9992
-73.5	4.0548	4.0548	4.0548
-73	4.1034	4.1034	4.1034
-72.5	4.1566	4.1566	4.1566
-72	4.2124	4.2124	4.2124
-71.5	4.2653	4.2653	4.2653
-71	4.3235	4.3235	4.3235
-70.5	4.3838	4.3838	4.3838
-70	4.444	4.444	4.444
-69.5	4.5013	4.5013	4.5013
-69	4.562	4.562	4.562
-68.5	4.6285	4.6285	4.6285
-68	4.6904	4.6904	4.6904
-67.5	4.7575	4.7575	4.7575
-67	4.8233	4.8233	4.8233
-66.5	4.8877	4.8877	4.8877
-66	4.9629	4.9629	4.9629
-65.5	5.0372	5.0372	5.0372
-65	5.1115	5.1115	5.1115
-64.5	5.1813	5.1813	5.1813
-64	5.2593	5.2593	5.2593
-63.5	5.3373	5.3373	5.3373
-63	5.4175	5.4175	5.4175
-62.5	5.506	5.506	5.506
-62	5.5856	5.5856	5.5856
-61.5	5.6737	5.6737	5.6737
-61	5.7605	5.7605	5.7605
-60.5	5.8525	5.8525	5.8525
-60	5.9494	5.9494	5.9494
-59.5	6.0392	6.0392	6.0392
-59	6.1401	6.1401	6.1401
-58.5	6.2369	6.2369	6.2369
-58	6.3392	6.3392	6.3392
-57.5	6.4427	6.4427	6.4427
-57	6.552	6.552	6.552
-56.5	6.6617	6.6617	6.6617
-56	6.7732	6.7732	6.7732
-55.5	6.891	6.891	6.891
-55	7.0019	7.0019	7.0019
-54.5	7.1301	7.1301	7.1301
-54	7.2574	7.2574	7.2574
-53.5	7.3823	7.3823	7.3823
-53	7.5201	7.5201	7.5201
-52.5	7.6474	7.6474	7.6474
-52	7.7889	7.7889	7.7889
-51.5	7.9247	7.9247	7.9247
-51	8.0737	8.0737	8.0737
-50.5	8.2263	8.2263	8.2263
-50	8.3726	8.3726	8.3726
-49.5	8.5336	8.5336	8.5336
-49	8.694	8.694	8.694
-48.5	8.8622	8.8622	8.8622
-48	9.0281	9.0281	9.0281
-47.5	9.2072	9.2072	9.2072
-47	9.3859	9.3859	9.3859
-46.5	9.5668	9.5668	9.5668
-46	9.7576	9.7576	9.7576
-45.5	9.9522	9.9522	9.9522
-45	10.1576	10.1576	10.1576
-44.5	10.3539	10.3539	10.3539
-44	10.5653	10.5653	10.5653
-43.5	10.7883	10.7883	10.7883
-43	11.0056	11.0056	11.0056
-42.5	11.2316	11.2316	11.2316
-42	11.4721	11.4721	11.4721
-41.5	11.7169	11.7169	11.7169
-41	11.959	11.959	11.959
-40.5	12.2116	12.2116	12.2116
-40	12.4823	12.4823	12.4823
-39.5	12.7494	12.7494	12.7494
-39	13.0234	13.0234	13.0234
-38.5	13.3081	13.3081	13.3081
-38	13.6013	13.6013	13.6013
-37.5	13.9019	13.9019	13.9019
-37	14.2062	14.2062	14.2062
-36.5	14.5334	14.5334	14.5334
-36	14.8576	14.8576	14.8576
-35.5	15.1883	15.1883	15.1883
-35	15.5344	15.5344	15.5344
-34.5	15.8921	15.8921	15.8921
-34	16.2556	16.2556	16.2556
-33.5	16.6219	16.6219	16.6219
-33	17.0077	17.0077	17.0077
-32.5	17.4089	17.4089	17.4089
-32	17.8153	17.8153	17.8153
-31.5	18.2255	18.2255	18.2255
-31	18.6608	18.6608	18.6608
-30.5	19.0997	19.0997	19.0997
-30	19.5473	19.5473	19.5473
-29.5	20.0052	20.0052	20.0052
-29	20.4892	20.4892	20.4892
-28.5	20.9777	20.9777	20.9777
-28	21.4739	21.4739	21.4739
-27.5	21.9824	21.9824	21.9824
-27	22.5156	22.5156	22.5156
-26.5	23.0481	23.0481	23.0481
-26	23.6012	23.6012	23.6012
-25.5	24.1595	24.1595	24.1595
-25	24.7428	24.7428	24.7428
-24.5	25.3279	25.3279	25.3279
-24	25.9268	25.9268	25.9268
-23.5	26.5468	26.5468	26.5468
-23	27.1701	27.1701	27.1701
-22.5	27.8117	27.8117	27.8117
-22	28.4626	28.4626	28.4626
-21.5	29.1274	29.1274	29.1274
-21	29.8029	29.8029	29.8029
-20.5	30.4846	30.4846	30.4846
-20	31.1911	31.1911	31.1911
-19.5	31.8989	31.8989	31.8989
-19	32.6139	32.6139	32.6139
-18.5	33.34	33.34	33.34
-18	34.0777	34.0777	34.0777
-17.5	34.8172	34.8172	34.8172
-17	35.5599	35.5599	35.5599
-16.5	36.3156	36.3156	36.3156
-16	37.0757	37.0757	37.0757
-15.5	37.8352	37.8352	37.8352
-15	38.5884	38.5884	38.5884
-14.5	39.3552	39.3552	39.3552
-14	40.1119	40.1119	40.1119
-13.5	40.869	40.869	40.869
-13	41.6129	41.6129	41.6129
-12.5	42.3671	42.3671	42.3671
-12	43.1033	43.1033	43.1033
-11.5	43.827	43.827	43.827
-11	44.5425	44.5425	44.5425
-10.5	45.2482	45.2482	45.2482
-10	45.9307	45.9307	45.9307
-9.5	46.5924	46.5924	46.5924
-9	47.2374	47.2374	47.2374
-8.5	47.8611	47.8611	47.8611
-8	48.4528	48.4528	48.4528
-7.5	49.0167	49.0167	49.0167
-7	49.5581	49.5581	49.5581
-6.5	50.0679	50.0679	50.0679
-6	50.5282	50.5282	50.5282
-5.5	50.9628	50.9628	50.9628
-5	51.3607	51.3607	51.3607
-4.5	51.7103	51.7103	51.7103
-4	52.0179	52.0179	52.0179
-3.5	52.254	52.254	52.254
-3	52.5274	52.5274	52.5274
-2.5	52.729	52.729	52.729
-2	52.8232	52.8232	52.8232
-1.5	52.96	52.96	52.96
-1	52.8092	52.8092	52.8092
-0.5	52.7199	52.7199	52.7199
0	52.6153	52.6153	52.6153
0.5	52.4833	52.4833	52.4833
1	52.4321	52.4321	52.4321
1.5	52.2264	52.2264	52.2264
2	52.047	52.047	52.047
2.5	51.9847	51.9847	51.9847
3	51.8157	51.8157	51.8157
3.5	51.5158	51.5158	51.5158
4	51.2063	51.2063	51.2063
4.5	51.075	51.075	51.075
5	51.3881	51.3881	51.3881
5.5	53.5824	53.5824	53.5824
6	54.3033	54.3033	54.3033
6.5	55.3082	55.3082	55.3082
7	54.5562	54.5562	54.5562
7.5	54.7314	54.7314	54.7314
8	53.8815	53.8815	53.8815
8.5	53.7127	53.7127	53.7127
9	52.624	52.624	52.624
9.5	52.3917	52.3917	52.3917
10	52.3484	52.3484	52.3484
10.5	52.2158	52.2158	52.2158
11	52.5787	52.5787	52.5787
11.5	53.5023	53.5023	53.5023
12	54.8916	54.8916	54.8916
12.5	55.9715	55.9715	55.9715
13	57.7993	57.7993	57.7993
13.5	58.7531	58.7531	58.7531
14	59.5341	59.5341	59.5341
14.5	59.92	59.92	59.92
15	61.0083	61.0083	61.0083
15.5	61.4601	61.4601	61.4601
16	61.5257	61.5257	61.5257
16.5	61.4424	61.4424	61.4424
17	60.9383	60.9383	60.9383
17.5	60.6406	60.6406	60.6406
18	59.7665	59.7665	59.7665
18.5	59.3094	59.3094	59.3094
19	58.5778	58.5778	58.5778
19.5	57.8123	57.8123	57.8123
20	56.9335	56.9335	56.9335
20.5	56.3245	56.3245	56.3245
21	55.5875	55.5875	55.5875
21.5	54.4895	54.4895	54.4895
22	53.7968	53.7968	53.7968
22.5	53.0162	53.0162	53.0162
23	52.2213	52.2213	52.2213
23.5	51.2036	51.2036	51.2036
24	50.5348	50.5348	50.5348
24.5	49.6491	49.6491	49.6491
25	48.8121	48.8121	48.8121
25.5	47.8911	47.8911	47.8911
26	47.1574	47.1574	47.1574
26.5	46.3446	46.3446	46.3446
27	45.3524	45.3524	45.3524
27.5	44.6374	44.6374	44.6374
28	43.8151	43.8151	43.8151
28.5	43.0802	43.0802	43.0802
29	42.1471	42.1471	42.1471
29.5	41.4663	41.4663	41.4663
30	40.6707	40.6707	40.6707
30.5	39.9116	39.9116	39.9116
31	39.1144	39.1144	39.1144
31.5	38.4582	38.4582	38.4582
32	37.675	37.675	37.675
32.5	36.9439	36.9439	36.9439
33	36.2108	36.2108	36.2108
33.5	35.5965	35.5965	35.5965
34	34.8407	34.8407	34.8407
34.5	34.2066	34.2066	34.2066
35	33.4987	33.4987	33.4987
35.5	32.9356	32.9356	32.9356
36	32.2533	32.2533	32.2533
36.5	31.6654	31.6654	31.6654
37	31.0421	31.0421	31.0421
37.5	30.5002	30.5002	30.5002
38	29.8799	29.8799	29.8799
38.5	29.3102	29.3102	29.3102
39	28.7854	28.7854	28.7854
39.5	28.239	28.239	28.239
40	27.6663	27.6663	27.6663
40.5	27.1745	27.1745	27.1745
41	26.6821	26.6821	26.6821
41.5	26.16	26.16	26.16
42	25.6687	25.6687	25.6687
42.5	25.2342	25.2342	25.2342
43	24.7655	24.7655	24.7655
43.5	24.295	24.295	24.295
44	23.8891	23.8891	23.8891
44.5	23.4739	23.4739	23.4739
45	23.0281	23.0281	23.0281
45.5	22.6099	22.6099	22.6099
46	22.2436	22.2436	22.2436
46.5	21.8322	21.8322	21.8322
47	21.4447	21.4447	21.4447
47.5	21.0582	21.0582	21.0582
48	20.7205	20.7205	20.7205
48.5	20.3446	20.3446	20.3446
49	19.996	19.996	19.996
49.5	19.6577	19.6577	19.6577
50	19.3416	19.3416	19.3416
50.5	19.011	19.011	19.011
51	18.6897	18.6897	18.6897
51.5	18.395	18.395	18.395
52	18.0999	18.0999	18.0999
52.5	17.7984	17.7984	17.7984
53	17.4874	17.4874	17.4874
53.5	17.232	17.232	17.232
54	16.9582	16.9582	16.9582
54.5	16.6652	16.6652	16.6652
55	16.398	16.398	16.398
55.5	16.1492	16.1492	16.1492
56	15.9064	15.9064	15.9064
56.5	15.6324	15.6324	15.6324
57	15.4171	15.4171	15.4171
57.5	15.182	15.182	15.182
58	14.9437	14.9437	14.9437
58.5	14.712	14.712	14.712
59	14.5159	14.5159	14.5159
59.5	14.3023	14.3023	14.3023
60	14.0687	14.0687	14.0687
60.5	13.8737	13.8737	13.8737
61	13.6803	13.6803	13.6803
61.5	13.4793	13.4793	13.4793
62	13.2813	13.2813	13.2813
62.5	13.0907	13.0907	13.0907
63	12.9264	12.9264	12.9264
63.5	12.7274	12.7274	12.7274
64	12.5644	12.5644	12.5644
64.5	12.3925	12.3925	12.3925
65	12.2443	12.2443	12.2443
65.5	12.06	12.06	12.06
66	11.9035	11.9035	11.9035
66.5	11.7574	11.7574	11.7574
67	11.6073	11.6073	11.6073
67.5	11.442	11.442	11.442
68	11.2955	11.2955	11.2955
68.5	11.1644	11.1644	11.1644
69	11.0166	11.0166	11.0166
69.5	10.8697	10.8697	10.8697
70	10.7302	10.7302	10.7302
70.5	10.6093	10.6093	10.6093
71	10.4762	10.4762	10.4762
71.5	10.35	10.35	10.35
72	10.2293	10.2293	10.2293
72.5	10.1168	10.1168	10.1168
73	9.9877	9.9877	9.9877
73.5	9.867	9.867	9.867
74	9.7595	9.7595	9.7595
74.5	9.6385	9.6385	9.6385
75	9.5276	9.5276	9.5276
75.5	9.4276	9.4276	9.4276
76	9.3214	9.3214	9.3214
76.5	9.2009	9.2009	9.2009
77	9.0928	9.0928	9.0928
77.5	9.0037	9.0037	9.0037
78	8.8987	8.8987	8.8987
78.5	8.7886	8.7886	8.7886
79	8.7032	8.7032	8.7032
79.5	8.6239	8.6239	8.6239
80	8.5246	8.5246	8.5246
80.5	8.423	8.423	8.423
81	8.3441	8.3441	8.3441
81.5	8.2606	8.2606	8.2606
82	8.1669	8.1669	8.1669
82.5	8.0866	8.0866	8.0866
83	8.0213	8.0213	8.0213
83.5	7.9328	7.9328	7.9328
84	7.8474	7.8474	7.8474
84.5	7.775	7.775	7.775
85	7.7025	7.7025	7.7025
85.5	7.6063	7.6063	7.6063
86	7.5392	7.5392	7.5392
86.5	7.4875	7.4875	7.4875
87	7.4084	7.4084	7.4084
87.5	7.3267	7.3267	7.3267
88	7.2639	7.2639	7.2639
88.5	7.209	7.209	7.209
89	7.1268	7.1268	7.1268
89.5	7.0637	7.0637	7.0637
90	7.0165	7.0165	7.0165
90.5	6.9518	6.9518	6.9518
91	6.8787	6.8787	6.8787
91.5	6.8275	6.8275	6.8275
92	6.7681	6.7681	6.7681
92.5	6.7023	6.7023	6.7023
93	6.6445	6.6445	6.6445
93.5	6.5996	6.5996	6.5996
94	6.5461	6.5461	6.5461
94.5	6.4862	6.4862	6.4862
95	6.4331	6.4331	6.4331
95.5	6.3813	6.3813	6.3813
96	6.3285	6.3285	6.3285
96.5	6.2824	6.2824	6.2824
97	6.2356	6.2356	6.2356
97.5	6.1841	6.1841	6.1841
98	6.1305	6.1305	6.1305
98.5	6.0921	6.0921	6.0921
99	6.0437	6.0437	6.0437
99.5	5.9862	5.9862	5.9862
100	5.9427	5.9427	5.9427
100.5	5.9059	5.9059	5.9059
101	5.8643	5.8643	5.8643
101.5	5.825	5.825	5.825
102	5.7842	5.7842	5.7842
102.5	5.7405	5.7405	5.7405
103	5.6957	5.6957	5.6957
103.5	5.66	5.66	5.66
104	5.6289	5.6289	5.6289
104.5	5.5864	5.5864	5.5864
105	5.5494	5.5494	5.5494
105.5	5.5128	5.5128	5.5128
106	5.4776	5.4776	5.4776
106.5	5.438	5.438	5.438
107	5.3991	5.3991	5.3991
107.5	5.3681	5.3681	5.3681
108	5.3379	5.3379	5.3379
108.5	5.3017	5.3017	5.3017
109	5.2695	5.2695	5.2695
109.5	5.2419	5.2419	5.2419
110	5.2107	5.2107	5.2107
110.5	5.177	5.177	5.177
111	5.1432	5.1432	5.1432
111.5	5.1183	5.1183	5.1183
112	5.0949	5.0949	5.0949
112.5	5.0591	5.0591	5.0591
113	5.0311	5.0311	5.0311
113.5	5.0036	5.0036	5.0036
114	4.9771	4.9771	4.9771
114.5	4.9421	4.9421	4.9421
115	4.9126	4.9126	4.9126
115.5	4.8926	4.8926	4.8926
116	4.8707	4.8707	4.8707
116.5	4.8298	4.8298	4.8298
117	4.8146	4.8146	4.8146
117.5	4.793	4.793	4.793
118	4.7772	4.7772	4.7772
118.5	4.7337	4.7337	4.7337
119	4.7196	4.7196	4.7196
119.5	4.7026	4.7026	4.7026
120	4.6806	4.6806	4.6806
120.5	4.6402	4.6402	4.6402
121	4.621	4.621	4.621
121.5	4.6093	4.6093	4.6093
122	4.5772	4.5772	4.5772
122.5	4.5472	4.5472	4.5472
123	4.5388	4.5388	4.5388
123.5	4.5203	4.5203	4.5203
124	4.4954	4.4954	4.4954
124.5	4.4667	4.4667	4.4667
125	4.4582	4.4582	4.4582
125.5	4.4384	4.4384	4.4384
126	4.416	4.416	4.416
126.5	4.3991	4.3991	4.3991
127	4.3763	4.3763	4.3763
127.5	4.3498	4.3498	4.3498
128	4.326	4.326	4.326
128.5	4.3128	4.3128	4.3128
129	4.2782	4.2782	4.2782
129.5	4.2573	4.2573	4.2573
130	4.2393	4.2393	4.2393
130.5	4.2229	4.2229	4.2229
131	4.1971	4.1971	4.1971
131.5	4.1736	4.1736	4.1736
132	4.15	4.15	4.15
132.5	4.1322	4.1322	4.1322
133	4.1069	4.1069	4.1069
133.5	4.0853	4.0853	4.0853
134	4.0603	4.0603	4.0603
134.5	4.039	4.039	4.039
135	4.0124	4.0124	4.0124
135.5	3.9912	3.9912	3.9912
136	3.9657	3.9657	3.9657
136.5	3.9389	3.9389	3.9389
137	3.9142	3.9142	3.9142
137.5	3.8919	3.8919	3.8919
138	3.8696	3.8696	3.8696
138.5	3.8386	3.8386	3.8386
139	3.8111	3.8111	3.8111
139.5	3.7864	3.7864	3.7864
140	3.7641	3.7641	3.7641
140.5	3.7317	3.7317	3.7317
141	3.7003	3.7003	3.7003
141.5	3.6769	3.6769	3.6769
142	3.6474	3.6474	3.6474
142.5	3.6116	3.6116	3.6116
143	3.5912	3.5912	3.5912
143.5	3.5555	3.5555	3.5555
144	3.5249	3.5249	3.5249
144.5	3.4986	3.4986	3.4986
145	3.4743	3.4743	3.4743
145.5	3.4374	3.4374	3.4374
146	3.3989	3.3989	3.3989
146.5	3.362	3.362	3.362
147	3.3378	3.3378	3.3378
147.5	3.3061	3.3061	3.3061
148	3.2667	3.2667	3.2667
148.5	3.2259	3.2259	3.2259
149	3.1988	3.1988	3.1988
149.5	3.1651	3.1651	3.1651
150	3.1297	3.1297	3.1297
150.5	3.0854	3.0854	3.0854
151	3.0589	3.0589	3.0589
151.5	3.016	3.016	3.016
152	2.9843	2.9843	2.9843
152.5	2.9517	2.9517	2.9517
153	2.9091	2.9091	2.9091
153.5	2.8663	2.8663	2.8663
154	2.8313	2.8313	2.8313
154.5	2.8003	2.8003	2.8003
155	2.7521	2.7521	2.7521
155.5	2.7114	2.7114	2.7114
156	2.6737	2.6737	2.6737
156.5	2.6401	2.6401	2.6401
157	2.5904	2.5904	2.5904
157.5	2.5597	2.5597	2.5597
158	2.515	2.515	2.515
158.5	2.4801	2.4801	2.4801
159	2.4335	2.4335	2.4335
159.5	2.4084	2.4084	2.4084
160	2.3633	2.3633	2.3633
160.5	2.3282	2.3282	2.3282
161	2.281	2.281	2.281
161.5	2.2531	2.2531	2.2531
162	2.2146	2.2146	2.2146
162.5	2.1746	2.1746	2.1746
163	2.1308	2.1308	2.1308
163.5	2.0971	2.0971	2.0971
164	2.0647	2.0647	2.0647
164.5	2.0271	2.0271	2.0271
165	1.9925	1.9925	1.9925
165.5	1.9628	1.9628	1.9628
166	1.9293	1.9293	1.9293
166.5	1.8939	1.8939	1.8939
167	1.8635	1.8635	1.8635
167.5	1.8335	1.8335	1.8335
168	1.8032	1.8032	1.8032
168.5	1.7698	1.7698	1.7698
169	1.7426	1.7426	1.7426
169.5	1.7179	1.7179	1.7179
170	1.6912	1.6912	1.6912
170.5	1.6609	1.6609	1.6609
171	1.6327	1.6327	1.6327
171.5	1.6099	1.6099	1.6099
172	1.5926	1.5926	1.5926
172.5	1.5656	1.5656	1.5656
173	1.5434	1.5434	1.5434
173.5	1.5208	1.5208	1.5208
174	1.5056	1.5056	1.5056
174.5	1.4787	1.4787	1.4787
175	1.4648	1.4648	1.4648
175.5	1.4451	1.4451	1.4451
176	1.4268	1.4268	1.4268
176.5	1.4089	1.4089	1.4089
177	1.3947	1.3947	1.3947
177.5	1.3791	1.3791	1.3791
178	1.367	1.367	1.367
178.5	1.3482	1.3482	1.3482
179	1.3389	1.3389	1.3389
179.5	1.3279	1.3279	1.3279
180	1.3175	1.3175	1.3175
180.5	1.3075	1.3075	1.3075
181	1.3008	1.3008	1.3008
181.5	1.2938	1.2938	1.2938
182	1.2795	1.2795	1.2795
182.5	1.2763	1.2763	1.2763
183	1.2697	1.2697	1.2697
183.5	1.2681	1.2681	1.2681
184	1.2619	1.2619	1.2619
184.5	1.2629	1.2629	1.2629
185	1.2612	1.2612	1.2612
185.5	1.2544	1.2544	1.2544
186	1.2505	1.2505	1.2505
186.5	1.2537	1.2537	1.2537
187	1.2575	1.2575	1.2575
187.5	1.2608	1.2608	1.2608
188	1.2578	1.2578	1.2578
188.5	1.2627	1.2627	1.2627
189	1.2619	1.2619	1.2619
189.5	1.2597	1.2597	1.2597
190	1.2595	1.2595	1.2595
190.5	1.2716	1.2716	1.2716
191	1.2759	1.2759	1.2759
191.5	1.2775	1.2775	1.2775
192	1.2775	1.2775	1.2775
192.5	1.2904	1.2904	1.2904
193	1.2945	1.2945	1.2945
193.5	1.29	1.29	1.29
194	1.2999	1.2999	1.2999
194.5	1.3119	1.3119	1.3119
195	1.3185	1.3185	1.3185
195.5	1.3178	1.3178	1.3178
196	1.3238	1.3238	1.3238
196.5	1.3318	1.3318	1.3318
197	1.3413	1.3413	1.3413
197.5	1.3415	1.3415	1.3415
198	1.3572	1.3572	1.3572
198.5	1.3599	1.3599	1.3599
199	1.3628	1.3628	1.3628
199.5	1.3681	1.3681	1.3681
200	1.3864	1.3864	1.3864
200.5	1.3911	1.3911	1.3911
201	1.3943	1.3943	1.3943
201.5	1.4007	1.4007	1.4007
202	1.4148	1.4148	1.4148
202.5	1.421	1.421	1.421
203	1.4283	1.4283	1.4283
203.5	1.4355	1.4355	1.4355
204	1.4445	1.4445	1.4445
204.5	1.456	1.456	1.456
205	1.4621	1.4621	1.4621
205.5	1.4684	1.4684	1.4684
206	1.4764	1.4764	1.4764
206.5	1.4855	1.4855	1.4855
207	1.4901	1.4901	1.4901
207.5	1.5013	1.5013	1.5013
208	1.5113	1.5113	1.5113
208.5	1.5224	1.5224	1.5224
209	1.5217	1.5217	1.5217
209.5	1.5364	1.5364	1.5364
210	1.5423	1.5423	1.5423
210.5	1.5507	1.5507	1.5507
211	1.5519	1.5519	1.5519
211.5	1.565	1.565	1.565
212	1.5692	1.5692	1.5692
212.5	1.5787	1.5787	1.5787
213	1.5742	1.5742	1.5742
213.5	1.5914	1.5914	1.5914
214	1.5964	1.5964	1.5964
214.5	1.5997	1.5997	1.5997
215	1.603	1.603	1.603
215.5	1.6118	1.6118	1.6118
216	1.6227	1.6227	1.6227
216.5	1.6127	1.6127	1.6127
217	1.6209	1.6209	1.6209
217.5	1.6309	1.6309	1.6309
218	1.638	1.638	1.638
218.5	1.6263	1.6263	1.6263
219	1.6387	1.6387	1.6387
219.5	1.639	1.639	1.639
220	1.645	1.645	1.645
220.5	1.6402	1.6402	1.6402
221	1.6468	1.6468	1.6468
221.5	1.649	1.649	1.649
222	1.6491	1.6491	1.6491
222.5	1.6452	1.6452	1.6452
223	1.652	1.652	1.652
223.5	1.649	1.649	1.649
224	1.6441	1.6441	1.6441
224.5	1.6464	1.6464	1.6464
225	1.6441	1.6441	1.6441
225.5	1.6398	1.6398	1.6398
226	1.6415	1.6415	1.6415
226.5	1.6435	1.6435	1.6435
227	1.6328	1.6328	1.6328
227.5	1.6304	1.6304	1.6304
228	1.628	1.628	1.628
228.5	1.6267	1.6267	1.6267
229	1.6184	1.6184	1.6184
229.5	1.6251	1.6251	1.6251
230	1.6184	1.6184	1.6184
230.5	1.6133	1.6133	1.6133
231	1.6008	1.6008	1.6008
231.5	1.608	1.608	1.608
232	1.6004	1.6004	1.6004
232.5	1.5915	1.5915	1.5915
233	1.5918	1.5918	1.5918
233.5	1.587	1.587	1.587
234	1.584	1.584	1.584
234.5	1.5716	1.5716	1.5716
235	1.5771	1.5771	1.5771
235.5	1.5647	1.5647	1.5647
236	1.5617	1.5617	1.5617
236.5	1.551	1.551	1.551
237	1.5629	1.5629	1.5629
237.5	1.555	1.555	1.555
238	1.5516	1.5516	1.5516
238.5	1.549	1.549	1.549
239	1.5519	1.5519	1.5519
239.5	1.5402	1.5402	1.5402
240	1.5311	1.5311	1.5311
240.5	1.5308	1.5308	1.5308
241	1.5292	1.5292	1.5292
241.5	1.5204	1.5204	1.5204
242	1.5101	1.5101	1.5101
242.5	1.5167	1.5167	1.5167
243	1.512	1.512	1.512
243.5	1.5035	1.5035	1.5035
244	1.501	1.501	1.501
244.5	1.5096	1.5096	1.5096
245	1.5098	1.5098	1.5098
245.5	1.4972	1.4972	1.4972
246	1.4999	1.4999	1.4999
246.5	1.5078	1.5078	1.5078
247	1.5018	1.5018	1.5018
247.5	1.4942	1.4942	1.4942
248	1.5005	1.5005	1.5005
248.5	1.4936	1.4936	1.4936
249	1.485	1.485	1.485
249.5	1.4892	1.4892	1.4892
250	1.482	1.482	1.482
250.5	1.478	1.478	1.478
251	1.4792	1.4792	1.4792
251.5	1.4743	1.4743	1.4743
252	1.4827	1.4827	1.4827
252.5	1.4792	1.4792	1.4792
253	1.4733	1.4733	1.4733
253.5	1.471	1.471	1.471
254	1.4769	1.4769	1.4769
254.5	1.4769	1.4769	1.4769
255	1.4747	1.4747	1.4747
255.5	1.4757	1.4757	1.4757
256	1.4774	1.4774	1.4774
256.5	1.4727	1.4727	1.4727
257	1.4677	1.4677	1.4677
257.5	1.4719	1.4719	1.4719
258	1.4704	1.4704	1.4704
258.5	1.4743	1.4743	1.4743
259	1.465	1.465	1.465
259.5	1.4759	1.4759	1.4759
260	1.4737	1.4737	1.4737
260.5	1.4725	1.4725	1.4725
261	1.4691	1.4691	1.4691
261.5	1.4764	1.4764	1.4764
262	1.4747	1.4747	1.4747
262.5	1.4736	1.4736	1.4736
263	1.4726	1.4726	1.4726
263.5	1.4791	1.4791	1.4791
264	1.4828	1.4828	1.4828
264.5	1.4709	1.4709	1.4709
265	1.4798	1.4798	1.4798
265.5	1.4823	1.4823	1.4823
266	1.4916	1.4916	1.4916
266.5	1.4786	1.4786	1.4786
267	1.4881	1.4881	1.4881
267.5	1.4908	1.4908	1.4908
268	1.4979	1.4979	1.4979
268.5	1.4935	1.4935	1.4935
269	1.4978	1.4978	1.4978
269.5	1.505	1.505	1.505
270	1.5028	1.5028	1.5028
270.5	1.5082	1.5082	1.5082
271	1.5112	1.5112	1.5112
271.5	1.5151	1.5151	1.5151
272	1.5201	1.5201	1.5201
272.5	1.5247	1.5247	1.5247
273	1.5222	1.5222	1.5222
273.5	1.5361	1.5361	1.5361
274	1.5363	1.5363	1.5363
274.5	1.5395	1.5395	1.5395
275	1.5411	1.5411	1.5411
275.5	1.5519	1.5519	1.5519
276	1.5544	1.5544	1.5544
276.5	1.5572	1.5572	1.5572
277	1.5627	1.5627	1.5627
277.5	1.5675	1.5675	1.5675
278	1.5704	1.5704	1.5704
278.5	1.5721	1.5721	1.5721
279	1.5763	1.5763	1.5763
279.5	1.5773	1.5773	1.5773
280	1.577	1.577	1.577
280.5	1.5817	1.5817	1.5817
281	1.5889	1.5889	1.5889
281.5	1.5875	1.5875	1.5875
282	1.5889	1.5889	1.5889
282.5	1.591	1.591	1.591
283	1.5931	1.5931	1.5931
283.5	1.5889	1.5889	1.5889
284	1.5933	1.5933	1.5933
284.5	1.5926	1.5926	1.5926
285	1.5896	1.5896	1.5896
285.5	1.5855	1.5855	1.5855
286	1.5889	1.5889	1.5889
286.5	1.5886	1.5886	1.5886
287	1.585	1.585	1.585
287.5	1.5815	1.5815	1.5815
288	1.5734	1.5734	1.5734
288.5	1.5743	1.5743	1.5743
289	1.5706	1.5706	1.5706
289.5	1.5694	1.5694	1.5694
290	1.5653	1.5653	1.5653
290.5	1.56	1.56	1.56
291	1.558	1.558	1.558
291.5	1.5514	1.5514	1.5514
292	1.5493	1.5493	1.5493
292.5	1.5377	1.5377	1.5377
293	1.538	1.538	1.538
293.5	1.5298	1.5298	1.5298
294	1.5288	1.5288	1.5288
294.5	1.5234	1.5234	1.5234
295	1.5187	1.5187	1.5187
295.5	1.5141	1.5141	1.5141
296	1.5078	1.5078	1.5078
296.5	1.5022	1.5022	1.5022
297	1.4988	1.4988	1.4988
297.5	1.4968	1.4968	1.4968
298	1.4895	1.4895	1.4895
298.5	1.4862	1.4862	1.4862
299	1.4814	1.4814	1.4814
299.5	1.4795	1.4795	1.4795
300	1.476	1.476	1.476
300.5	1.4712	1.4712	1.4712
301	1.4726	1.4726	1.4726
301.5	1.4694	1.4694	1.4694
302	1.4667	1.4667	1.4667
302.5	1.4634	1.4634	1.4634
303	1.4672	1.4672	1.4672
303.5	1.462	1.462	1.462
304	1.4637	1.4637	1.4637
304.5	1.4619	1.4619	1.4619
305	1.4609	1.4609	1.4609
305.5	1.461	1.461	1.461
306	1.4633	1.4633	1.4633
306.5	1.4645	1.4645	1.4645
307	1.4627	1.4627	1.4627
307.5	1.4635	1.4635	1.4635
308	1.4619	1.4619	1.4619
308.5	1.462	1.462	1.462
309	1.4636	1.4636	1.4636
309.5	1.4614	1.4614	1.4614
310	1.4615	1.4615	1.4615
310.5	1.4618	1.4618	1.4618
311	1.4647	1.4647	1.4647
311.5	1.4623	1.4623	1.4623
312	1.4657	1.4657	1.4657
312.5	1.4629	1.4629	1.4629
313	1.4637	1.4637	1.4637
313.5	1.4606	1.4606	1.4606
314	1.4629	1.4629	1.4629
314.5	1.4652	1.4652	1.4652
315	1.463	1.463	1.463
315.5	1.4615	1.4615	1.4615
316	1.4642	1.4642	1.4642
316.5	1.4591	1.4591	1.4591
317	1.4613	1.4613	1.4613
317.5	1.4563	1.4563	1.4563
318	1.4638	1.4638	1.4638
318.5	1.4593	1.4593	1.4593
319	1.4541	1.4541	1.4541
319.5	1.4636	1.4636	1.4636
320	1.4609	1.4609	1.4609
320.5	1.4625	1.4625	1.4625
321	1.4599	1.4599	1.4599
321.5	1.4678	1.4678	1.4678
322	1.4703	1.4703	1.4703
322.5	1.4663	1.4663	1.4663
323	1.4703	1.4703	1.4703
323.5	1.4808	1.4808	1.4808
324	1.4841	1.4841	1.4841
324.5	1.4825	1.4825	1.4825
325	1.4869	1.4869	1.4869
325.5	1.4911	1.4911	1.4911
326	1.4994	1.4994	1.4994
326.5	1.4998	1.4998	1.4998
327	1.5124	1.5124	1.5124
327.5	1.5117	1.5117	1.5117
328	1.5178	1.5178	1.5178
328.5	1.5229	1.5229	1.5229
329	1.5362	1.5362	1.5362
329.5	1.5385	1.5385	1.5385
330	1.5388	1.5388	1.5388
330.5	1.5445	1.5445	1.5445
331	1.5523	1.5523	1.5523
331.5	1.5581	1.5581	1.5581
332	1.5597	1.5597	1.5597
332.5	1.5629	1.5629	1.5629
333	1.5645	1.5645	1.5645
333.5	1.5675	1.5675	1.5675
334	1.5753	1.5753	1.5753
334.5	1.5815	1.5815	1.5815
335	1.5772	1.5772	1.5772
335.5	1.5797	1.5797	1.5797
336	1.5876	1.5876	1.5876
336.5	1.5842	1.5842	1.5842
337	1.5818	1.5818	1.5818
337.5	1.583	1.583	1.583
338	1.5863	1.5863	1.5863
338.5	1.5838	1.5838	1.5838
339	1.5926	1.5926	1.5926
339.5	1.5908	1.5908	1.5908
340	1.5901	1.5901	1.5901
340.5	1.5862	1.5862	1.5862
341	1.601	1.601	1.601
341.5	1.5988	1.5988	1.5988
342	1.5946	1.5946	1.5946
342.5	1.5963	1.5963	1.5963
343	1.6044	1.6044	1.6044
343.5	1.6042	1.6042	1.6042
344	1.603	1.603	1.603
344.5	1.6104	1.6104	1.6104
345	1.6086	1.6086	1.6086
345.5	1.6079	1.6079	1.6079
346	1.6143	1.6143	1.6143
346.5	1.6223	1.6223	1.6223
347	1.6205	1.6205	1.6205
347.5	1.6176	1.6176	1.6176
348	1.6239	1.6239	1.6239
348.5	1.6354	1.6354	1.6354
349	1.6315	1.6315	1.6315
349.5	1.6337	1.6337	1.6337
350	1.6401	1.6401	1.6401
350.5	1.6391	1.6391	1.6391
351	1.6317	1.6317	1.6317
351.5	1.6399	1.6399	1.6399
352	1.6427	1.6427	1.6427
352.5	1.639	1.639	1.639
353	1.63	1.63	1.63
353.5	1.6323	1.6323	1.6323
354	1.6349	1.6349	1.6349
354.5	1.6174	1.6174	1.6174
355	1.6162	1.6162	1.6162
355.5	1.6148	1.6148	1.6148
356	1.6043	1.6043	1.6043
356.5	1.5858	1.5858	1.5858
357	1.5742	1.5742	1.5742
357.5	1.5784	1.5784	1.5784
358	1.5642	1.5642	1.5642
358.5	1.5323	1.5323	1.5323
359	1.5268	1.5268	1.5268
359.5	1.514	1.514	1.514
