Zeit	dQIters	relaxationsFaktor	pSoll	pIst	dQ
83.4	 1.0	 0.7	 1180107.1699188603	 NaN	 NaN	 
83.4	 2.0	 0.7	 1180107.1699188603	 NaN	 NaN	 
83.4	 3.0	 0.7	 1180107.1699188603	 NaN	 NaN	 
83.4	 4.0	 0.7	 1180107.1699188603	 NaN	 NaN	 
83.4	 5.0	 0.7	 1180107.1699188603	 NaN	 NaN	 
83.4	 6.0	 0.7	 1180107.1699188603	 NaN	 NaN	 
83.4	 7.0	 0.7	 1180107.1699188603	 NaN	 NaN	 
83.4	 8.0	 0.7	 1180107.1699188603	 NaN	 NaN	 
83.4	 9.0	 0.7	 1180107.1699188603	 NaN	 NaN	 
83.4	 10.0	 0.7	 1180107.1699188603	 NaN	 NaN	 
83.4	 11.0	 0.7	 1180107.1699188603	 NaN	 NaN	 
83.4	 12.0	 0.7	 1180107.1699188603	 NaN	 NaN	 
83.4	 13.0	 0.7	 1180107.1699188603	 NaN	 NaN	 
83.4	 14.0	 0.7	 1180107.1699188603	 NaN	 NaN	 
83.4	 15.0	 0.7	 1180107.1699188603	 NaN	 NaN	 
83.4	 16.0	 0.7	 1180107.1699188603	 NaN	 NaN	 
83.4	 17.0	 0.7	 1180107.1699188603	 NaN	 NaN	 
83.4	 18.0	 0.7	 1180107.1699188603	 NaN	 NaN	 
83.4	 19.0	 0.7	 1180107.1699188603	 NaN	 NaN	 
83.4	 20.0	 0.7	 1180107.1699188603	 NaN	 NaN	 
83.4	 21.0	 0.7	 1180107.1699188603	 NaN	 NaN	 
83.4	 22.0	 0.7	 1180107.1699188603	 NaN	 NaN	 
83.4	 23.0	 0.7	 1180107.1699188603	 NaN	 NaN	 
83.4	 24.0	 0.7	 1180107.1699188603	 NaN	 NaN	 
83.4	 25.0	 0.7	 1180107.1699188603	 NaN	 NaN	 
83.4	 26.0	 0.7	 1180107.1699188603	 NaN	 NaN	 
83.4	 27.0	 0.7	 1180107.1699188603	 NaN	 NaN	 
83.4	 28.0	 0.7	 1180107.1699188603	 NaN	 NaN	 
83.4	 29.0	 0.7	 1180107.1699188603	 NaN	 NaN	 
83.4	 30.0	 0.7	 1180107.1699188603	 NaN	 NaN	 
83.4	 31.0	 0.7	 1180107.1699188603	 NaN	 NaN	 
83.4	 32.0	 0.7	 1180107.1699188603	 NaN	 NaN	 
83.4	 33.0	 0.7	 1180107.1699188603	 NaN	 NaN	 
83.4	 34.0	 0.7	 1180107.1699188603	 NaN	 NaN	 
83.4	 35.0	 0.7	 1180107.1699188603	 NaN	 NaN	 
83.4	 36.0	 0.7	 1180107.1699188603	 NaN	 NaN	 
83.4	 37.0	 0.7	 1180107.1699188603	 NaN	 NaN	 
83.4	 38.0	 0.7	 1180107.1699188603	 NaN	 NaN	 
83.4	 39.0	 0.7	 1180107.1699188603	 NaN	 NaN	 
83.4	 40.0	 0.7	 1180107.1699188603	 NaN	 NaN	 
83.4	 41.0	 0.7	 1180107.1699188603	 NaN	 NaN	 
83.4	 42.0	 0.7	 1180107.1699188603	 NaN	 NaN	 
83.4	 43.0	 0.7	 1180107.1699188603	 NaN	 NaN	 
83.4	 44.0	 0.7	 1180107.1699188603	 NaN	 NaN	 
83.4	 45.0	 0.7	 1180107.1699188603	 NaN	 NaN	 
83.4	 46.0	 0.7	 1180107.1699188603	 NaN	 NaN	 
83.4	 47.0	 0.7	 1180107.1699188603	 NaN	 NaN	 
83.4	 48.0	 0.7	 1180107.1699188603	 NaN	 NaN	 
83.4	 49.0	 0.7	 1180107.1699188603	 NaN	 NaN	 
83.4	 50.0	 0.7	 1180107.1699188603	 NaN	 NaN	 
83.4	 51.0	 0.7	 1180107.1699188603	 NaN	 NaN	 
83.4	 52.0	 0.7	 1180107.1699188603	 NaN	 NaN	 
83.4	 53.0	 0.7	 1180107.1699188603	 NaN	 NaN	 
83.4	 54.0	 0.7	 1180107.1699188603	 NaN	 NaN	 
83.4	 55.0	 0.7	 1180107.1699188603	 NaN	 NaN	 
83.4	 56.0	 0.7	 1180107.1699188603	 NaN	 NaN	 
83.4	 57.0	 0.7	 1180107.1699188603	 NaN	 NaN	 
83.4	 58.0	 0.7	 1180107.1699188603	 NaN	 NaN	 
83.4	 59.0	 0.7	 1180107.1699188603	 NaN	 NaN	 
83.4	 60.0	 0.7	 1180107.1699188603	 NaN	 NaN	 
83.4	 61.0	 0.7	 1180107.1699188603	 NaN	 NaN	 
83.4	 62.0	 0.7	 1180107.1699188603	 NaN	 NaN	 
83.4	 63.0	 0.7	 1180107.1699188603	 NaN	 NaN	 
83.4	 64.0	 0.7	 1180107.1699188603	 NaN	 NaN	 
83.4	 65.0	 0.7	 1180107.1699188603	 NaN	 NaN	 
83.4	 66.0	 0.7	 1180107.1699188603	 NaN	 NaN	 
83.4	 67.0	 0.7	 1180107.1699188603	 NaN	 NaN	 
83.4	 68.0	 0.7	 1180107.1699188603	 NaN	 NaN	 
83.4	 69.0	 0.7	 1180107.1699188603	 NaN	 NaN	 
83.4	 70.0	 0.7	 1180107.1699188603	 NaN	 NaN	 
83.4	 71.0	 0.7	 1180107.1699188603	 NaN	 NaN	 
83.4	 72.0	 0.7	 1180107.1699188603	 NaN	 NaN	 
83.4	 73.0	 0.7	 1180107.1699188603	 NaN	 NaN	 
83.4	 74.0	 0.7	 1180107.1699188603	 NaN	 NaN	 
83.4	 75.0	 0.7	 1180107.1699188603	 NaN	 NaN	 
83.4	 76.0	 0.7	 1180107.1699188603	 NaN	 NaN	 
83.4	 77.0	 0.7	 1180107.1699188603	 NaN	 NaN	 
83.4	 78.0	 0.7	 1180107.1699188603	 NaN	 NaN	 
83.4	 79.0	 0.7	 1180107.1699188603	 NaN	 NaN	 
83.4	 80.0	 0.7	 1180107.1699188603	 NaN	 NaN	 
83.4	 81.0	 0.7	 1180107.1699188603	 NaN	 NaN	 
83.4	 82.0	 0.7	 1180107.1699188603	 NaN	 NaN	 
83.4	 83.0	 0.7	 1180107.1699188603	 NaN	 NaN	 
83.4	 84.0	 0.7	 1180107.1699188603	 NaN	 NaN	 
83.4	 85.0	 0.7	 1180107.1699188603	 NaN	 NaN	 
83.4	 86.0	 0.7	 1180107.1699188603	 NaN	 NaN	 
83.4	 87.0	 0.7	 1180107.1699188603	 NaN	 NaN	 
83.4	 88.0	 0.7	 1180107.1699188603	 NaN	 NaN	 
83.4	 89.0	 0.7	 1180107.1699188603	 NaN	 NaN	 
83.4	 90.0	 0.7	 1180107.1699188603	 NaN	 NaN	 
83.4	 91.0	 0.7	 1180107.1699188603	 NaN	 NaN	 
83.4	 92.0	 0.7	 1180107.1699188603	 NaN	 NaN	 
83.4	 93.0	 0.7	 1180107.1699188603	 NaN	 NaN	 
83.4	 94.0	 0.7	 1180107.1699188603	 NaN	 NaN	 
83.4	 95.0	 0.7	 1180107.1699188603	 NaN	 NaN	 
83.4	 96.0	 0.7	 1180107.1699188603	 NaN	 NaN	 
83.4	 97.0	 0.7	 1180107.1699188603	 NaN	 NaN	 
83.4	 98.0	 0.7	 1180107.1699188603	 NaN	 NaN	 
83.4	 99.0	 0.7	 1180107.1699188603	 NaN	 NaN	 
83.4	 100.0	 0.7	 1180107.1699188603	 NaN	 NaN	 
