[KWnZOT]	[bar]	[bar]	[bar]
-360.0000	1.4891	1.4891	1.4891
-359.5000	1.4622	1.4622	1.4622
-359.0000	1.4487	1.4487	1.4487
-358.5000	1.4358	1.4358	1.4358
-358.0000	1.4036	1.4036	1.4036
-357.5000	1.3898	1.3898	1.3898
-357.0000	1.3817	1.3817	1.3817
-356.5000	1.3647	1.3647	1.3647
-356.0000	1.3302	1.3302	1.3302
-355.5000	1.3231	1.3231	1.3231
-355.0000	1.3205	1.3205	1.3205
-354.5000	1.3085	1.3085	1.3085
-354.0000	1.2762	1.2762	1.2762
-353.5000	1.2802	1.2802	1.2802
-353.0000	1.2848	1.2848	1.2848
-352.5000	1.2651	1.2651	1.2651
-352.0000	1.2559	1.2559	1.2559
-351.5000	1.2654	1.2654	1.2654
-351.0000	1.2552	1.2552	1.2552
-350.5000	1.2219	1.2219	1.2219
-350.0000	1.2388	1.2388	1.2388
-349.5000	1.2539	1.2539	1.2539
-349.0000	1.2445	1.2445	1.2445
-348.5000	1.2106	1.2106	1.2106
-348.0000	1.2228	1.2228	1.2228
-347.5000	1.2343	1.2343	1.2343
-347.0000	1.2341	1.2341	1.2341
-346.5000	1.2110	1.2110	1.2110
-346.0000	1.2237	1.2237	1.2237
-345.5000	1.2366	1.2366	1.2366
-345.0000	1.2328	1.2328	1.2328
-344.5000	1.2062	1.2062	1.2062
-344.0000	1.2277	1.2277	1.2277
-343.5000	1.2354	1.2354	1.2354
-343.0000	1.2226	1.2226	1.2226
-342.5000	1.2162	1.2162	1.2162
-342.0000	1.2360	1.2360	1.2360
-341.5000	1.2326	1.2326	1.2326
-341.0000	1.2023	1.2023	1.2023
-340.5000	1.2136	1.2136	1.2136
-340.0000	1.2354	1.2354	1.2354
-339.5000	1.2284	1.2284	1.2284
-339.0000	1.2048	1.2048	1.2048
-338.5000	1.2130	1.2130	1.2130
-338.0000	1.2205	1.2205	1.2205
-337.5000	1.2127	1.2127	1.2127
-337.0000	1.2083	1.2083	1.2083
-336.5000	1.2264	1.2264	1.2264
-336.0000	1.2211	1.2211	1.2211
-335.5000	1.2020	1.2020	1.2020
-335.0000	1.2079	1.2079	1.2079
-334.5000	1.2255	1.2255	1.2255
-334.0000	1.2254	1.2254	1.2254
-333.5000	1.1984	1.1984	1.1984
-333.0000	1.2134	1.2134	1.2134
-332.5000	1.2325	1.2325	1.2325
-332.0000	1.2297	1.2297	1.2297
-331.5000	1.2203	1.2203	1.2203
-331.0000	1.2232	1.2232	1.2232
-330.5000	1.2313	1.2313	1.2313
-330.0000	1.2291	1.2291	1.2291
-329.5000	1.2276	1.2276	1.2276
-329.0000	1.2328	1.2328	1.2328
-328.5000	1.2403	1.2403	1.2403
-328.0000	1.2341	1.2341	1.2341
-327.5000	1.2372	1.2372	1.2372
-327.0000	1.2371	1.2371	1.2371
-326.5000	1.2349	1.2349	1.2349
-326.0000	1.2269	1.2269	1.2269
-325.5000	1.2296	1.2296	1.2296
-325.0000	1.2366	1.2366	1.2366
-324.5000	1.2347	1.2347	1.2347
-324.0000	1.2267	1.2267	1.2267
-323.5000	1.2209	1.2209	1.2209
-323.0000	1.2300	1.2300	1.2300
-322.5000	1.2261	1.2261	1.2261
-322.0000	1.2104	1.2104	1.2104
-321.5000	1.2123	1.2123	1.2123
-321.0000	1.2145	1.2145	1.2145
-320.5000	1.2099	1.2099	1.2099
-320.0000	1.1957	1.1957	1.1957
-319.5000	1.1972	1.1972	1.1972
-319.0000	1.2038	1.2038	1.2038
-318.5000	1.1975	1.1975	1.1975
-318.0000	1.1902	1.1902	1.1902
-317.5000	1.1942	1.1942	1.1942
-317.0000	1.1970	1.1970	1.1970
-316.5000	1.1870	1.1870	1.1870
-316.0000	1.1855	1.1855	1.1855
-315.5000	1.1942	1.1942	1.1942
-315.0000	1.1912	1.1912	1.1912
-314.5000	1.1837	1.1837	1.1837
-314.0000	1.1891	1.1891	1.1891
-313.5000	1.1909	1.1909	1.1909
-313.0000	1.1818	1.1818	1.1818
-312.5000	1.1821	1.1821	1.1821
-312.0000	1.1861	1.1861	1.1861
-311.5000	1.1877	1.1877	1.1877
-311.0000	1.1775	1.1775	1.1775
-310.5000	1.1878	1.1878	1.1878
-310.0000	1.1913	1.1913	1.1913
-309.5000	1.1835	1.1835	1.1835
-309.0000	1.1806	1.1806	1.1806
-308.5000	1.1867	1.1867	1.1867
-308.0000	1.1912	1.1912	1.1912
-307.5000	1.1818	1.1818	1.1818
-307.0000	1.1884	1.1884	1.1884
-306.5000	1.1935	1.1935	1.1935
-306.0000	1.1904	1.1904	1.1904
-305.5000	1.1894	1.1894	1.1894
-305.0000	1.1978	1.1978	1.1978
-304.5000	1.1894	1.1894	1.1894
-304.0000	1.1859	1.1859	1.1859
-303.5000	1.1873	1.1873	1.1873
-303.0000	1.1935	1.1935	1.1935
-302.5000	1.1908	1.1908	1.1908
-302.0000	1.1914	1.1914	1.1914
-301.5000	1.1946	1.1946	1.1946
-301.0000	1.1933	1.1933	1.1933
-300.5000	1.1872	1.1872	1.1872
-300.0000	1.1867	1.1867	1.1867
-299.5000	1.1868	1.1868	1.1868
-299.0000	1.1882	1.1882	1.1882
-298.5000	1.1884	1.1884	1.1884
-298.0000	1.1890	1.1890	1.1890
-297.5000	1.1830	1.1830	1.1830
-297.0000	1.1918	1.1918	1.1918
-296.5000	1.1853	1.1853	1.1853
-296.0000	1.1851	1.1851	1.1851
-295.5000	1.1831	1.1831	1.1831
-295.0000	1.1836	1.1836	1.1836
-294.5000	1.1831	1.1831	1.1831
-294.0000	1.1780	1.1780	1.1780
-293.5000	1.1806	1.1806	1.1806
-293.0000	1.1803	1.1803	1.1803
-292.5000	1.1760	1.1760	1.1760
-292.0000	1.1733	1.1733	1.1733
-291.5000	1.1763	1.1763	1.1763
-291.0000	1.1768	1.1768	1.1768
-290.5000	1.1792	1.1792	1.1792
-290.0000	1.1749	1.1749	1.1749
-289.5000	1.1711	1.1711	1.1711
-289.0000	1.1702	1.1702	1.1702
-288.5000	1.1747	1.1747	1.1747
-288.0000	1.1744	1.1744	1.1744
-287.5000	1.1762	1.1762	1.1762
-287.0000	1.1690	1.1690	1.1690
-286.5000	1.1679	1.1679	1.1679
-286.0000	1.1653	1.1653	1.1653
-285.5000	1.1660	1.1660	1.1660
-285.0000	1.1596	1.1596	1.1596
-284.5000	1.1719	1.1719	1.1719
-284.0000	1.1786	1.1786	1.1786
-283.5000	1.1643	1.1643	1.1643
-283.0000	1.1524	1.1524	1.1524
-282.5000	1.1658	1.1658	1.1658
-282.0000	1.1685	1.1685	1.1685
-281.5000	1.1507	1.1507	1.1507
-281.0000	1.1562	1.1562	1.1562
-280.5000	1.1750	1.1750	1.1750
-280.0000	1.1729	1.1729	1.1729
-279.5000	1.1495	1.1495	1.1495
-279.0000	1.1573	1.1573	1.1573
-278.5000	1.1680	1.1680	1.1680
-278.0000	1.1501	1.1501	1.1501
-277.5000	1.1546	1.1546	1.1546
-277.0000	1.1695	1.1695	1.1695
-276.5000	1.1715	1.1715	1.1715
-276.0000	1.1530	1.1530	1.1530
-275.5000	1.1599	1.1599	1.1599
-275.0000	1.1702	1.1702	1.1702
-274.5000	1.1590	1.1590	1.1590
-274.0000	1.1505	1.1505	1.1505
-273.5000	1.1688	1.1688	1.1688
-273.0000	1.1768	1.1768	1.1768
-272.5000	1.1588	1.1588	1.1588
-272.0000	1.1578	1.1578	1.1578
-271.5000	1.1687	1.1687	1.1687
-271.0000	1.1678	1.1678	1.1678
-270.5000	1.1587	1.1587	1.1587
-270.0000	1.1719	1.1719	1.1719
-269.5000	1.1727	1.1727	1.1727
-269.0000	1.1635	1.1635	1.1635
-268.5000	1.1605	1.1605	1.1605
-268.0000	1.1721	1.1721	1.1721
-267.5000	1.1744	1.1744	1.1744
-267.0000	1.1654	1.1654	1.1654
-266.5000	1.1717	1.1717	1.1717
-266.0000	1.1748	1.1748	1.1748
-265.5000	1.1781	1.1781	1.1781
-265.0000	1.1674	1.1674	1.1674
-264.5000	1.1762	1.1762	1.1762
-264.0000	1.1814	1.1814	1.1814
-263.5000	1.1814	1.1814	1.1814
-263.0000	1.1749	1.1749	1.1749
-262.5000	1.1744	1.1744	1.1744
-262.0000	1.1767	1.1767	1.1767
-261.5000	1.1807	1.1807	1.1807
-261.0000	1.1809	1.1809	1.1809
-260.5000	1.1800	1.1800	1.1800
-260.0000	1.1847	1.1847	1.1847
-259.5000	1.1851	1.1851	1.1851
-259.0000	1.1890	1.1890	1.1890
-258.5000	1.1885	1.1885	1.1885
-258.0000	1.1912	1.1912	1.1912
-257.5000	1.1906	1.1906	1.1906
-257.0000	1.1832	1.1832	1.1832
-256.5000	1.1826	1.1826	1.1826
-256.0000	1.1931	1.1931	1.1931
-255.5000	1.1955	1.1955	1.1955
-255.0000	1.1918	1.1918	1.1918
-254.5000	1.1896	1.1896	1.1896
-254.0000	1.1897	1.1897	1.1897
-253.5000	1.1908	1.1908	1.1908
-253.0000	1.1898	1.1898	1.1898
-252.5000	1.1962	1.1962	1.1962
-252.0000	1.1962	1.1962	1.1962
-251.5000	1.1955	1.1955	1.1955
-251.0000	1.1940	1.1940	1.1940
-250.5000	1.1970	1.1970	1.1970
-250.0000	1.2019	1.2019	1.2019
-249.5000	1.1999	1.1999	1.1999
-249.0000	1.1982	1.1982	1.1982
-248.5000	1.1953	1.1953	1.1953
-248.0000	1.2039	1.2039	1.2039
-247.5000	1.2064	1.2064	1.2064
-247.0000	1.2018	1.2018	1.2018
-246.5000	1.1991	1.1991	1.1991
-246.0000	1.2087	1.2087	1.2087
-245.5000	1.2098	1.2098	1.2098
-245.0000	1.2042	1.2042	1.2042
-244.5000	1.2051	1.2051	1.2051
-244.0000	1.2106	1.2106	1.2106
-243.5000	1.1951	1.1951	1.1951
-243.0000	1.2167	1.2167	1.2167
-242.5000	1.2162	1.2162	1.2162
-242.0000	1.2243	1.2243	1.2243
-241.5000	1.2293	1.2293	1.2293
-241.0000	1.2262	1.2262	1.2262
-240.5000	1.2266	1.2266	1.2266
-240.0000	1.2249	1.2249	1.2249
-239.5000	1.2192	1.2192	1.2192
-239.0000	1.2164	1.2164	1.2164
-238.5000	1.2193	1.2193	1.2193
-238.0000	1.2201	1.2201	1.2201
-237.5000	1.2252	1.2252	1.2252
-237.0000	1.2257	1.2257	1.2257
-236.5000	1.2284	1.2284	1.2284
-236.0000	1.2279	1.2279	1.2279
-235.5000	1.2338	1.2338	1.2338
-235.0000	1.2351	1.2351	1.2351
-234.5000	1.2421	1.2421	1.2421
-234.0000	1.2435	1.2435	1.2435
-233.5000	1.2469	1.2469	1.2469
-233.0000	1.2413	1.2413	1.2413
-232.5000	1.2484	1.2484	1.2484
-232.0000	1.2550	1.2550	1.2550
-231.5000	1.2425	1.2425	1.2425
-231.0000	1.2395	1.2395	1.2395
-230.5000	1.2439	1.2439	1.2439
-230.0000	1.2433	1.2433	1.2433
-229.5000	1.2424	1.2424	1.2424
-229.0000	1.2522	1.2522	1.2522
-228.5000	1.2490	1.2490	1.2490
-228.0000	1.2442	1.2442	1.2442
-227.5000	1.2508	1.2508	1.2508
-227.0000	1.2624	1.2624	1.2624
-226.5000	1.2495	1.2495	1.2495
-226.0000	1.2485	1.2485	1.2485
-225.5000	1.2645	1.2645	1.2645
-225.0000	1.2652	1.2652	1.2652
-224.5000	1.2629	1.2629	1.2629
-224.0000	1.2593	1.2593	1.2593
-223.5000	1.2652	1.2652	1.2652
-223.0000	1.2641	1.2641	1.2641
-222.5000	1.2676	1.2676	1.2676
-222.0000	1.2733	1.2733	1.2733
-221.5000	1.2717	1.2717	1.2717
-221.0000	1.2679	1.2679	1.2679
-220.5000	1.2770	1.2770	1.2770
-220.0000	1.2829	1.2829	1.2829
-219.5000	1.2784	1.2784	1.2784
-219.0000	1.2747	1.2747	1.2747
-218.5000	1.2818	1.2818	1.2818
-218.0000	1.2868	1.2868	1.2868
-217.5000	1.2875	1.2875	1.2875
-217.0000	1.2845	1.2845	1.2845
-216.5000	1.2880	1.2880	1.2880
-216.0000	1.2948	1.2948	1.2948
-215.5000	1.2973	1.2973	1.2973
-215.0000	1.2954	1.2954	1.2954
-214.5000	1.2947	1.2947	1.2947
-214.0000	1.2953	1.2953	1.2953
-213.5000	1.2943	1.2943	1.2943
-213.0000	1.3047	1.3047	1.3047
-212.5000	1.3071	1.3071	1.3071
-212.0000	1.3063	1.3063	1.3063
-211.5000	1.3021	1.3021	1.3021
-211.0000	1.3053	1.3053	1.3053
-210.5000	1.3115	1.3115	1.3115
-210.0000	1.3069	1.3069	1.3069
-209.5000	1.3067	1.3067	1.3067
-209.0000	1.3114	1.3114	1.3114
-208.5000	1.3109	1.3109	1.3109
-208.0000	1.3153	1.3153	1.3153
-207.5000	1.3190	1.3190	1.3190
-207.0000	1.3153	1.3153	1.3153
-206.5000	1.3120	1.3120	1.3120
-206.0000	1.3163	1.3163	1.3163
-205.5000	1.3221	1.3221	1.3221
-205.0000	1.3216	1.3216	1.3216
-204.5000	1.3229	1.3229	1.3229
-204.0000	1.3236	1.3236	1.3236
-203.5000	1.3246	1.3246	1.3246
-203.0000	1.3211	1.3211	1.3211
-202.5000	1.3266	1.3266	1.3266
-202.0000	1.3324	1.3324	1.3324
-201.5000	1.3308	1.3308	1.3308
-201.0000	1.3292	1.3292	1.3292
-200.5000	1.3296	1.3296	1.3296
-200.0000	1.3361	1.3361	1.3361
-199.5000	1.3379	1.3379	1.3379
-199.0000	1.3335	1.3335	1.3335
-198.5000	1.3338	1.3338	1.3338
-198.0000	1.3391	1.3391	1.3391
-197.5000	1.3373	1.3373	1.3373
-197.0000	1.3406	1.3406	1.3406
-196.5000	1.3374	1.3374	1.3374
-196.0000	1.3450	1.3450	1.3450
-195.5000	1.3415	1.3415	1.3415
-195.0000	1.3421	1.3421	1.3421
-194.5000	1.3467	1.3467	1.3467
-194.0000	1.3499	1.3499	1.3499
-193.5000	1.3465	1.3465	1.3465
-193.0000	1.3447	1.3447	1.3447
-192.5000	1.3457	1.3457	1.3457
-192.0000	1.3496	1.3496	1.3496
-191.5000	1.3480	1.3480	1.3480
-191.0000	1.3529	1.3529	1.3529
-190.5000	1.3557	1.3557	1.3557
-190.0000	1.3537	1.3537	1.3537
-189.5000	1.3502	1.3502	1.3502
-189.0000	1.3525	1.3525	1.3525
-188.5000	1.3615	1.3615	1.3615
-188.0000	1.3628	1.3628	1.3628
-187.5000	1.3591	1.3591	1.3591
-187.0000	1.3601	1.3601	1.3601
-186.5000	1.3669	1.3669	1.3669
-186.0000	1.3644	1.3644	1.3644
-185.5000	1.3591	1.3591	1.3591
-185.0000	1.3700	1.3700	1.3700
-184.5000	1.3678	1.3678	1.3678
-184.0000	1.3698	1.3698	1.3698
-183.5000	1.3684	1.3684	1.3684
-183.0000	1.3745	1.3745	1.3745
-182.5000	1.3724	1.3724	1.3724
-182.0000	1.3700	1.3700	1.3700
-181.5000	1.3712	1.3712	1.3712
-181.0000	1.3732	1.3732	1.3732
-180.5000	1.3798	1.3798	1.3798
-180.0000	1.3776	1.3776	1.3776
-179.5000	1.3820	1.3820	1.3820
-179.0000	1.3768	1.3768	1.3768
-178.5000	1.3851	1.3851	1.3851
-178.0000	1.3824	1.3824	1.3824
-177.5000	1.3842	1.3842	1.3842
-177.0000	1.3866	1.3866	1.3866
-176.5000	1.3831	1.3831	1.3831
-176.0000	1.3883	1.3883	1.3883
-175.5000	1.3909	1.3909	1.3909
-175.0000	1.3886	1.3886	1.3886
-174.5000	1.3832	1.3832	1.3832
-174.0000	1.3917	1.3917	1.3917
-173.5000	1.3986	1.3986	1.3986
-173.0000	1.3949	1.3949	1.3949
-172.5000	1.3995	1.3995	1.3995
-172.0000	1.3966	1.3966	1.3966
-171.5000	1.3988	1.3988	1.3988
-171.0000	1.3942	1.3942	1.3942
-170.5000	1.4046	1.4046	1.4046
-170.0000	1.4045	1.4045	1.4045
-169.5000	1.4054	1.4054	1.4054
-169.0000	1.4023	1.4023	1.4023
-168.5000	1.4075	1.4075	1.4075
-168.0000	1.4085	1.4085	1.4085
-167.5000	1.4056	1.4056	1.4056
-167.0000	1.4107	1.4107	1.4107
-166.5000	1.4090	1.4090	1.4090
-166.0000	1.4100	1.4100	1.4100
-165.5000	1.4129	1.4129	1.4129
-165.0000	1.4195	1.4195	1.4195
-164.5000	1.4136	1.4136	1.4136
-164.0000	1.4079	1.4079	1.4079
-163.5000	1.4176	1.4176	1.4176
-163.0000	1.4216	1.4216	1.4216
-162.5000	1.4224	1.4224	1.4224
-162.0000	1.4232	1.4232	1.4232
-161.5000	1.4275	1.4275	1.4275
-161.0000	1.4204	1.4204	1.4204
-160.5000	1.4234	1.4234	1.4234
-160.0000	1.4260	1.4260	1.4260
-159.5000	1.4372	1.4372	1.4372
-159.0000	1.4313	1.4313	1.4313
-158.5000	1.4282	1.4282	1.4282
-158.0000	1.4322	1.4322	1.4322
-157.5000	1.4404	1.4404	1.4404
-157.0000	1.4411	1.4411	1.4411
-156.5000	1.4378	1.4378	1.4378
-156.0000	1.4412	1.4412	1.4412
-155.5000	1.4470	1.4470	1.4470
-155.0000	1.4515	1.4515	1.4515
-154.5000	1.4502	1.4502	1.4502
-154.0000	1.4524	1.4524	1.4524
-153.5000	1.4563	1.4563	1.4563
-153.0000	1.4541	1.4541	1.4541
-152.5000	1.4603	1.4603	1.4603
-152.0000	1.4665	1.4665	1.4665
-151.5000	1.4756	1.4756	1.4756
-151.0000	1.4647	1.4647	1.4647
-150.5000	1.4675	1.4675	1.4675
-150.0000	1.4725	1.4725	1.4725
-149.5000	1.4796	1.4796	1.4796
-149.0000	1.4804	1.4804	1.4804
-148.5000	1.4838	1.4838	1.4838
-148.0000	1.4937	1.4937	1.4937
-147.5000	1.4899	1.4899	1.4899
-147.0000	1.4928	1.4928	1.4928
-146.5000	1.4961	1.4961	1.4961
-146.0000	1.5035	1.5035	1.5035
-145.5000	1.5070	1.5070	1.5070
-145.0000	1.5047	1.5047	1.5047
-144.5000	1.5088	1.5088	1.5088
-144.0000	1.5313	1.5313	1.5313
-143.5000	1.5277	1.5277	1.5277
-143.0000	1.5093	1.5093	1.5093
-142.5000	1.5262	1.5262	1.5262
-142.0000	1.5442	1.5442	1.5442
-141.5000	1.5404	1.5404	1.5404
-141.0000	1.5347	1.5347	1.5347
-140.5000	1.5528	1.5528	1.5528
-140.0000	1.5612	1.5612	1.5612
-139.5000	1.5455	1.5455	1.5455
-139.0000	1.5574	1.5574	1.5574
-138.5000	1.5728	1.5728	1.5728
-138.0000	1.5807	1.5807	1.5807
-137.5000	1.5762	1.5762	1.5762
-137.0000	1.5851	1.5851	1.5851
-136.5000	1.6017	1.6017	1.6017
-136.0000	1.5877	1.5877	1.5877
-135.5000	1.5891	1.5891	1.5891
-135.0000	1.6121	1.6121	1.6121
-134.5000	1.6293	1.6293	1.6293
-134.0000	1.6127	1.6127	1.6127
-133.5000	1.6186	1.6186	1.6186
-133.0000	1.6352	1.6352	1.6352
-132.5000	1.6405	1.6405	1.6405
-132.0000	1.6328	1.6328	1.6328
-131.5000	1.6482	1.6482	1.6482
-131.0000	1.6726	1.6726	1.6726
-130.5000	1.6651	1.6651	1.6651
-130.0000	1.6554	1.6554	1.6554
-129.5000	1.6758	1.6758	1.6758
-129.0000	1.6936	1.6936	1.6936
-128.5000	1.6875	1.6875	1.6875
-128.0000	1.6893	1.6893	1.6893
-127.5000	1.7100	1.7100	1.7100
-127.0000	1.7182	1.7182	1.7182
-126.5000	1.7150	1.7150	1.7150
-126.0000	1.7279	1.7279	1.7279
-125.5000	1.7411	1.7411	1.7411
-125.0000	1.7436	1.7436	1.7436
-124.5000	1.7501	1.7501	1.7501
-124.0000	1.7613	1.7613	1.7613
-123.5000	1.7726	1.7726	1.7726
-123.0000	1.7803	1.7803	1.7803
-122.5000	1.7935	1.7935	1.7935
-122.0000	1.8079	1.8079	1.8079
-121.5000	1.8100	1.8100	1.8100
-121.0000	1.8189	1.8189	1.8189
-120.5000	1.8338	1.8338	1.8338
-120.0000	1.8343	1.8343	1.8343
-119.5000	1.8478	1.8478	1.8478
-119.0000	1.8539	1.8539	1.8539
-118.5000	1.8596	1.8596	1.8596
-118.0000	1.8677	1.8677	1.8677
-117.5000	1.8859	1.8859	1.8859
-117.0000	1.8954	1.8954	1.8954
-116.5000	1.8969	1.8969	1.8969
-116.0000	1.9137	1.9137	1.9137
-115.5000	1.9331	1.9331	1.9331
-115.0000	1.9510	1.9510	1.9510
-114.5000	1.9517	1.9517	1.9517
-114.0000	1.9607	1.9607	1.9607
-113.5000	1.9817	1.9817	1.9817
-113.0000	1.9989	1.9989	1.9989
-112.5000	2.0027	2.0027	2.0027
-112.0000	2.0188	2.0188	2.0188
-111.5000	2.0247	2.0247	2.0247
-111.0000	2.0370	2.0370	2.0370
-110.5000	2.0487	2.0487	2.0487
-110.0000	2.0580	2.0580	2.0580
-109.5000	2.0758	2.0758	2.0758
-109.0000	2.0870	2.0870	2.0870
-108.5000	2.0966	2.0966	2.0966
-108.0000	2.1143	2.1143	2.1143
-107.5000	2.1355	2.1355	2.1355
-107.0000	2.1425	2.1425	2.1425
-106.5000	2.1461	2.1461	2.1461
-106.0000	2.1742	2.1742	2.1742
-105.5000	2.1982	2.1982	2.1982
-105.0000	2.2012	2.2012	2.2012
-104.5000	2.2195	2.2195	2.2195
-104.0000	2.2473	2.2473	2.2473
-103.5000	2.2579	2.2579	2.2579
-103.0000	2.2606	2.2606	2.2606
-102.5000	2.2878	2.2878	2.2878
-102.0000	2.3125	2.3125	2.3125
-101.5000	2.3178	2.3178	2.3178
-101.0000	2.3326	2.3326	2.3326
-100.5000	2.3626	2.3626	2.3626
-100.0000	2.3775	2.3775	2.3775
-99.5000	2.3971	2.3971	2.3971
-99.0000	2.4093	2.4093	2.4093
-98.5000	2.4386	2.4386	2.4386
-98.0000	2.4574	2.4574	2.4574
-97.5000	2.4673	2.4673	2.4673
-97.0000	2.4944	2.4944	2.4944
-96.5000	2.5188	2.5188	2.5188
-96.0000	2.5419	2.5419	2.5419
-95.5000	2.5527	2.5527	2.5527
-95.0000	2.5785	2.5785	2.5785
-94.5000	2.6046	2.6046	2.6046
-94.0000	2.6236	2.6236	2.6236
-93.5000	2.6459	2.6459	2.6459
-93.0000	2.6703	2.6703	2.6703
-92.5000	2.6975	2.6975	2.6975
-92.0000	2.7202	2.7202	2.7202
-91.5000	2.7451	2.7451	2.7451
-91.0000	2.7705	2.7705	2.7705
-90.5000	2.7964	2.7964	2.7964
-90.0000	2.8231	2.8231	2.8231
-89.5000	2.8512	2.8512	2.8512
-89.0000	2.8750	2.8750	2.8750
-88.5000	2.8993	2.8993	2.8993
-88.0000	2.9372	2.9372	2.9372
-87.5000	2.9644	2.9644	2.9644
-87.0000	2.9911	2.9911	2.9911
-86.5000	3.0212	3.0212	3.0212
-86.0000	3.0527	3.0527	3.0527
-85.5000	3.0841	3.0841	3.0841
-85.0000	3.1067	3.1067	3.1067
-84.5000	3.1463	3.1463	3.1463
-84.0000	3.1857	3.1857	3.1857
-83.5000	3.2110	3.2110	3.2110
-83.0000	3.2450	3.2450	3.2450
-82.5000	3.2861	3.2861	3.2861
-82.0000	3.3210	3.3210	3.3210
-81.5000	3.3554	3.3554	3.3554
-81.0000	3.3891	3.3891	3.3891
-80.5000	3.4352	3.4352	3.4352
-80.0000	3.4708	3.4708	3.4708
-79.5000	3.5080	3.5080	3.5080
-79.0000	3.5502	3.5502	3.5502
-78.5000	3.5922	3.5922	3.5922
-78.0000	3.6338	3.6338	3.6338
-77.5000	3.6745	3.6745	3.6745
-77.0000	3.7210	3.7210	3.7210
-76.5000	3.7622	3.7622	3.7622
-76.0000	3.8136	3.8136	3.8136
-75.5000	3.8601	3.8601	3.8601
-75.0000	3.9026	3.9026	3.9026
-74.5000	3.9528	3.9528	3.9528
-74.0000	3.9992	3.9992	3.9992
-73.5000	4.0548	4.0548	4.0548
-73.0000	4.1034	4.1034	4.1034
-72.5000	4.1566	4.1566	4.1566
-72.0000	4.2124	4.2124	4.2124
-71.5000	4.2653	4.2653	4.2653
-71.0000	4.3235	4.3235	4.3235
-70.5000	4.3838	4.3838	4.3838
-70.0000	4.4440	4.4440	4.4440
-69.5000	4.5013	4.5013	4.5013
-69.0000	4.5620	4.5620	4.5620
-68.5000	4.6285	4.6285	4.6285
-68.0000	4.6904	4.6904	4.6904
-67.5000	4.7575	4.7575	4.7575
-67.0000	4.8233	4.8233	4.8233
-66.5000	4.8877	4.8877	4.8877
-66.0000	4.9629	4.9629	4.9629
-65.5000	5.0372	5.0372	5.0372
-65.0000	5.1115	5.1115	5.1115
-64.5000	5.1813	5.1813	5.1813
-64.0000	5.2593	5.2593	5.2593
-63.5000	5.3373	5.3373	5.3373
-63.0000	5.4175	5.4175	5.4175
-62.5000	5.5060	5.5060	5.5060
-62.0000	5.5856	5.5856	5.5856
-61.5000	5.6737	5.6737	5.6737
-61.0000	5.7605	5.7605	5.7605
-60.5000	5.8525	5.8525	5.8525
-60.0000	5.9494	5.9494	5.9494
-59.5000	6.0392	6.0392	6.0392
-59.0000	6.1401	6.1401	6.1401
-58.5000	6.2369	6.2369	6.2369
-58.0000	6.3392	6.3392	6.3392
-57.5000	6.4427	6.4427	6.4427
-57.0000	6.5520	6.5520	6.5520
-56.5000	6.6617	6.6617	6.6617
-56.0000	6.7732	6.7732	6.7732
-55.5000	6.8910	6.8910	6.8910
-55.0000	7.0019	7.0019	7.0019
-54.5000	7.1301	7.1301	7.1301
-54.0000	7.2574	7.2574	7.2574
-53.5000	7.3823	7.3823	7.3823
-53.0000	7.5201	7.5201	7.5201
-52.5000	7.6474	7.6474	7.6474
-52.0000	7.7889	7.7889	7.7889
-51.5000	7.9247	7.9247	7.9247
-51.0000	8.0737	8.0737	8.0737
-50.5000	8.2263	8.2263	8.2263
-50.0000	8.3726	8.3726	8.3726
-49.5000	8.5336	8.5336	8.5336
-49.0000	8.6940	8.6940	8.6940
-48.5000	8.8622	8.8622	8.8622
-48.0000	9.0281	9.0281	9.0281
-47.5000	9.2072	9.2072	9.2072
-47.0000	9.3859	9.3859	9.3859
-46.5000	9.5668	9.5668	9.5668
-46.0000	9.7576	9.7576	9.7576
-45.5000	9.9522	9.9522	9.9522
-45.0000	10.1576	10.1576	10.1576
-44.5000	10.3539	10.3539	10.3539
-44.0000	10.5653	10.5653	10.5653
-43.5000	10.7883	10.7883	10.7883
-43.0000	11.0056	11.0056	11.0056
-42.5000	11.2316	11.2316	11.2316
-42.0000	11.4721	11.4721	11.4721
-41.5000	11.7169	11.7169	11.7169
-41.0000	11.9590	11.9590	11.9590
-40.5000	12.2116	12.2116	12.2116
-40.0000	12.4823	12.4823	12.4823
-39.5000	12.7494	12.7494	12.7494
-39.0000	13.0234	13.0234	13.0234
-38.5000	13.3081	13.3081	13.3081
-38.0000	13.6013	13.6013	13.6013
-37.5000	13.9019	13.9019	13.9019
-37.0000	14.2062	14.2062	14.2062
-36.5000	14.5334	14.5334	14.5334
-36.0000	14.8576	14.8576	14.8576
-35.5000	15.1883	15.1883	15.1883
-35.0000	15.5344	15.5344	15.5344
-34.5000	15.8921	15.8921	15.8921
-34.0000	16.2556	16.2556	16.2556
-33.5000	16.6219	16.6219	16.6219
-33.0000	17.0077	17.0077	17.0077
-32.5000	17.4089	17.4089	17.4089
-32.0000	17.8153	17.8153	17.8153
-31.5000	18.2255	18.2255	18.2255
-31.0000	18.6608	18.6608	18.6608
-30.5000	19.0997	19.0997	19.0997
-30.0000	19.5473	19.5473	19.5473
-29.5000	20.0052	20.0052	20.0052
-29.0000	20.4892	20.4892	20.4892
-28.5000	20.9777	20.9777	20.9777
-28.0000	21.4739	21.4739	21.4739
-27.5000	21.9824	21.9824	21.9824
-27.0000	22.5156	22.5156	22.5156
-26.5000	23.0481	23.0481	23.0481
-26.0000	23.6012	23.6012	23.6012
-25.5000	24.1595	24.1595	24.1595
-25.0000	24.7428	24.7428	24.7428
-24.5000	25.3279	25.3279	25.3279
-24.0000	25.9268	25.9268	25.9268
-23.5000	26.5468	26.5468	26.5468
-23.0000	27.1701	27.1701	27.1701
-22.5000	27.8117	27.8117	27.8117
-22.0000	28.4626	28.4626	28.4626
-21.5000	29.1274	29.1274	29.1274
-21.0000	29.8029	29.8029	29.8029
-20.5000	30.4846	30.4846	30.4846
-20.0000	31.1911	31.1911	31.1911
-19.5000	31.8989	31.8989	31.8989
-19.0000	32.6139	32.6139	32.6139
-18.5000	33.3400	33.3400	33.3400
-18.0000	34.0777	34.0777	34.0777
-17.5000	34.8172	34.8172	34.8172
-17.0000	35.5599	35.5599	35.5599
-16.5000	36.3156	36.3156	36.3156
-16.0000	37.0757	37.0757	37.0757
-15.5000	37.8352	37.8352	37.8352
-15.0000	38.5884	38.5884	38.5884
-14.5000	39.3552	39.3552	39.3552
-14.0000	40.1119	40.1119	40.1119
-13.5000	40.8690	40.8690	40.8690
-13.0000	41.6129	41.6129	41.6129
-12.5000	42.3671	42.3671	42.3671
-12.0000	43.1033	43.1033	43.1033
-11.5000	43.8270	43.8270	43.8270
-11.0000	44.5425	44.5425	44.5425
-10.5000	45.2482	45.2482	45.2482
-10.0000	45.9307	45.9307	45.9307
-9.5000	46.5924	46.5924	46.5924
-9.0000	47.2374	47.2374	47.2374
-8.5000	47.8611	47.8611	47.8611
-8.0000	48.4528	48.4528	48.4528
-7.5000	49.0167	49.0167	49.0167
-7.0000	49.5581	49.5581	49.5581
-6.5000	50.0679	50.0679	50.0679
-6.0000	50.5282	50.5282	50.5282
-5.5000	50.9628	50.9628	50.9628
-5.0000	51.3607	51.3607	51.3607
-4.5000	51.7103	51.7103	51.7103
-4.0000	52.0179	52.0179	52.0179
-3.5000	52.2540	52.2540	52.2540
-3.0000	52.5274	52.5274	52.5274
-2.5000	52.7290	52.7290	52.7290
-2.0000	52.8232	52.8232	52.8232
-1.5000	52.9600	52.9600	52.9600
-1.0000	52.8092	52.8092	52.8092
-0.5000	52.7199	52.7199	52.7199
0.0000	52.6153	52.6153	52.6153
0.5000	52.4833	52.4833	52.4833
1.0000	52.4321	52.4321	52.4321
1.5000	52.2264	52.2264	52.2264
2.0000	52.0470	52.0470	52.0470
2.5000	51.9847	51.9847	51.9847
3.0000	51.8157	51.8157	51.8157
3.5000	51.5158	51.5158	51.5158
4.0000	51.2063	51.2063	51.2063
4.5000	51.0750	51.0750	51.0750
5.0000	51.3881	51.3881	51.3881
5.5000	53.5824	53.5824	53.5824
6.0000	54.3033	54.3033	54.3033
6.5000	55.3082	55.3082	55.3082
7.0000	54.5562	54.5562	54.5562
7.5000	54.7314	54.7314	54.7314
8.0000	53.8815	53.8815	53.8815
8.5000	53.7127	53.7127	53.7127
9.0000	52.6240	52.6240	52.6240
9.5000	52.3917	52.3917	52.3917
10.0000	52.3484	52.3484	52.3484
10.5000	52.2158	52.2158	52.2158
11.0000	52.5787	52.5787	52.5787
11.5000	53.5023	53.5023	53.5023
12.0000	54.8916	54.8916	54.8916
12.5000	55.9715	55.9715	55.9715
13.0000	57.7993	57.7993	57.7993
13.5000	58.7531	58.7531	58.7531
14.0000	59.5341	59.5341	59.5341
14.5000	59.9200	59.9200	59.9200
15.0000	61.0083	61.0083	61.0083
15.5000	61.4601	61.4601	61.4601
16.0000	61.5257	61.5257	61.5257
16.5000	61.4424	61.4424	61.4424
17.0000	60.9383	60.9383	60.9383
17.5000	60.6406	60.6406	60.6406
18.0000	59.7665	59.7665	59.7665
18.5000	59.3094	59.3094	59.3094
19.0000	58.5778	58.5778	58.5778
19.5000	57.8123	57.8123	57.8123
20.0000	56.9335	56.9335	56.9335
20.5000	56.3245	56.3245	56.3245
21.0000	55.5875	55.5875	55.5875
21.5000	54.4895	54.4895	54.4895
22.0000	53.7968	53.7968	53.7968
22.5000	53.0162	53.0162	53.0162
23.0000	52.2213	52.2213	52.2213
23.5000	51.2036	51.2036	51.2036
24.0000	50.5348	50.5348	50.5348
24.5000	49.6491	49.6491	49.6491
25.0000	48.8121	48.8121	48.8121
25.5000	47.8911	47.8911	47.8911
26.0000	47.1574	47.1574	47.1574
26.5000	46.3446	46.3446	46.3446
27.0000	45.3524	45.3524	45.3524
27.5000	44.6374	44.6374	44.6374
28.0000	43.8151	43.8151	43.8151
28.5000	43.0802	43.0802	43.0802
29.0000	42.1471	42.1471	42.1471
29.5000	41.4663	41.4663	41.4663
30.0000	40.6707	40.6707	40.6707
30.5000	39.9116	39.9116	39.9116
31.0000	39.1144	39.1144	39.1144
31.5000	38.4582	38.4582	38.4582
32.0000	37.6750	37.6750	37.6750
32.5000	36.9439	36.9439	36.9439
33.0000	36.2108	36.2108	36.2108
33.5000	35.5965	35.5965	35.5965
34.0000	34.8407	34.8407	34.8407
34.5000	34.2066	34.2066	34.2066
35.0000	33.4987	33.4987	33.4987
35.5000	32.9356	32.9356	32.9356
36.0000	32.2533	32.2533	32.2533
36.5000	31.6654	31.6654	31.6654
37.0000	31.0421	31.0421	31.0421
37.5000	30.5002	30.5002	30.5002
38.0000	29.8799	29.8799	29.8799
38.5000	29.3102	29.3102	29.3102
39.0000	28.7854	28.7854	28.7854
39.5000	28.2390	28.2390	28.2390
40.0000	27.6663	27.6663	27.6663
40.5000	27.1745	27.1745	27.1745
41.0000	26.6821	26.6821	26.6821
41.5000	26.1600	26.1600	26.1600
42.0000	25.6687	25.6687	25.6687
42.5000	25.2342	25.2342	25.2342
43.0000	24.7655	24.7655	24.7655
43.5000	24.2950	24.2950	24.2950
44.0000	23.8891	23.8891	23.8891
44.5000	23.4739	23.4739	23.4739
45.0000	23.0281	23.0281	23.0281
45.5000	22.6099	22.6099	22.6099
46.0000	22.2436	22.2436	22.2436
46.5000	21.8322	21.8322	21.8322
47.0000	21.4447	21.4447	21.4447
47.5000	21.0582	21.0582	21.0582
48.0000	20.7205	20.7205	20.7205
48.5000	20.3446	20.3446	20.3446
49.0000	19.9960	19.9960	19.9960
49.5000	19.6577	19.6577	19.6577
50.0000	19.3416	19.3416	19.3416
50.5000	19.0110	19.0110	19.0110
51.0000	18.6897	18.6897	18.6897
51.5000	18.3950	18.3950	18.3950
52.0000	18.0999	18.0999	18.0999
52.5000	17.7984	17.7984	17.7984
53.0000	17.4874	17.4874	17.4874
53.5000	17.2320	17.2320	17.2320
54.0000	16.9582	16.9582	16.9582
54.5000	16.6652	16.6652	16.6652
55.0000	16.3980	16.3980	16.3980
55.5000	16.1492	16.1492	16.1492
56.0000	15.9064	15.9064	15.9064
56.5000	15.6324	15.6324	15.6324
57.0000	15.4171	15.4171	15.4171
57.5000	15.1820	15.1820	15.1820
58.0000	14.9437	14.9437	14.9437
58.5000	14.7120	14.7120	14.7120
59.0000	14.5159	14.5159	14.5159
59.5000	14.3023	14.3023	14.3023
60.0000	14.0687	14.0687	14.0687
60.5000	13.8737	13.8737	13.8737
61.0000	13.6803	13.6803	13.6803
61.5000	13.4793	13.4793	13.4793
62.0000	13.2813	13.2813	13.2813
62.5000	13.0907	13.0907	13.0907
63.0000	12.9264	12.9264	12.9264
63.5000	12.7274	12.7274	12.7274
64.0000	12.5644	12.5644	12.5644
64.5000	12.3925	12.3925	12.3925
65.0000	12.2443	12.2443	12.2443
65.5000	12.0600	12.0600	12.0600
66.0000	11.9035	11.9035	11.9035
66.5000	11.7574	11.7574	11.7574
67.0000	11.6073	11.6073	11.6073
67.5000	11.4420	11.4420	11.4420
68.0000	11.2955	11.2955	11.2955
68.5000	11.1644	11.1644	11.1644
69.0000	11.0166	11.0166	11.0166
69.5000	10.8697	10.8697	10.8697
70.0000	10.7302	10.7302	10.7302
70.5000	10.6093	10.6093	10.6093
71.0000	10.4762	10.4762	10.4762
71.5000	10.3500	10.3500	10.3500
72.0000	10.2293	10.2293	10.2293
72.5000	10.1168	10.1168	10.1168
73.0000	9.9877	9.9877	9.9877
73.5000	9.8670	9.8670	9.8670
74.0000	9.7595	9.7595	9.7595
74.5000	9.6385	9.6385	9.6385
75.0000	9.5276	9.5276	9.5276
75.5000	9.4276	9.4276	9.4276
76.0000	9.3214	9.3214	9.3214
76.5000	9.2009	9.2009	9.2009
77.0000	9.0928	9.0928	9.0928
77.5000	9.0037	9.0037	9.0037
78.0000	8.8987	8.8987	8.8987
78.5000	8.7886	8.7886	8.7886
79.0000	8.7032	8.7032	8.7032
79.5000	8.6239	8.6239	8.6239
80.0000	8.5246	8.5246	8.5246
80.5000	8.4230	8.4230	8.4230
81.0000	8.3441	8.3441	8.3441
81.5000	8.2606	8.2606	8.2606
82.0000	8.1669	8.1669	8.1669
82.5000	8.0866	8.0866	8.0866
83.0000	8.0213	8.0213	8.0213
83.5000	7.9328	7.9328	7.9328
84.0000	7.8474	7.8474	7.8474
84.5000	7.7750	7.7750	7.7750
85.0000	7.7025	7.7025	7.7025
85.5000	7.6063	7.6063	7.6063
86.0000	7.5392	7.5392	7.5392
86.5000	7.4875	7.4875	7.4875
87.0000	7.4084	7.4084	7.4084
87.5000	7.3267	7.3267	7.3267
88.0000	7.2639	7.2639	7.2639
88.5000	7.2090	7.2090	7.2090
89.0000	7.1268	7.1268	7.1268
89.5000	7.0637	7.0637	7.0637
90.0000	7.0165	7.0165	7.0165
90.5000	6.9518	6.9518	6.9518
91.0000	6.8787	6.8787	6.8787
91.5000	6.8275	6.8275	6.8275
92.0000	6.7681	6.7681	6.7681
92.5000	6.7023	6.7023	6.7023
93.0000	6.6445	6.6445	6.6445
93.5000	6.5996	6.5996	6.5996
94.0000	6.5461	6.5461	6.5461
94.5000	6.4862	6.4862	6.4862
95.0000	6.4331	6.4331	6.4331
95.5000	6.3813	6.3813	6.3813
96.0000	6.3285	6.3285	6.3285
96.5000	6.2824	6.2824	6.2824
97.0000	6.2356	6.2356	6.2356
97.5000	6.1841	6.1841	6.1841
98.0000	6.1305	6.1305	6.1305
98.5000	6.0921	6.0921	6.0921
99.0000	6.0437	6.0437	6.0437
99.5000	5.9862	5.9862	5.9862
100.0000	5.9427	5.9427	5.9427
100.5000	5.9059	5.9059	5.9059
101.0000	5.8643	5.8643	5.8643
101.5000	5.8250	5.8250	5.8250
102.0000	5.7842	5.7842	5.7842
102.5000	5.7405	5.7405	5.7405
103.0000	5.6957	5.6957	5.6957
103.5000	5.6600	5.6600	5.6600
104.0000	5.6289	5.6289	5.6289
104.5000	5.5864	5.5864	5.5864
105.0000	5.5494	5.5494	5.5494
105.5000	5.5128	5.5128	5.5128
106.0000	5.4776	5.4776	5.4776
106.5000	5.4380	5.4380	5.4380
107.0000	5.3991	5.3991	5.3991
107.5000	5.3681	5.3681	5.3681
108.0000	5.3379	5.3379	5.3379
108.5000	5.3017	5.3017	5.3017
109.0000	5.2695	5.2695	5.2695
109.5000	5.2419	5.2419	5.2419
110.0000	5.2107	5.2107	5.2107
110.5000	5.1770	5.1770	5.1770
111.0000	5.1432	5.1432	5.1432
111.5000	5.1183	5.1183	5.1183
112.0000	5.0949	5.0949	5.0949
112.5000	5.0591	5.0591	5.0591
113.0000	5.0311	5.0311	5.0311
113.5000	5.0036	5.0036	5.0036
114.0000	4.9771	4.9771	4.9771
114.5000	4.9421	4.9421	4.9421
115.0000	4.9126	4.9126	4.9126
115.5000	4.8926	4.8926	4.8926
116.0000	4.8707	4.8707	4.8707
116.5000	4.8298	4.8298	4.8298
117.0000	4.8146	4.8146	4.8146
117.5000	4.7930	4.7930	4.7930
118.0000	4.7772	4.7772	4.7772
118.5000	4.7337	4.7337	4.7337
119.0000	4.7196	4.7196	4.7196
119.5000	4.7026	4.7026	4.7026
120.0000	4.6806	4.6806	4.6806
120.5000	4.6402	4.6402	4.6402
121.0000	4.6210	4.6210	4.6210
121.5000	4.6093	4.6093	4.6093
122.0000	4.5772	4.5772	4.5772
122.5000	4.5472	4.5472	4.5472
123.0000	4.5388	4.5388	4.5388
123.5000	4.5203	4.5203	4.5203
124.0000	4.4954	4.4954	4.4954
124.5000	4.4667	4.4667	4.4667
125.0000	4.4582	4.4582	4.4582
125.5000	4.4384	4.4384	4.4384
126.0000	4.4160	4.4160	4.4160
126.5000	4.3991	4.3991	4.3991
127.0000	4.3763	4.3763	4.3763
127.5000	4.3498	4.3498	4.3498
128.0000	4.3260	4.3260	4.3260
128.5000	4.3128	4.3128	4.3128
129.0000	4.2782	4.2782	4.2782
129.5000	4.2573	4.2573	4.2573
130.0000	4.2393	4.2393	4.2393
130.5000	4.2229	4.2229	4.2229
131.0000	4.1971	4.1971	4.1971
131.5000	4.1736	4.1736	4.1736
132.0000	4.1500	4.1500	4.1500
132.5000	4.1322	4.1322	4.1322
133.0000	4.1069	4.1069	4.1069
133.5000	4.0853	4.0853	4.0853
134.0000	4.0603	4.0603	4.0603
134.5000	4.0390	4.0390	4.0390
135.0000	4.0124	4.0124	4.0124
135.5000	3.9912	3.9912	3.9912
136.0000	3.9657	3.9657	3.9657
136.5000	3.9389	3.9389	3.9389
137.0000	3.9142	3.9142	3.9142
137.5000	3.8919	3.8919	3.8919
138.0000	3.8696	3.8696	3.8696
138.5000	3.8386	3.8386	3.8386
139.0000	3.8111	3.8111	3.8111
139.5000	3.7864	3.7864	3.7864
140.0000	3.7641	3.7641	3.7641
140.5000	3.7317	3.7317	3.7317
141.0000	3.7003	3.7003	3.7003
141.5000	3.6769	3.6769	3.6769
142.0000	3.6474	3.6474	3.6474
142.5000	3.6116	3.6116	3.6116
143.0000	3.5912	3.5912	3.5912
143.5000	3.5555	3.5555	3.5555
144.0000	3.5249	3.5249	3.5249
144.5000	3.4986	3.4986	3.4986
145.0000	3.4743	3.4743	3.4743
145.5000	3.4374	3.4374	3.4374
146.0000	3.3989	3.3989	3.3989
146.5000	3.3620	3.3620	3.3620
147.0000	3.3378	3.3378	3.3378
147.5000	3.3061	3.3061	3.3061
148.0000	3.2667	3.2667	3.2667
148.5000	3.2259	3.2259	3.2259
149.0000	3.1988	3.1988	3.1988
149.5000	3.1651	3.1651	3.1651
150.0000	3.1297	3.1297	3.1297
150.5000	3.0854	3.0854	3.0854
151.0000	3.0589	3.0589	3.0589
151.5000	3.0160	3.0160	3.0160
152.0000	2.9843	2.9843	2.9843
152.5000	2.9517	2.9517	2.9517
153.0000	2.9091	2.9091	2.9091
153.5000	2.8663	2.8663	2.8663
154.0000	2.8313	2.8313	2.8313
154.5000	2.8003	2.8003	2.8003
155.0000	2.7521	2.7521	2.7521
155.5000	2.7114	2.7114	2.7114
156.0000	2.6737	2.6737	2.6737
156.5000	2.6401	2.6401	2.6401
157.0000	2.5904	2.5904	2.5904
157.5000	2.5597	2.5597	2.5597
158.0000	2.5150	2.5150	2.5150
158.5000	2.4801	2.4801	2.4801
159.0000	2.4335	2.4335	2.4335
159.5000	2.4084	2.4084	2.4084
160.0000	2.3633	2.3633	2.3633
160.5000	2.3282	2.3282	2.3282
161.0000	2.2810	2.2810	2.2810
161.5000	2.2531	2.2531	2.2531
162.0000	2.2146	2.2146	2.2146
162.5000	2.1746	2.1746	2.1746
163.0000	2.1308	2.1308	2.1308
163.5000	2.0971	2.0971	2.0971
164.0000	2.0647	2.0647	2.0647
164.5000	2.0271	2.0271	2.0271
165.0000	1.9925	1.9925	1.9925
165.5000	1.9628	1.9628	1.9628
166.0000	1.9293	1.9293	1.9293
166.5000	1.8939	1.8939	1.8939
167.0000	1.8635	1.8635	1.8635
167.5000	1.8335	1.8335	1.8335
168.0000	1.8032	1.8032	1.8032
168.5000	1.7698	1.7698	1.7698
169.0000	1.7426	1.7426	1.7426
169.5000	1.7179	1.7179	1.7179
170.0000	1.6912	1.6912	1.6912
170.5000	1.6609	1.6609	1.6609
171.0000	1.6327	1.6327	1.6327
171.5000	1.6099	1.6099	1.6099
172.0000	1.5926	1.5926	1.5926
172.5000	1.5656	1.5656	1.5656
173.0000	1.5434	1.5434	1.5434
173.5000	1.5208	1.5208	1.5208
174.0000	1.5056	1.5056	1.5056
174.5000	1.4787	1.4787	1.4787
175.0000	1.4648	1.4648	1.4648
175.5000	1.4451	1.4451	1.4451
176.0000	1.4268	1.4268	1.4268
176.5000	1.4089	1.4089	1.4089
177.0000	1.3947	1.3947	1.3947
177.5000	1.3791	1.3791	1.3791
178.0000	1.3670	1.3670	1.3670
178.5000	1.3482	1.3482	1.3482
179.0000	1.3389	1.3389	1.3389
179.5000	1.3279	1.3279	1.3279
180.0000	1.3175	1.3175	1.3175
180.5000	1.3075	1.3075	1.3075
181.0000	1.3008	1.3008	1.3008
181.5000	1.2938	1.2938	1.2938
182.0000	1.2795	1.2795	1.2795
182.5000	1.2763	1.2763	1.2763
183.0000	1.2697	1.2697	1.2697
183.5000	1.2681	1.2681	1.2681
184.0000	1.2619	1.2619	1.2619
184.5000	1.2629	1.2629	1.2629
185.0000	1.2612	1.2612	1.2612
185.5000	1.2544	1.2544	1.2544
186.0000	1.2505	1.2505	1.2505
186.5000	1.2537	1.2537	1.2537
187.0000	1.2575	1.2575	1.2575
187.5000	1.2608	1.2608	1.2608
188.0000	1.2578	1.2578	1.2578
188.5000	1.2627	1.2627	1.2627
189.0000	1.2619	1.2619	1.2619
189.5000	1.2597	1.2597	1.2597
190.0000	1.2595	1.2595	1.2595
190.5000	1.2716	1.2716	1.2716
191.0000	1.2759	1.2759	1.2759
191.5000	1.2775	1.2775	1.2775
192.0000	1.2775	1.2775	1.2775
192.5000	1.2904	1.2904	1.2904
193.0000	1.2945	1.2945	1.2945
193.5000	1.2900	1.2900	1.2900
194.0000	1.2999	1.2999	1.2999
194.5000	1.3119	1.3119	1.3119
195.0000	1.3185	1.3185	1.3185
195.5000	1.3178	1.3178	1.3178
196.0000	1.3238	1.3238	1.3238
196.5000	1.3318	1.3318	1.3318
197.0000	1.3413	1.3413	1.3413
197.5000	1.3415	1.3415	1.3415
198.0000	1.3572	1.3572	1.3572
198.5000	1.3599	1.3599	1.3599
199.0000	1.3628	1.3628	1.3628
199.5000	1.3681	1.3681	1.3681
200.0000	1.3864	1.3864	1.3864
200.5000	1.3911	1.3911	1.3911
201.0000	1.3943	1.3943	1.3943
201.5000	1.4007	1.4007	1.4007
202.0000	1.4148	1.4148	1.4148
202.5000	1.4210	1.4210	1.4210
203.0000	1.4283	1.4283	1.4283
203.5000	1.4355	1.4355	1.4355
204.0000	1.4445	1.4445	1.4445
204.5000	1.4560	1.4560	1.4560
205.0000	1.4621	1.4621	1.4621
205.5000	1.4684	1.4684	1.4684
206.0000	1.4764	1.4764	1.4764
206.5000	1.4855	1.4855	1.4855
207.0000	1.4901	1.4901	1.4901
207.5000	1.5013	1.5013	1.5013
208.0000	1.5113	1.5113	1.5113
208.5000	1.5224	1.5224	1.5224
209.0000	1.5217	1.5217	1.5217
209.5000	1.5364	1.5364	1.5364
210.0000	1.5423	1.5423	1.5423
210.5000	1.5507	1.5507	1.5507
211.0000	1.5519	1.5519	1.5519
211.5000	1.5650	1.5650	1.5650
212.0000	1.5692	1.5692	1.5692
212.5000	1.5787	1.5787	1.5787
213.0000	1.5742	1.5742	1.5742
213.5000	1.5914	1.5914	1.5914
214.0000	1.5964	1.5964	1.5964
214.5000	1.5997	1.5997	1.5997
215.0000	1.6030	1.6030	1.6030
215.5000	1.6118	1.6118	1.6118
216.0000	1.6227	1.6227	1.6227
216.5000	1.6127	1.6127	1.6127
217.0000	1.6209	1.6209	1.6209
217.5000	1.6309	1.6309	1.6309
218.0000	1.6380	1.6380	1.6380
218.5000	1.6263	1.6263	1.6263
219.0000	1.6387	1.6387	1.6387
219.5000	1.6390	1.6390	1.6390
220.0000	1.6450	1.6450	1.6450
220.5000	1.6402	1.6402	1.6402
221.0000	1.6468	1.6468	1.6468
221.5000	1.6490	1.6490	1.6490
222.0000	1.6491	1.6491	1.6491
222.5000	1.6452	1.6452	1.6452
223.0000	1.6520	1.6520	1.6520
223.5000	1.6490	1.6490	1.6490
224.0000	1.6441	1.6441	1.6441
224.5000	1.6464	1.6464	1.6464
225.0000	1.6441	1.6441	1.6441
225.5000	1.6398	1.6398	1.6398
226.0000	1.6415	1.6415	1.6415
226.5000	1.6435	1.6435	1.6435
227.0000	1.6328	1.6328	1.6328
227.5000	1.6304	1.6304	1.6304
228.0000	1.6280	1.6280	1.6280
228.5000	1.6267	1.6267	1.6267
229.0000	1.6184	1.6184	1.6184
229.5000	1.6251	1.6251	1.6251
230.0000	1.6184	1.6184	1.6184
230.5000	1.6133	1.6133	1.6133
231.0000	1.6008	1.6008	1.6008
231.5000	1.6080	1.6080	1.6080
232.0000	1.6004	1.6004	1.6004
232.5000	1.5915	1.5915	1.5915
233.0000	1.5918	1.5918	1.5918
233.5000	1.5870	1.5870	1.5870
234.0000	1.5840	1.5840	1.5840
234.5000	1.5716	1.5716	1.5716
235.0000	1.5771	1.5771	1.5771
235.5000	1.5647	1.5647	1.5647
236.0000	1.5617	1.5617	1.5617
236.5000	1.5510	1.5510	1.5510
237.0000	1.5629	1.5629	1.5629
237.5000	1.5550	1.5550	1.5550
238.0000	1.5516	1.5516	1.5516
238.5000	1.5490	1.5490	1.5490
239.0000	1.5519	1.5519	1.5519
239.5000	1.5402	1.5402	1.5402
240.0000	1.5311	1.5311	1.5311
240.5000	1.5308	1.5308	1.5308
241.0000	1.5292	1.5292	1.5292
241.5000	1.5204	1.5204	1.5204
242.0000	1.5101	1.5101	1.5101
242.5000	1.5167	1.5167	1.5167
243.0000	1.5120	1.5120	1.5120
243.5000	1.5035	1.5035	1.5035
244.0000	1.5010	1.5010	1.5010
244.5000	1.5096	1.5096	1.5096
245.0000	1.5098	1.5098	1.5098
245.5000	1.4972	1.4972	1.4972
246.0000	1.4999	1.4999	1.4999
246.5000	1.5078	1.5078	1.5078
247.0000	1.5018	1.5018	1.5018
247.5000	1.4942	1.4942	1.4942
248.0000	1.5005	1.5005	1.5005
248.5000	1.4936	1.4936	1.4936
249.0000	1.4850	1.4850	1.4850
249.5000	1.4892	1.4892	1.4892
250.0000	1.4820	1.4820	1.4820
250.5000	1.4780	1.4780	1.4780
251.0000	1.4792	1.4792	1.4792
251.5000	1.4743	1.4743	1.4743
252.0000	1.4827	1.4827	1.4827
252.5000	1.4792	1.4792	1.4792
253.0000	1.4733	1.4733	1.4733
253.5000	1.4710	1.4710	1.4710
254.0000	1.4769	1.4769	1.4769
254.5000	1.4769	1.4769	1.4769
255.0000	1.4747	1.4747	1.4747
255.5000	1.4757	1.4757	1.4757
256.0000	1.4774	1.4774	1.4774
256.5000	1.4727	1.4727	1.4727
257.0000	1.4677	1.4677	1.4677
257.5000	1.4719	1.4719	1.4719
258.0000	1.4704	1.4704	1.4704
258.5000	1.4743	1.4743	1.4743
259.0000	1.4650	1.4650	1.4650
259.5000	1.4759	1.4759	1.4759
260.0000	1.4737	1.4737	1.4737
260.5000	1.4725	1.4725	1.4725
261.0000	1.4691	1.4691	1.4691
261.5000	1.4764	1.4764	1.4764
262.0000	1.4747	1.4747	1.4747
262.5000	1.4736	1.4736	1.4736
263.0000	1.4726	1.4726	1.4726
263.5000	1.4791	1.4791	1.4791
264.0000	1.4828	1.4828	1.4828
264.5000	1.4709	1.4709	1.4709
265.0000	1.4798	1.4798	1.4798
265.5000	1.4823	1.4823	1.4823
266.0000	1.4916	1.4916	1.4916
266.5000	1.4786	1.4786	1.4786
267.0000	1.4881	1.4881	1.4881
267.5000	1.4908	1.4908	1.4908
268.0000	1.4979	1.4979	1.4979
268.5000	1.4935	1.4935	1.4935
269.0000	1.4978	1.4978	1.4978
269.5000	1.5050	1.5050	1.5050
270.0000	1.5028	1.5028	1.5028
270.5000	1.5082	1.5082	1.5082
271.0000	1.5112	1.5112	1.5112
271.5000	1.5151	1.5151	1.5151
272.0000	1.5201	1.5201	1.5201
272.5000	1.5247	1.5247	1.5247
273.0000	1.5222	1.5222	1.5222
273.5000	1.5361	1.5361	1.5361
274.0000	1.5363	1.5363	1.5363
274.5000	1.5395	1.5395	1.5395
275.0000	1.5411	1.5411	1.5411
275.5000	1.5519	1.5519	1.5519
276.0000	1.5544	1.5544	1.5544
276.5000	1.5572	1.5572	1.5572
277.0000	1.5627	1.5627	1.5627
277.5000	1.5675	1.5675	1.5675
278.0000	1.5704	1.5704	1.5704
278.5000	1.5721	1.5721	1.5721
279.0000	1.5763	1.5763	1.5763
279.5000	1.5773	1.5773	1.5773
280.0000	1.5770	1.5770	1.5770
280.5000	1.5817	1.5817	1.5817
281.0000	1.5889	1.5889	1.5889
281.5000	1.5875	1.5875	1.5875
282.0000	1.5889	1.5889	1.5889
282.5000	1.5910	1.5910	1.5910
283.0000	1.5931	1.5931	1.5931
283.5000	1.5889	1.5889	1.5889
284.0000	1.5933	1.5933	1.5933
284.5000	1.5926	1.5926	1.5926
285.0000	1.5896	1.5896	1.5896
285.5000	1.5855	1.5855	1.5855
286.0000	1.5889	1.5889	1.5889
286.5000	1.5886	1.5886	1.5886
287.0000	1.5850	1.5850	1.5850
287.5000	1.5815	1.5815	1.5815
288.0000	1.5734	1.5734	1.5734
288.5000	1.5743	1.5743	1.5743
289.0000	1.5706	1.5706	1.5706
289.5000	1.5694	1.5694	1.5694
290.0000	1.5653	1.5653	1.5653
290.5000	1.5600	1.5600	1.5600
291.0000	1.5580	1.5580	1.5580
291.5000	1.5514	1.5514	1.5514
292.0000	1.5493	1.5493	1.5493
292.5000	1.5377	1.5377	1.5377
293.0000	1.5380	1.5380	1.5380
293.5000	1.5298	1.5298	1.5298
294.0000	1.5288	1.5288	1.5288
294.5000	1.5234	1.5234	1.5234
295.0000	1.5187	1.5187	1.5187
295.5000	1.5141	1.5141	1.5141
296.0000	1.5078	1.5078	1.5078
296.5000	1.5022	1.5022	1.5022
297.0000	1.4988	1.4988	1.4988
297.5000	1.4968	1.4968	1.4968
298.0000	1.4895	1.4895	1.4895
298.5000	1.4862	1.4862	1.4862
299.0000	1.4814	1.4814	1.4814
299.5000	1.4795	1.4795	1.4795
300.0000	1.4760	1.4760	1.4760
300.5000	1.4712	1.4712	1.4712
301.0000	1.4726	1.4726	1.4726
301.5000	1.4694	1.4694	1.4694
302.0000	1.4667	1.4667	1.4667
302.5000	1.4634	1.4634	1.4634
303.0000	1.4672	1.4672	1.4672
303.5000	1.4620	1.4620	1.4620
304.0000	1.4637	1.4637	1.4637
304.5000	1.4619	1.4619	1.4619
305.0000	1.4609	1.4609	1.4609
305.5000	1.4610	1.4610	1.4610
306.0000	1.4633	1.4633	1.4633
306.5000	1.4645	1.4645	1.4645
307.0000	1.4627	1.4627	1.4627
307.5000	1.4635	1.4635	1.4635
308.0000	1.4619	1.4619	1.4619
308.5000	1.4620	1.4620	1.4620
309.0000	1.4636	1.4636	1.4636
309.5000	1.4614	1.4614	1.4614
310.0000	1.4615	1.4615	1.4615
310.5000	1.4618	1.4618	1.4618
311.0000	1.4647	1.4647	1.4647
311.5000	1.4623	1.4623	1.4623
312.0000	1.4657	1.4657	1.4657
312.5000	1.4629	1.4629	1.4629
313.0000	1.4637	1.4637	1.4637
313.5000	1.4606	1.4606	1.4606
314.0000	1.4629	1.4629	1.4629
314.5000	1.4652	1.4652	1.4652
315.0000	1.4630	1.4630	1.4630
315.5000	1.4615	1.4615	1.4615
316.0000	1.4642	1.4642	1.4642
316.5000	1.4591	1.4591	1.4591
317.0000	1.4613	1.4613	1.4613
317.5000	1.4563	1.4563	1.4563
318.0000	1.4638	1.4638	1.4638
318.5000	1.4593	1.4593	1.4593
319.0000	1.4541	1.4541	1.4541
319.5000	1.4636	1.4636	1.4636
320.0000	1.4609	1.4609	1.4609
320.5000	1.4625	1.4625	1.4625
321.0000	1.4599	1.4599	1.4599
321.5000	1.4678	1.4678	1.4678
322.0000	1.4703	1.4703	1.4703
322.5000	1.4663	1.4663	1.4663
323.0000	1.4703	1.4703	1.4703
323.5000	1.4808	1.4808	1.4808
324.0000	1.4841	1.4841	1.4841
324.5000	1.4825	1.4825	1.4825
325.0000	1.4869	1.4869	1.4869
325.5000	1.4911	1.4911	1.4911
326.0000	1.4994	1.4994	1.4994
326.5000	1.4998	1.4998	1.4998
327.0000	1.5124	1.5124	1.5124
327.5000	1.5117	1.5117	1.5117
328.0000	1.5178	1.5178	1.5178
328.5000	1.5229	1.5229	1.5229
329.0000	1.5362	1.5362	1.5362
329.5000	1.5385	1.5385	1.5385
330.0000	1.5388	1.5388	1.5388
330.5000	1.5445	1.5445	1.5445
331.0000	1.5523	1.5523	1.5523
331.5000	1.5581	1.5581	1.5581
332.0000	1.5597	1.5597	1.5597
332.5000	1.5629	1.5629	1.5629
333.0000	1.5645	1.5645	1.5645
333.5000	1.5675	1.5675	1.5675
334.0000	1.5753	1.5753	1.5753
334.5000	1.5815	1.5815	1.5815
335.0000	1.5772	1.5772	1.5772
335.5000	1.5797	1.5797	1.5797
336.0000	1.5876	1.5876	1.5876
336.5000	1.5842	1.5842	1.5842
337.0000	1.5818	1.5818	1.5818
337.5000	1.5830	1.5830	1.5830
338.0000	1.5863	1.5863	1.5863
338.5000	1.5838	1.5838	1.5838
339.0000	1.5926	1.5926	1.5926
339.5000	1.5908	1.5908	1.5908
340.0000	1.5901	1.5901	1.5901
340.5000	1.5862	1.5862	1.5862
341.0000	1.6010	1.6010	1.6010
341.5000	1.5988	1.5988	1.5988
342.0000	1.5946	1.5946	1.5946
342.5000	1.5963	1.5963	1.5963
343.0000	1.6044	1.6044	1.6044
343.5000	1.6042	1.6042	1.6042
344.0000	1.6030	1.6030	1.6030
344.5000	1.6104	1.6104	1.6104
345.0000	1.6086	1.6086	1.6086
345.5000	1.6079	1.6079	1.6079
346.0000	1.6143	1.6143	1.6143
346.5000	1.6223	1.6223	1.6223
347.0000	1.6205	1.6205	1.6205
347.5000	1.6176	1.6176	1.6176
348.0000	1.6239	1.6239	1.6239
348.5000	1.6354	1.6354	1.6354
349.0000	1.6315	1.6315	1.6315
349.5000	1.6337	1.6337	1.6337
350.0000	1.6401	1.6401	1.6401
350.5000	1.6391	1.6391	1.6391
351.0000	1.6317	1.6317	1.6317
351.5000	1.6399	1.6399	1.6399
352.0000	1.6427	1.6427	1.6427
352.5000	1.6390	1.6390	1.6390
353.0000	1.6300	1.6300	1.6300
353.5000	1.6323	1.6323	1.6323
354.0000	1.6349	1.6349	1.6349
354.5000	1.6174	1.6174	1.6174
355.0000	1.6162	1.6162	1.6162
355.5000	1.6148	1.6148	1.6148
356.0000	1.6043	1.6043	1.6043
356.5000	1.5858	1.5858	1.5858
357.0000	1.5742	1.5742	1.5742
357.5000	1.5784	1.5784	1.5784
358.0000	1.5642	1.5642	1.5642
358.5000	1.5323	1.5323	1.5323
359.0000	1.5268	1.5268	1.5268
359.5000	1.5140	1.5140	1.5140
