CA	pMess	dummy	dummy	
[KWnZOT]	[bar]	[bar]	[bar]	
-359.650000000000	1.608012217621	5.000000000000	5.000000000000	1.000000000000
-359.4	1.603406623	5	5	2
-359.15	1.59757772	5	5	3
-358.9	1.590751258	5	5	4
-358.65	1.583240426	5	5	5
-358.4	1.575360962	5	5	6
-358.15	1.56735092	5	5	7
-357.9	1.559322619	5	5	8
-357.65	1.551259111	5	5	9
-357.4	1.54305021	5	5	10
-357.15	1.534552375	5	5	11
-356.9	1.525653634	5	5	12
-356.65	1.51632472	5	5	13
-356.4	1.506638634	5	5	14
-356.15	1.496747034	5	5	15
-355.9	1.486817898	5	5	16
-355.65	1.476961064	5	5	17
-355.4	1.467182175	5	5	18
-355.15	1.457396732	5	5	19
-354.9	1.447503204	5	5	20
-354.65	1.437474718	5	5	21
-354.4	1.427409011	5	5	22
-354.15	1.417493462	5	5	23
-353.9	1.407891048	5	5	24
-353.65	1.398606561	5	5	25
-353.4	1.389415809	5	5	26
-353.15	1.379914515	5	5	27
-352.9	1.369678843	5	5	28
-352.65	1.358463317	5	5	29
-352.4	1.346335076	5	5	30
-352.15	1.333673728	5	5	31
-351.9	1.321035509	5	5	32
-351.65	1.308947745	5	5	33
-351.4	1.297727724	5	5	34
-351.15	1.287398632	5	5	35
-350.9	1.277723147	5	5	36
-350.65	1.268323836	5	5	37
-350.4	1.258831916	5	5	38
-350.15	1.249007194	5	5	39
-349.9	1.238793397	5	5	40
-349.65	1.228302094	5	5	41
-349.4	1.217745207	5	5	42
-349.15	1.207352884	5	5	43
-348.9	1.197313944	5	5	44
-348.65	1.18775797	5	5	45
-348.4	1.178769971	5	5	46
-348.15	1.170407793	5	5	47
-347.9	1.162695427	5	5	48
-347.65	1.155591389	5	5	49
-347.4	1.14896053	5	5	50
-347.15	1.142584215	5	5	51
-346.9	1.136219198	5	5	52
-346.65	1.129677383	5	5	53
-346.4	1.12287865	5	5	54
-346.15	1.11584536	5	5	55
-345.9	1.108648969	5	5	56
-345.65	1.101353675	5	5	57
-345.4	1.094001562	5	5	58
-345.15	1.086648259	5	5	59
-344.9	1.079414849	5	5	60
-344.65	1.072503737	5	5	61
-344.4	1.066147378	5	5	62
-344.15	1.060504921	5	5	63
-343.9	1.055562054	5	5	64
-343.65	1.051097258	5	5	65
-343.4	1.046747736	5	5	66
-343.15	1.042156982	5	5	67
-342.9	1.037141199	5	5	68
-342.65	1.031797514	5	5	69
-342.4	1.026500893	5	5	70
-342.15	1.021787049	5	5	71
-341.9	1.018169768	5	5	72
-341.65	1.015967274	5	5	73
-341.4	1.015201936	5	5	74
-341.15	1.015599929	5	5	75
-340.9	1.016675387	5	5	76
-340.65	1.01785883	5	5	77
-340.4	1.01862882	5	5	78
-340.15	1.018619401	5	5	79
-339.9	1.017688962	5	5	80
-339.65	1.01594136	5	5	81
-339.4	1.013691984	5	5	82
-339.15	1.011379429	5	5	83
-338.9	1.009440829	5	5	84
-338.65	1.008187793	5	5	85
-338.4	1.00772686	5	5	86
-338.15	1.007954718	5	5	87
-337.9	1.008627716	5	5	88
-337.65	1.009471526	5	5	89
-337.4	1.010277757	5	5	90
-337.15	1.010941303	5	5	91
-336.9	1.011424608	5	5	92
-336.65	1.011677803	5	5	93
-336.4	1.011573325	5	5	94
-336.15	1.010909681	5	5	95
-335.9	1.009499115	5	5	96
-335.65	1.007298774	5	5	97
-335.4	1.004508612	5	5	98
-335.15	1.001567285	5	5	99
-334.9	0.999028211	5	5	100
-334.65	0.997363289	5	5	101
-334.4	0.996783272	5	5	102
-334.15	0.997158387	5	5	103
-333.9	0.998074727	5	5	104
-333.65	0.998998708	5	5	105
-333.4	0.999476091	5	5	106
-333.15	0.99928384	5	5	107
-332.9	0.998481241	5	5	108
-332.65	0.99735349	5	5	109
-332.4	0.996283248	5	5	110
-332.15	0.995607441	5	5	111
-331.9	0.995513367	5	5	112
-331.65	0.996005876	5	5	113
-331.4	0.996946901	5	5	114
-331.15	0.998141522	5	5	115
-330.9	0.999430338	5	5	116
-330.65	1.000750838	5	5	117
-330.4	1.002148117	5	5	118
-330.15	1.003738698	5	5	119
-329.9	1.005649089	5	5	120
-329.65	1.007956156	5	5	121
-329.4	1.010649784	5	5	122
-329.15	1.013625949	5	5	123
-328.9	1.016707313	5	5	124
-328.65	1.019682473	5	5	125
-328.4	1.022353659	5	5	126
-328.15	1.024583017	5	5	127
-327.9	1.026326986	5	5	128
-327.65	1.027646942	5	5	129
-327.4	1.028685934	5	5	130
-327.15	1.029610329	5	5	131
-326.9	1.030531734	5	5	132
-326.65	1.03144147	5	5	133
-326.4	1.032194915	5	5	134
-326.15	1.032567735	5	5	135
-325.9	1.032373007	5	5	136
-325.65	1.031593113	5	5	137
-325.4	1.030463116	5	5	138
-325.15	1.029456204	5	5	139
-324.9	1.029163242	5	5	140
-324.65	1.030108031	5	5	141
-324.4	1.032571798	5	5	142
-324.15	1.036497485	5	5	143
-323.9	1.041508345	5	5	144
-323.65	1.047025887	5	5	145
-323.4	1.052434886	5	5	146
-323.15	1.057234203	5	5	147
-322.9	1.06113015	5	5	148
-322.65	1.064059296	5	5	149
-322.4	1.066152727	5	5	150
-322.15	1.067665086	5	5	151
-321.9	1.068890831	5	5	152
-321.65	1.070084922	5	5	153
-321.4	1.071401648	5	5	154
-321.15	1.072864049	5	5	155
-320.9	1.074373405	5	5	156
-320.65	1.07576006	5	5	157
-320.4	1.076864114	5	5	158
-320.15	1.07762221	5	5	159
-319.9	1.078130567	5	5	160
-319.65	1.078657689	5	5	161
-319.4	1.079593066	5	5	162
-319.15	1.081338356	5	5	163
-318.9	1.084170391	5	5	164
-318.65	1.088122852	5	5	165
-318.4	1.092935441	5	5	166
-318.15	1.098099379	5	5	167
-317.9	1.102990301	5	5	168
-317.65	1.107041276	5	5	169
-317.4	1.109890606	5	5	170
-317.15	1.11145268	5	5	171
-316.9	1.111897513	5	5	172
-316.65	1.111563727	5	5	173
-316.4	1.11084925	5	5	174
-316.15	1.110117928	5	5	175
-315.9	1.109639564	5	5	176
-315.65	1.109562785	5	5	177
-315.4	1.109913946	5	5	178
-315.15	1.110617562	5	5	179
-314.9	1.111535127	5	5	180
-314.65	1.112514397	5	5	181
-314.4	1.113434586	5	5	182
-314.15	1.114232452	5	5	183
-313.9	1.114903692	5	5	184
-313.65	1.115487989	5	5	185
-313.4	1.116053713	5	5	186
-313.15	1.116692802	5	5	187
-312.9	1.117521109	5	5	188
-312.65	1.118666703	5	5	189
-312.4	1.12023087	5	5	190
-312.15	1.122225916	5	5	191
-311.9	1.124518586	5	5	192
-311.65	1.126819122	5	5	193
-311.4	1.128741481	5	5	194
-311.15	1.129924566	5	5	195
-310.9	1.13016753	5	5	196
-310.65	1.129517121	5	5	197
-310.4	1.128262428	5	5	198
-310.15	1.126834135	5	5	199
-309.9	1.125649763	5	5	200
-309.65	1.124970834	5	5	201
-309.4	1.124831053	5	5	202
-309.15	1.125061192	5	5	203
-308.9	1.12539308	5	5	204
-308.65	1.125592422	5	5	205
-308.4	1.125561944	5	5	206
-308.15	1.125374703	5	5	207
-307.9	1.125231672	5	5	208
-307.65	1.125370581	5	5	209
-307.4	1.125969247	5	5	210
-307.15	1.127080565	5	5	211
-306.9	1.128614596	5	5	212
-306.65	1.130359538	5	5	213
-306.4	1.132021048	5	5	214
-306.15	1.133263133	5	5	215
-305.9	1.133748041	5	5	216
-305.65	1.133184792	5	5	217
-305.4	1.13139497	5	5	218
-305.15	1.128388095	5	5	219
-304.9	1.124417453	5	5	220
-304.65	1.119977791	5	5	221
-304.4	1.115720833	5	5	222
-304.15	1.112299911	5	5	223
-303.9	1.110192238	5	5	224
-303.65	1.109564171	5	5	225
-303.4	1.110230381	5	5	226
-303.15	1.111720612	5	5	227
-302.9	1.113427633	5	5	228
-302.65	1.114785366	5	5	229
-302.4	1.115423181	5	5	230
-302.15	1.115255853	5	5	231
-301.9	1.114489722	5	5	232
-301.65	1.1135473	5	5	233
-301.4	1.112931729	5	5	234
-301.15	1.113066827	5	5	235
-300.9	1.114155479	5	5	236
-300.65	1.116096732	5	5	237
-300.4	1.118489411	5	5	238
-300.15	1.120728447	5	5	239
-299.9	1.12217275	5	5	240
-299.65	1.122337366	5	5	241
-299.4	1.121047898	5	5	242
-299.15	1.118501592	5	5	243
-298.9	1.115209456	5	5	244
-298.65	1.111837958	5	5	245
-298.4	1.109008446	5	5	246
-298.15	1.107128737	5	5	247
-297.9	1.106315593	5	5	248
-297.65	1.106425945	5	5	249
-297.4	1.107167503	5	5	250
-297.15	1.108228235	5	5	251
-296.9	1.109363917	5	5	252
-296.65	1.110413288	5	5	253
-296.4	1.111254688	5	5	254
-296.15	1.111751492	5	5	255
-295.9	1.11173676	5	5	256
-295.65	1.111058651	5	5	257
-295.4	1.109665247	5	5	258
-295.15	1.107677098	5	5	259
-294.9	1.10539698	5	5	260
-294.65	1.103238413	5	5	261
-294.4	1.101598367	5	5	262
-294.15	1.100729893	5	5	263
-293.9	1.100670753	5	5	264
-293.65	1.101255686	5	5	265
-293.4	1.102199848	5	5	266
-293.15	1.103210597	5	5	267
-292.9	1.104078096	5	5	268
-292.65	1.104711968	5	5	269
-292.4	1.105119964	5	5	270
-292.15	1.105350864	5	5	271
-291.9	1.10543698	5	5	272
-291.65	1.105367802	5	5	273
-291.4	1.105107529	5	5	274
-291.15	1.10464337	5	5	275
-290.9	1.104031543	5	5	276
-290.65	1.10340699	5	5	277
-290.4	1.102944639	5	5	278
-290.15	1.102792235	5	5	279
-289.9	1.103014595	5	5	280
-289.65	1.103580389	5	5	281
-289.4	1.104391068	5	5	282
-289.15	1.105322236	5	5	283
-288.9	1.106244704	5	5	284
-288.65	1.107017835	5	5	285
-288.4	1.107479092	5	5	286
-288.15	1.107463064	5	5	287
-287.9	1.106860678	5	5	288
-287.65	1.105691874	5	5	289
-287.4	1.104142398	5	5	290
-287.15	1.102527229	5	5	291
-286.9	1.101183657	5	5	292
-286.65	1.10034042	5	5	293
-286.4	1.100027717	5	5	294
-286.15	1.100075104	5	5	295
-285.9	1.100200601	5	5	296
-285.65	1.100149269	5	5	297
-285.4	1.099816592	5	5	298
-285.15	1.099301671	5	5	299
-284.9	1.098870528	5	5	300
-284.65	1.098851156	5	5	301
-284.4	1.099508461	5	5	302
-284.15	1.100948215	5	5	303
-283.9	1.103079224	5	5	304
-283.65	1.10563669	5	5	305
-283.4	1.10825091	5	5	306
-283.15	1.110538127	5	5	307
-282.9	1.112190093	5	5	308
-282.65	1.113040763	5	5	309
-282.4	1.11309282	5	5	310
-282.15	1.11249711	5	5	311
-281.9	1.111494472	5	5	312
-281.65	1.110344261	5	5	313
-281.4	1.109266947	5	5	314
-281.15	1.108416387	5	5	315
-280.9	1.107878467	5	5	316
-280.65	1.107680227	5	5	317
-280.4	1.107795301	5	5	318
-280.15	1.108143935	5	5	319
-279.9	1.10859753	5	5	320
-279.65	1.108999076	5	5	321
-279.4	1.109201285	5	5	322
-279.15	1.109111459	5	5	323
-278.9	1.108725125	5	5	324
-278.65	1.108133407	5	5	325
-278.4	1.107499572	5	5	326
-278.15	1.107011995	5	5	327
-277.9	1.106828586	5	5	328
-277.65	1.107029291	5	5	329
-277.4	1.107589987	5	5	330
-277.15	1.108385365	5	5	331
-276.9	1.109221729	5	5	332
-276.65	1.109892968	5	5	333
-276.4	1.110244443	5	5	334
-276.15	1.110223085	5	5	335
-275.9	1.109892716	5	5	336
-275.65	1.109405086	5	5	337
-275.4	1.108936483	5	5	338
-275.15	1.108617461	5	5	339
-274.9	1.108487816	5	5	340
-274.65	1.108496242	5	5	341
-274.4	1.108540264	5	5	342
-274.15	1.108521083	5	5	343
-273.9	1.108382533	5	5	344
-273.65	1.108116411	5	5	345
-273.4	1.107739835	5	5	346
-273.15	1.107268759	5	5	347
-272.9	1.106712805	5	5	348
-272.65	1.106098396	5	5	349
-272.4	1.105501579	5	5	350
-272.15	1.105057962	5	5	351
-271.9	1.104927757	5	5	352
-271.65	1.105225036	5	5	353
-271.4	1.1059507	5	5	354
-271.15	1.106974541	5	5	355
-270.9	1.108085056	5	5	356
-270.65	1.109082316	5	5	357
-270.4	1.109859347	5	5	358
-270.15	1.110423248	5	5	359
-269.9	1.110846398	5	5	360
-269.65	1.111184167	5	5	361
-269.4	1.111416856	5	5	362
-269.15	1.111455439	5	5	363
-268.9	1.11120622	5	5	364
-268.65	1.11064995	5	5	365
-268.4	1.109883371	5	5	366
-268.15	1.109098616	5	5	367
-267.9	1.108516697	5	5	368
-267.65	1.108315915	5	5	369
-267.4	1.108589789	5	5	370
-267.15	1.109341649	5	5	371
-266.9	1.110498955	5	5	372
-266.65	1.111928103	5	5	373
-266.4	1.113447801	5	5	374
-266.15	1.114856275	5	5	375
-265.9	1.115984358	5	5	376
-265.65	1.116761725	5	5	377
-265.4	1.117257394	5	5	378
-265.15	1.117655011	5	5	379
-264.9	1.11815784	5	5	380
-264.65	1.118867999	5	5	381
-264.4	1.119712646	5	5	382
-264.15	1.120470446	5	5	383
-263.9	1.120892233	5	5	384
-263.65	1.120848596	5	5	385
-263.4	1.120416441	5	5	386
-263.15	1.119851849	5	5	387
-262.9	1.119465266	5	5	388
-262.65	1.119472377	5	5	389
-262.4	1.119904424	5	5	390
-262.15	1.120621342	5	5	391
-261.9	1.121408655	5	5	392
-261.65	1.122094118	5	5	393
-261.4	1.122617931	5	5	394
-261.15	1.123026944	5	5	395
-260.9	1.123411758	5	5	396
-260.65	1.123835383	5	5	397
-260.4	1.124298031	5	5	398
-260.15	1.124752331	5	5	399
-259.9	1.125149106	5	5	400
-259.65	1.125477453	5	5	401
-259.4	1.12577211	5	5	402
-259.15	1.126086974	5	5	403
-258.9	1.126457635	5	5	404
-258.65	1.126881781	5	5	405
-258.4	1.12733103	5	5	406
-258.15	1.127782453	5	5	407
-257.9	1.128241667	5	5	408
-257.65	1.128734693	5	5	409
-257.4	1.12927038	5	5	410
-257.15	1.129801268	5	5	411
-256.9	1.130217773	5	5	412
-256.65	1.130390841	5	5	413
-256.4	1.130243832	5	5	414
-256.15	1.129810209	5	5	415
-255.9	1.129238472	5	5	416
-255.65	1.128738262	5	5	417
-255.4	1.12849949	5	5	418
-255.15	1.128632908	5	5	419
-254.9	1.129163809	5	5	420
-254.65	1.130072824	5	5	421
-254.4	1.131346096	5	5	422
-254.15	1.132993459	5	5	423
-253.9	1.135019276	5	5	424
-253.65	1.137366882	5	5	425
-253.4	1.139879028	5	5	426
-253.15	1.142308993	5	5	427
-252.9	1.144386027	5	5	428
-252.65	1.145904764	5	5	429
-252.4	1.14679268	5	5	430
-252.15	1.147121533	5	5	431
-251.9	1.147060229	5	5	432
-251.65	1.146797813	5	5	433
-251.4	1.146477798	5	5	434
-251.15	1.146172593	5	5	435
-250.9	1.145899498	5	5	436
-250.65	1.145656362	5	5	437
-250.4	1.145449924	5	5	438
-250.15	1.145303096	5	5	439
-249.9	1.145246311	5	5	440
-249.65	1.145307396	5	5	441
-249.4	1.145508984	5	5	442
-249.15	1.1458699	5	5	443
-248.9	1.146400485	5	5	444
-248.65	1.147088258	5	5	445
-248.4	1.147883835	5	5	446
-248.15	1.148704059	5	5	447
-247.9	1.149460813	5	5	448
-247.65	1.150104385	5	5	449
-247.4	1.150655013	5	5	450
-247.15	1.151199178	5	5	451
-246.9	1.151848423	5	5	452
-246.65	1.15268332	5	5	453
-246.4	1.153715232	5	5	454
-246.15	1.154886287	5	5	455
-245.9	1.156102508	5	5	456
-245.65	1.157274768	5	5	457
-245.4	1.158341118	5	5	458
-245.15	1.159261433	5	5	459
-244.9	1.159997408	5	5	460
-244.65	1.160501191	5	5	461
-244.4	1.160727561	5	5	462
-244.15	1.160664809	5	5	463
-243.9	1.160363732	5	5	464
-243.65	1.159943669	5	5	465
-243.4	1.159568476	5	5	466
-243.15	1.159402786	5	5	467
-242.9	1.159568228	5	5	468
-242.65	1.160116469	5	5	469
-242.4	1.161025384	5	5	470
-242.15	1.162213952	5	5	471
-241.9	1.163565773	5	5	472
-241.65	1.16495176	5	5	473
-241.4	1.166247688	5	5	474
-241.15	1.167348022	5	5	475
-240.9	1.168179983	5	5	476
-240.65	1.168718924	5	5	477
-240.4	1.169000222	5	5	478
-240.15	1.169119215	5	5	479
-239.9	1.169213293	5	5	480
-239.65	1.169428224	5	5	481
-239.4	1.169878886	5	5	482
-239.15	1.170617801	5	5	483
-238.9	1.17162204	5	5	484
-238.65	1.172802561	5	5	485
-238.4	1.174032608	5	5	486
-238.15	1.175185129	5	5	487
-237.9	1.176165151	5	5	488
-237.65	1.176924593	5	5	489
-237.4	1.177456118	5	5	490
-237.15	1.177775651	5	5	491
-236.9	1.177910838	5	5	492
-236.65	1.177906961	5	5	493
-236.4	1.17784428	5	5	494
-236.15	1.177844909	5	5	495
-235.9	1.178048436	5	5	496
-235.65	1.178556834	5	5	497
-235.4	1.179376963	5	5	498
-235.15	1.180400936	5	5	499
-234.9	1.181448407	5	5	500
-234.65	1.182358034	5	5	501
-234.4	1.183081616	5	5	502
-234.15	1.183726373	5	5	503
-233.9	1.184514822	5	5	504
-233.65	1.185674391	5	5	505
-233.4	1.187306446	5	5	506
-233.15	1.189297498	5	5	507
-232.9	1.191318227	5	5	508
-232.65	1.192917912	5	5	509
-232.4	1.193680445	5	5	510
-232.15	1.193381317	5	5	511
-231.9	1.192083574	5	5	512
-231.65	1.190134523	5	5	513
-231.4	1.188063624	5	5	514
-231.15	1.186419603	5	5	515
-230.9	1.185606756	5	5	516
-230.65	1.185778564	5	5	517
-230.4	1.186822449	5	5	518
-230.15	1.188432699	5	5	519
-229.9	1.190234838	5	5	520
-229.65	1.191908781	5	5	521
-229.4	1.193266359	5	5	522
-229.15	1.194265614	5	5	523
-228.9	1.194974024	5	5	524
-228.65	1.195510185	5	5	525
-228.4	1.195992128	5	5	526
-228.15	1.19650639	5	5	527
-227.9	1.197097265	5	5	528
-227.65	1.197769094	5	5	529
-227.4	1.198496167	5	5	530
-227.15	1.199238229	5	5	531
-226.9	1.199959092	5	5	532
-226.65	1.200641635	5	5	533
-226.4	1.201290462	5	5	534
-226.15	1.201918386	5	5	535
-225.9	1.202523188	5	5	536
-225.65	1.203069359	5	5	537
-225.4	1.203488721	5	5	538
-225.15	1.203703618	5	5	539
-224.9	1.203663652	5	5	540
-224.65	1.203379732	5	5	541
-224.4	1.202940689	5	5	542
-224.15	1.20250492	5	5	543
-223.9	1.202267315	5	5	544
-223.65	1.202407774	5	5	545
-223.4	1.203032764	5	5	546
-223.15	1.204126666	5	5	547
-222.9	1.205532894	5	5	548
-222.65	1.206981139	5	5	549
-222.4	1.20816346	5	5	550
-222.15	1.208840834	5	5	551
-221.9	1.208942566	5	5	552
-221.65	1.20861502	5	5	553
-221.4	1.208190784	5	5	554
-221.15	1.208081202	5	5	555
-220.9	1.20863046	5	5	556
-220.65	1.209989587	5	5	557
-220.4	1.212061805	5	5	558
-220.15	1.214539073	5	5	559
-219.9	1.217009885	5	5	560
-219.65	1.219091352	5	5	561
-219.4	1.22053616	5	5	562
-219.15	1.221283924	5	5	563
-218.9	1.221452363	5	5	564
-218.65	1.221282544	5	5	565
-218.4	1.221059526	5	5	566
-218.15	1.221029282	5	5	567
-217.9	1.221331179	5	5	568
-217.65	1.221963811	5	5	569
-217.4	1.222796959	5	5	570
-217.15	1.223630171	5	5	571
-216.9	1.22428093	5	5	572
-216.65	1.22467007	5	5	573
-216.4	1.224867931	5	5	574
-216.15	1.225076513	5	5	575
-215.9	1.225548085	5	5	576
-215.65	1.226469927	5	5	577
-215.4	1.227864459	5	5	578
-215.15	1.22955245	5	5	579
-214.9	1.231201634	5	5	580
-214.65	1.232444077	5	5	581
-214.4	1.233012639	5	5	582
-214.15	1.2328381	5	5	583
-213.9	1.232069166	5	5	584
-213.65	1.231015877	5	5	585
-213.4	1.230050861	5	5	586
-213.15	1.229514041	5	5	587
-212.9	1.229651429	5	5	588
-212.65	1.230590701	5	5	589
-212.4	1.232335736	5	5	590
-212.15	1.234762705	5	5	591
-211.9	1.237618587	5	5	592
-211.65	1.240541901	5	5	593
-211.4	1.243126291	5	5	594
-211.15	1.245025222	5	5	595
-210.9	1.246063913	5	5	596
-210.65	1.246306546	5	5	597
-210.4	1.246038875	5	5	598
-210.15	1.245665016	5	5	599
-209.9	1.245559959	5	5	600
-209.65	1.245940714	5	5	601
-209.4	1.246807065	5	5	602
-209.15	1.24796704	5	5	603
-208.9	1.249124869	5	5	604
-208.65	1.249989944	5	5	605
-208.4	1.25036913	5	5	606
-208.15	1.250221412	5	5	607
-207.9	1.24966912	5	5	608
-207.65	1.248967168	5	5	609
-207.4	1.248434988	5	5	610
-207.15	1.248363263	5	5	611
-206.9	1.248920519	5	5	612
-206.65	1.250094091	5	5	613
-206.4	1.25169385	5	5	614
-206.15	1.253422247	5	5	615
-205.9	1.254982415	5	5	616
-205.65	1.25617702	5	5	617
-205.4	1.256957044	5	5	618
-205.15	1.257407507	5	5	619
-204.9	1.257688145	5	5	620
-204.65	1.25796295	5	5	621
-204.4	1.258347639	5	5	622
-204.15	1.258887074	5	5	623
-203.9	1.259558757	5	5	624
-203.65	1.260291799	5	5	625
-203.4	1.260991911	5	5	626
-203.15	1.261566854	5	5	627
-202.9	1.261949511	5	5	628
-202.65	1.262116812	5	5	629
-202.4	1.262102359	5	5	630
-202.15	1.261998886	5	5	631
-201.9	1.261944974	5	5	632
-201.65	1.262092349	5	5	633
-201.4	1.262558726	5	5	634
-201.15	1.263383583	5	5	635
-200.9	1.264510955	5	5	636
-200.65	1.265815071	5	5	637
-200.4	1.267161878	5	5	638
-200.15	1.268475473	5	5	639
-199.9	1.269770612	5	5	640
-199.65	1.271129104	5	5	641
-199.4	1.272630306	5	5	642
-199.15	1.274273908	5	5	643
-198.9	1.275938752	5	5	644
-198.65	1.277401438	5	5	645
-198.4	1.278405846	5	5	646
-198.15	1.278749706	5	5	647
-197.9	1.278350255	5	5	648
-197.65	1.277267121	5	5	649
-197.4	1.275683516	5	5	650
-197.15	1.273862058	5	5	651
-196.9	1.272092783	5	5	652
-196.65	1.270643509	5	5	653
-196.4	1.269716504	5	5	654
-196.15	1.269415727	5	5	655
-195.9	1.26973248	5	5	656
-195.65	1.270556891	5	5	657
-195.4	1.27171493	5	5	658
-195.15	1.273019448	5	5	659
-194.9	1.274316786	5	5	660
-194.65	1.275512403	5	5	661
-194.4	1.276568682	5	5	662
-194.15	1.277480635	5	5	663
-193.9	1.278245199	5	5	664
-193.65	1.278843396	5	5	665
-193.4	1.279249108	5	5	666
-193.15	1.279463775	5	5	667
-192.9	1.279558159	5	5	668
-192.65	1.279690941	5	5	669
-192.4	1.28007958	5	5	670
-192.15	1.28092294	5	5	671
-191.9	1.282305862	5	5	672
-191.65	1.284133629	5	5	673
-191.4	1.286135667	5	5	674
-191.15	1.287945279	5	5	675
-190.9	1.289224232	5	5	676
-190.65	1.289779194	5	5	677
-190.4	1.28962253	5	5	678
-190.15	1.288957235	5	5	679
-189.9	1.288098514	5	5	680
-189.65	1.287366877	5	5	681
-189.4	1.286992741	5	5	682
-189.15	1.287062676	5	5	683
-188.9	1.287519498	5	5	684
-188.65	1.288208729	5	5	685
-188.4	1.288948186	5	5	686
-188.15	1.289590802	5	5	687
-187.9	1.290057315	5	5	688
-187.65	1.290333457	5	5	689
-187.4	1.290446025	5	5	690
-187.15	1.290440412	5	5	691
-186.9	1.290372694	5	5	692
-186.65	1.290310331	5	5	693
-186.4	1.2903245	5	5	694
-186.15	1.290465458	5	5	695
-185.9	1.290733586	5	5	696
-185.65	1.291072397	5	5	697
-185.4	1.291399941	5	5	698
-185.15	1.29166637	5	5	699
-184.9	1.291900868	5	5	700
-184.65	1.292212228	5	5	701
-184.4	1.292735198	5	5	702
-184.15	1.293549352	5	5	703
-183.9	1.294614691	5	5	704
-183.65	1.295758911	5	5	705
-183.4	1.296724906	5	5	706
-183.15	1.297260704	5	5	707
-182.9	1.297219035	5	5	708
-182.65	1.296631119	5	5	709
-182.4	1.295725904	5	5	710
-182.15	1.294880332	5	5	711
-181.9	1.294508303	5	5	712
-181.65	1.294921621	5	5	713
-181.4	1.296213956	5	5	714
-181.15	1.298216344	5	5	715
-180.9	1.300546234	5	5	716
-180.65	1.302732504	5	5	717
-180.4	1.304366649	5	5	718
-180.15	1.305222295	5	5	719
-179.9	1.30530343	5	5	720
-179.65	1.304813889	5	5	721
-179.4	1.30406929	5	5	722
-179.15	1.303387329	5	5	723
-178.9	1.302992447	5	5	724
-178.65	1.302961608	5	5	725
-178.4	1.303223447	5	5	726
-178.15	1.303605856	5	5	727
-177.9	1.303910811	5	5	728
-177.65	1.303986555	5	5	729
-177.4	1.303771572	5	5	730
-177.15	1.303300845	5	5	731
-176.9	1.302683016	5	5	732
-176.65	1.302066341	5	5	733
-176.4	1.301607465	5	5	734
-176.15	1.30144615	5	5	735
-175.9	1.30168181	5	5	736
-175.65	1.302349857	5	5	737
-175.4	1.303404248	5	5	738
-175.15	1.304717808	5	5	739
-174.9	1.306107426	5	5	740
-174.65	1.307379001	5	5	741
-174.4	1.308376151	5	5	742
-174.15	1.309015458	5	5	743
-173.9	1.309299689	5	5	744
-173.65	1.309310862	5	5	745
-173.4	1.309189089	5	5	746
-173.15	1.309100373	5	5	747
-172.9	1.309194881	5	5	748
-172.65	1.309563103	5	5	749
-172.4	1.310206631	5	5	750
-172.15	1.311040646	5	5	751
-171.9	1.311929535	5	5	752
-171.65	1.31273449	5	5	753
-171.4	1.313342678	5	5	754
-171.15	1.31366354	5	5	755
-170.9	1.313608432	5	5	756
-170.65	1.313088552	5	5	757
-170.4	1.312053452	5	5	758
-170.15	1.310555777	5	5	759
-169.9	1.3087966	5	5	760
-169.65	1.307107298	5	5	761
-169.4	1.305859935	5	5	762
-169.15	1.305343081	5	5	763
-168.9	1.305661933	5	5	764
-168.65	1.306707337	5	5	765
-168.4	1.308200876	5	5	766
-168.15	1.309788929	5	5	767
-167.9	1.311145586	5	5	768
-167.65	1.312052372	5	5	769
-167.4	1.312439015	5	5	770
-167.15	1.312382432	5	5	771
-166.9	1.312068256	5	5	772
-166.65	1.311724829	5	5	773
-166.4	1.311546687	5	5	774
-166.15	1.311630658	5	5	775
-165.9	1.311947189	5	5	776
-165.65	1.312358968	5	5	777
-165.4	1.312681196	5	5	778
-165.15	1.312760609	5	5	779
-164.9	1.312542393	5	5	780
-164.65	1.312099684	5	5	781
-164.4	1.311616685	5	5	782
-164.15	1.311334783	5	5	783
-163.9	1.311482274	5	5	784
-163.65	1.312208831	5	5	785
-163.4	1.313539592	5	5	786
-163.15	1.31535724	5	5	787
-162.9	1.317416693	5	5	788
-162.65	1.319393169	5	5	789
-162.4	1.320956195	5	5	790
-162.15	1.321850718	5	5	791
-161.9	1.321959133	5	5	792
-161.65	1.321322264	5	5	793
-161.4	1.320113394	5	5	794
-161.15	1.318578949	5	5	795
-160.9	1.316971301	5	5	796
-160.65	1.315497878	5	5	797
-160.4	1.314299173	5	5	798
-160.15	1.31345387	5	5	799
-159.9	1.312998948	5	5	800
-159.65	1.312949052	5	5	801
-159.4	1.313302671	5	5	802
-159.15	1.314031515	5	5	803
-158.9	1.315060797	5	5	804
-158.65	1.316256984	5	5	805
-158.4	1.317439695	5	5	806
-158.15	1.318423578	5	5	807
-157.9	1.319078724	5	5	808
-157.65	1.319384607	5	5	809
-157.4	1.319451915	5	5	810
-157.15	1.319500043	5	5	811
-156.9	1.319797712	5	5	812
-156.65	1.320588784	5	5	813
-156.4	1.322028007	5	5	814
-156.15	1.324143645	5	5	815
-155.9	1.32683237	5	5	816
-155.65	1.329882587	5	5	817
-155.4	1.333017275	5	5	818
-155.15	1.335945729	5	5	819
-154.9	1.338413991	5	5	820
-154.65	1.34024628	5	5	821
-154.4	1.341373208	5	5	822
-154.15	1.341844602	5	5	823
-153.9	1.341823866	5	5	824
-153.65	1.34155937	5	5	825
-153.4	1.341331442	5	5	826
-153.15	1.341383693	5	5	827
-152.9	1.34185984	5	5	828
-152.65	1.342771913	5	5	829
-152.4	1.344015569	5	5	830
-152.15	1.34542621	5	5	831
-151.9	1.346848552	5	5	832
-151.65	1.348185778	5	5	833
-151.4	1.349407401	5	5	834
-151.15	1.350519835	5	5	835
-150.9	1.351525441	5	5	836
-150.65	1.352401365	5	5	837
-150.4	1.353115381	5	5	838
-150.15	1.353670014	5	5	839
-149.9	1.35414396	5	5	840
-149.65	1.354695243	5	5	841
-149.4	1.355509081	5	5	842
-149.15	1.356706739	5	5	843
-148.9	1.358261903	5	5	844
-148.65	1.359978964	5	5	845
-148.4	1.361563998	5	5	846
-148.15	1.362771894	5	5	847
-147.9	1.363565485	5	5	848
-147.65	1.364202329	5	5	849
-147.4	1.365188013	5	5	850
-147.15	1.367094584	5	5	851
-146.9	1.370310266	5	5	852
-146.65	1.37482754	5	5	853
-146.4	1.380168883	5	5	854
-146.15	1.38549576	5	5	855
-145.9	1.38987068	5	5	856
-145.65	1.392577206	5	5	857
-145.4	1.393376009	5	5	858
-145.15	1.392597422	5	5	859
-144.9	1.391034099	5	5	860
-144.65	1.389675484	5	5	861
-144.4	1.389386153	5	5	862
-144.15	1.390647152	5	5	863
-143.9	1.393447223	5	5	864
-143.65	1.397346176	5	5	865
-143.4	1.40166596	5	5	866
-143.15	1.405724764	5	5	867
-142.9	1.409028811	5	5	868
-142.65	1.411369013	5	5	869
-142.4	1.412815423	5	5	870
-142.15	1.413639308	5	5	871
-141.9	1.414207272	5	5	872
-141.65	1.414884265	5	5	873
-141.4	1.415963468	5	5	874
-141.15	1.417624436	5	5	875
-140.9	1.419914169	5	5	876
-140.65	1.422747587	5	5	877
-140.4	1.425927767	5	5	878
-140.15	1.429186858	5	5	879
-139.9	1.432244782	5	5	880
-139.65	1.434876731	5	5	881
-139.4	1.436974295	5	5	882
-139.15	1.438580679	5	5	883
-138.9	1.439881436	5	5	884
-138.65	1.441142893	5	5	885
-138.4	1.442611673	5	5	886
-138.15	1.444412643	5	5	887
-137.9	1.446493954	5	5	888
-137.65	1.448653835	5	5	889
-137.4	1.450645702	5	5	890
-137.15	1.452314502	5	5	891
-136.9	1.453694219	5	5	892
-136.65	1.45501111	5	5	893
-136.4	1.456584637	5	5	894
-136.15	1.458673132	5	5	895
-135.9	1.461343294	5	5	896
-135.65	1.464432935	5	5	897
-135.4	1.467629563	5	5	898
-135.15	1.470627712	5	5	899
-134.9	1.473286755	5	5	900
-134.65	1.475710033	5	5	901
-134.4	1.478205801	5	5	902
-134.15	1.481149618	5	5	903
-133.9	1.484814659	5	5	904
-133.65	1.489247206	5	5	905
-133.4	1.494236987	5	5	906
-133.15	1.499385459	5	5	907
-132.9	1.504236442	5	5	908
-132.65	1.50841912	5	5	909
-132.4	1.511760952	5	5	910
-132.15	1.514344297	5	5	911
-131.9	1.516494631	5	5	912
-131.65	1.51870034	5	5	913
-131.4	1.521479505	5	5	914
-131.15	1.5252283	5	5	915
-130.9	1.530098956	5	5	916
-130.65	1.535950441	5	5	917
-130.4	1.54238921	5	5	918
-130.15	1.54888248	5	5	919
-129.9	1.554901362	5	5	920
-129.65	1.560048027	5	5	921
-129.4	1.564136891	5	5	922
-129.15	1.567220234	5	5	923
-128.9	1.569561289	5	5	924
-128.65	1.571561451	5	5	925
-128.4	1.573651821	5	5	926
-128.15	1.576170371	5	5	927
-127.9	1.579261089	5	5	928
-127.65	1.582836561	5	5	929
-127.4	1.586628273	5	5	930
-127.15	1.590311667	5	5	931
-126.9	1.593654485	5	5	932
-126.65	1.596620921	5	5	933
-126.4	1.599382988	5	5	934
-126.15	1.602235694	5	5	935
-125.9	1.605459728	5	5	936
-125.65	1.609198753	5	5	937
-125.4	1.613406882	5	5	938
-125.15	1.61788377	5	5	939
-124.9	1.622371904	5	5	940
-124.65	1.626665276	5	5	941
-124.4	1.630680895	5	5	942
-124.15	1.634469095	5	5	943
-123.9	1.638169409	5	5	944
-123.65	1.64194007	5	5	945
-123.4	1.645893556	5	5	946
-123.15	1.65006108	5	5	947
-122.9	1.654393704	5	5	948
-122.65	1.65879431	5	5	949
-122.4	1.663165734	5	5	950
-122.15	1.667456025	5	5	951
-121.9	1.67168241	5	5	952
-121.65	1.675922726	5	5	953
-121.4	1.680276675	5	5	954
-121.15	1.684814452	5	5	955
-120.9	1.689538188	5	5	956
-120.65	1.694375746	5	5	957
-120.4	1.699208728	5	5	958
-120.15	1.703918116	5	5	959
-119.9	1.708424168	5	5	960
-119.65	1.71270571	5	5	961
-119.4	1.716799492	5	5	962
-119.15	1.720789684	5	5	963
-118.9	1.724794746	5	5	964
-118.65	1.728949683	5	5	965
-118.4	1.733378215	5	5	966
-118.15	1.738157197	5	5	967
-117.9	1.743287902	5	5	968
-117.65	1.748692456	5	5	969
-117.4	1.754242456	5	5	970
-117.15	1.759807617	5	5	971
-116.9	1.765300221	5	5	972
-116.65	1.770695171	5	5	973
-116.4	1.776021577	5	5	974
-116.15	1.781336941	5	5	975
-115.9	1.786699583	5	5	976
-115.65	1.79214963	5	5	977
-115.4	1.797701606	5	5	978
-115.15	1.80334801	5	5	979
-114.9	1.809071864	5	5	980
-114.65	1.814862986	5	5	981
-114.4	1.820727869	5	5	982
-114.15	1.826682838	5	5	983
-113.9	1.832729609	5	5	984
-113.65	1.838827691	5	5	985
-113.4	1.844886977	5	5	986
-113.15	1.850795735	5	5	987
-112.9	1.856476041	5	5	988
-112.65	1.86193601	5	5	989
-112.4	1.867283974	5	5	990
-112.15	1.872689645	5	5	991
-111.9	1.878309345	5	5	992
-111.65	1.884215162	5	5	993
-111.4	1.890366172	5	5	994
-111.15	1.896635357	5	5	995
-110.9	1.902874847	5	5	996
-110.65	1.908983629	5	5	997
-110.4	1.914945128	5	5	998
-110.15	1.920821951	5	5	999
-109.9	1.926718176	5	5	1000
-109.65	1.932732937	5	5	1001
-109.4	1.938927827	5	5	1002
-109.15	1.945318303	5	5	1003
-108.9	1.951884139	5	5	1004
-108.65	1.958584418	5	5	1005
-108.4	1.965363367	5	5	1006
-108.15	1.972143766	5	5	1007
-107.9	1.97881832	5	5	1008
-107.65	1.98525689	5	5	1009
-107.4	1.991341538	5	5	1010
-107.15	1.997023076	5	5	1011
-106.9	2.002372633	5	5	1012
-106.65	2.007594493	5	5	1013
-106.4	2.012980459	5	5	1014
-106.15	2.018816076	5	5	1015
-105.9	2.025278185	5	5	1016
-105.65	2.032372642	5	5	1017
-105.4	2.039943331	5	5	1018
-105.15	2.047747575	5	5	1019
-104.9	2.055559357	5	5	1020
-104.65	2.063249723	5	5	1021
-104.4	2.070809851	5	5	1022
-104.15	2.078315844	5	5	1023
-103.9	2.085864514	5	5	1024
-103.65	2.093518945	5	5	1025
-103.4	2.101288761	5	5	1026
-103.15	2.109145321	5	5	1027
-102.9	2.117053452	5	5	1028
-102.65	2.124998151	5	5	1029
-102.4	2.13299395	5	5	1030
-102.15	2.141077151	5	5	1031
-101.9	2.149289306	5	5	1032
-101.65	2.157662116	5	5	1033
-101.4	2.166210269	5	5	1034
-101.15	2.174932162	5	5	1035
-100.9	2.183812601	5	5	1036
-100.65	2.192821013	5	5	1037
-100.4	2.201905279	5	5	1038
-100.15	2.210989937	5	5	1039
-99.9	2.219989356	5	5	1040
-99.65	2.228836827	5	5	1041
-99.4	2.237515638	5	5	1042
-99.15	2.246071165	5	5	1043
-98.9	2.254592158	5	5	1044
-98.65	2.263169645	5	5	1045
-98.4	2.271857853	5	5	1046
-98.15	2.280660537	5	5	1047
-97.9	2.289548326	5	5	1048
-97.65	2.29849151	5	5	1049
-97.4	2.307483294	5	5	1050
-97.15	2.316537165	5	5	1051
-96.9	2.325661796	5	5	1052
-96.65	2.334833924	5	5	1053
-96.4	2.343992662	5	5	1054
-96.15	2.35306594	5	5	1055
-95.9	2.362019085	5	5	1056
-95.65	2.370899584	5	5	1057
-95.4	2.379850834	5	5	1058
-95.15	2.389082792	5	5	1059
-94.9	2.398810393	5	5	1060
-94.65	2.409187322	5	5	1061
-94.4	2.420262694	5	5	1062
-94.15	2.43197262	5	5	1063
-93.9	2.444159443	5	5	1064
-93.65	2.456602439	5	5	1065
-93.4	2.469048922	5	5	1066
-93.15	2.481245696	5	5	1067
-92.9	2.492975474	5	5	1068
-92.65	2.504096958	5	5	1069
-92.4	2.514577754	5	5	1070
-92.15	2.524506837	5	5	1071
-91.9	2.534081216	5	5	1072
-91.65	2.543572765	5	5	1073
-91.4	2.553286128	5	5	1074
-91.15	2.563514579	5	5	1075
-90.9	2.574494493	5	5	1076
-90.65	2.586359331	5	5	1077
-90.4	2.599102088	5	5	1078
-90.15	2.612563039	5	5	1079
-89.9	2.62645726	5	5	1080
-89.65	2.640441293	5	5	1081
-89.4	2.654198457	5	5	1082
-89.15	2.667511163	5	5	1083
-88.9	2.680294413	5	5	1084
-88.65	2.692584611	5	5	1085
-88.4	2.704499476	5	5	1086
-88.15	2.716194919	5	5	1087
-87.9	2.727838266	5	5	1088
-87.65	2.739600422	5	5	1089
-87.4	2.751654681	5	5	1090
-87.15	2.764166413	5	5	1091
-86.9	2.77726665	5	5	1092
-86.65	2.791016745	5	5	1093
-86.4	2.805381487	5	5	1094
-86.15	2.82022832	5	5	1095
-85.9	2.8353598	5	5	1096
-85.65	2.850570082	5	5	1097
-85.4	2.865702458	5	5	1098
-85.15	2.880682701	5	5	1099
-84.9	2.89551558	5	5	1100
-84.65	2.910253092	5	5	1101
-84.4	2.924959007	5	5	1102
-84.15	2.939692953	5	5	1103
-83.9	2.954518913	5	5	1104
-83.65	2.969521178	5	5	1105
-83.4	2.98480302	5	5	1106
-83.15	3.00045641	5	5	1107
-82.9	3.01651566	5	5	1108
-82.65	3.032925252	5	5	1109
-82.4	3.049548684	5	5	1110
-82.15	3.066221894	5	5	1111
-81.9	3.082827087	5	5	1112
-81.65	3.099348839	5	5	1113
-81.4	3.115883717	5	5	1114
-81.15	3.132600914	5	5	1115
-80.9	3.14967721	5	5	1116
-80.65	3.167238778	5	5	1117
-80.4	3.185331714	5	5	1118
-80.15	3.203923383	5	5	1119
-79.9	3.22292286	5	5	1120
-79.65	3.242207455	5	5	1121
-79.4	3.261648575	5	5	1122
-79.15	3.281134602	5	5	1123
-78.9	3.300587625	5	5	1124
-78.65	3.319969378	5	5	1125
-78.4	3.339275312	5	5	1126
-78.15	3.358522963	5	5	1127
-77.9	3.377744429	5	5	1128
-77.65	3.396987379	5	5	1129
-77.4	3.416318483	5	5	1130
-77.15	3.435817746	5	5	1131
-76.9	3.455558695	5	5	1132
-76.65	3.475583436	5	5	1133
-76.4	3.49589067	5	5	1134
-76.15	3.516449574	5	5	1135
-75.9	3.537235428	5	5	1136
-75.65	3.558266518	5	5	1137
-75.4	3.579618246	5	5	1138
-75.15	3.601401986	5	5	1139
-74.9	3.623715655	5	5	1140
-74.65	3.646589209	5	5	1141
-74.4	3.669953628	5	5	1142
-74.15	3.693653839	5	5	1143
-73.9	3.717506838	5	5	1144
-73.65	3.741383077	5	5	1145
-73.4	3.765272828	5	5	1146
-73.15	3.789300528	5	5	1147
-72.9	3.813672168	5	5	1148
-72.65	3.838574711	5	5	1149
-72.4	3.86407412	5	5	1150
-72.15	3.890063473	5	5	1151
-71.9	3.916290465	5	5	1152
-71.65	3.942455472	5	5	1153
-71.4	3.968337167	5	5	1154
-71.15	3.993889577	5	5	1155
-70.9	4.019268473	5	5	1156
-70.65	4.044777786	5	5	1157
-70.4	4.070761931	5	5	1158
-70.15	4.097490689	5	5	1159
-69.9	4.125081527	5	5	1160
-69.65	4.153483375	5	5	1161
-69.4	4.182518066	5	5	1162
-69.15	4.211954506	5	5	1163
-68.9	4.241584034	5	5	1164
-68.65	4.271273133	5	5	1165
-68.4	4.300984884	5	5	1166
-68.15	4.330774532	5	5	1167
-67.9	4.360770425	5	5	1168
-67.65	4.391148117	5	5	1169
-67.4	4.422097318	5	5	1170
-67.15	4.453777059	5	5	1171
-66.9	4.486260161	5	5	1172
-66.65	4.519482045	5	5	1173
-66.4	4.553221006	5	5	1174
-66.15	4.587134933	5	5	1175
-65.9	4.620858402	5	5	1176
-65.65	4.654132298	5	5	1177
-65.4	4.686913743	5	5	1178
-65.15	4.719413971	5	5	1179
-64.9	4.752040239	5	5	1180
-64.65	4.785262026	5	5	1181
-64.4	4.819458643	5	5	1182
-64.15	4.85481452	5	5	1183
-63.9	4.89130453	5	5	1184
-63.65	4.928767215	5	5	1185
-63.4	4.967021556	5	5	1186
-63.15	5.005964159	5	5	1187
-62.9	5.045597559	5	5	1188
-62.65	5.085979787	5	5	1189
-62.4	5.127130252	5	5	1190
-62.15	5.168953086	5	5	1191
-61.9	5.211230316	5	5	1192
-61.65	5.253696785	5	5	1193
-61.4	5.29615908	5	5	1194
-61.15	5.338592171	5	5	1195
-60.9	5.381158044	5	5	1196
-60.65	5.42413424	5	5	1197
-60.4	5.467789868	5	5	1198
-60.15	5.512272839	5	5	1199
-59.9	5.557561262	5	5	1200
-59.65	5.603493963	5	5	1201
-59.4	5.649854394	5	5	1202
-59.15	5.696461783	5	5	1203
-58.9	5.74323123	5	5	1204
-58.65	5.790190372	5	5	1205
-58.4	5.837464442	5	5	1206
-58.15	5.88524854	5	5	1207
-57.9	5.933775507	5	5	1208
-57.65	5.983273845	5	5	1209
-57.4	6.033908913	5	5	1210
-57.15	6.085715947	5	5	1211
-56.9	6.138553251	5	5	1212
-56.65	6.192109379	5	5	1213
-56.4	6.245980171	5	5	1214
-56.15	6.299798026	5	5	1215
-55.9	6.353366869	5	5	1216
-55.65	6.406749027	5	5	1217
-55.4	6.460268328	5	5	1218
-55.15	6.514426211	5	5	1219
-54.9	6.569757764	5	5	1220
-54.65	6.626671051	5	5	1221
-54.4	6.68531429	5	5	1222
-54.15	6.745506982	5	5	1223
-53.9	6.806758483	5	5	1224
-53.65	6.868381358	5	5	1225
-53.4	6.929684713	5	5	1226
-53.15	6.990204934	5	5	1227
-52.9	7.049906004	5	5	1228
-52.65	7.109273394	5	5	1229
-52.4	7.169246751	5	5	1230
-52.15	7.230987446	5	5	1231
-51.9	7.295540595	5	5	1232
-51.65	7.363499337	5	5	1233
-51.4	7.43478756	5	5	1234
-51.15	7.508639649	5	5	1235
-50.9	7.583788451	5	5	1236
-50.65	7.658804772	5	5	1237
-50.4	7.732488543	5	5	1238
-50.15	7.804202878	5	5	1239
-49.9	7.874061831	5	5	1240
-49.65	7.942919816	5	5	1241
-49.4	8.012157722	5	5	1242
-49.15	8.083313528	5	5	1243
-48.9	8.157654669	5	5	1244
-48.65	8.23581867	5	5	1245
-48.4	8.317638465	5	5	1246
-48.15	8.402213606	5	5	1247
-47.9	8.488204851	5	5	1248
-47.65	8.574251822	5	5	1249
-47.4	8.659374798	5	5	1250
-47.15	8.743236259	5	5	1251
-46.9	8.826194377	5	5	1252
-46.65	8.909152699	5	5	1253
-46.4	8.993270908	5	5	1254
-46.15	9.079634135	5	5	1255
-45.9	9.168978364	5	5	1256
-45.65	9.261541726	5	5	1257
-45.4	9.357066925	5	5	1258
-45.15	9.454933256	5	5	1259
-44.9	9.554362368	5	5	1260
-44.65	9.654629464	5	5	1261
-44.4	9.755222224	5	5	1262
-44.15	9.855916286	5	5	1263
-43.9	9.956767756	5	5	1264
-43.65	10.05804833	5	5	1265
-43.4	10.16015918	5	5	1266
-43.15	10.26355356	5	5	1267
-42.9	10.36867957	5	5	1268
-42.65	10.47593622	5	5	1269
-42.4	10.5856268	5	5	1270
-42.15	10.69790205	5	5	1271
-41.9	10.81270425	5	5	1272
-41.65	10.92974279	5	5	1273
-41.4	11.04853561	5	5	1274
-41.15	11.16853256	5	5	1275
-40.9	11.28929835	5	5	1276
-40.65	11.41069225	5	5	1277
-40.4	11.53296354	5	5	1278
-40.15	11.65670384	5	5	1279
-39.9	11.78265682	5	5	1280
-39.65	11.91145556	5	5	1281
-39.4	12.04339906	5	5	1282
-39.15	12.1783654	5	5	1283
-38.9	12.31589484	5	5	1284
-38.65	12.45539513	5	5	1285
-38.4	12.59637022	5	5	1286
-38.15	12.73857632	5	5	1287
-37.9	12.88206086	5	5	1288
-37.65	13.02710304	5	5	1289
-37.4	13.17411247	5	5	1290
-37.15	13.32353792	5	5	1291
-36.9	13.47580416	5	5	1292
-36.65	13.63126265	5	5	1293
-36.4	13.79013338	5	5	1294
-36.15	13.95243393	5	5	1295
-35.9	14.11791914	5	5	1296
-35.65	14.2860695	5	5	1297
-35.4	14.45615892	5	5	1298
-35.15	14.62740728	5	5	1299
-34.9	14.79919119	5	5	1300
-34.65	14.971257	5	5	1301
-34.4	15.14386099	5	5	1302
-34.15	15.31776575	5	5	1303
-33.9	15.49406221	5	5	1304
-33.65	15.6738609	5	5	1305
-33.4	15.85797096	5	5	1306
-33.15	16.04671003	5	5	1307
-32.9	16.23993131	5	5	1308
-32.65	16.43723749	5	5	1309
-32.4	16.63824682	5	5	1310
-32.15	16.84275398	5	5	1311
-31.9	17.05070314	5	5	1312
-31.65	17.26201345	5	5	1313
-31.4	17.47638813	5	5	1314
-31.15	17.69324672	5	5	1315
-30.9	17.91184798	5	5	1316
-30.65	18.1315642	5	5	1317
-30.4	18.3521836	5	5	1318
-30.15	18.57409379	5	5	1319
-29.9	18.79824421	5	5	1320
-29.65	19.02587965	5	5	1321
-29.4	19.25813839	5	5	1322
-29.15	19.4956731	5	5	1323
-28.9	19.738449	5	5	1324
-28.65	19.98580098	5	5	1325
-28.4	20.23672317	5	5	1326
-28.15	20.49026993	5	5	1327
-27.9	20.74590781	5	5	1328
-27.65	21.00368809	5	5	1329
-27.4	21.26418951	5	5	1330
-27.15	21.52827293	5	5	1331
-26.9	21.79675678	5	5	1332
-26.65	22.07013958	5	5	1333
-26.4	22.34846347	5	5	1334
-26.15	22.63134822	5	5	1335
-25.9	22.91815836	5	5	1336
-25.65	23.20822534	5	5	1337
-25.4	23.5010445	5	5	1338
-25.15	23.79639572	5	5	1339
-24.9	24.09437455	5	5	1340
-24.65	24.39534583	5	5	1341
-24.4	24.69983845	5	5	1342
-24.15	25.00839798	5	5	1343
-23.9	25.32142002	5	5	1344
-23.65	25.63900642	5	5	1345
-23.4	25.96090233	5	5	1346
-23.15	26.28656196	5	5	1347
-22.9	26.61534377	5	5	1348
-22.65	26.94676904	5	5	1349
-22.4	27.28073302	5	5	1350
-22.15	27.61756855	5	5	1351
-21.9	27.95793037	5	5	1352
-21.65	28.30255636	5	5	1353
-21.4	28.65201832	5	5	1354
-21.15	29.00656847	5	5	1355
-20.9	29.36612912	5	5	1356
-20.65	29.73040194	5	5	1357
-20.4	30.09903076	5	5	1358
-20.15	30.47175097	5	5	1359
-19.9	30.84848544	5	5	1360
-19.65	31.22937569	5	5	1361
-19.4	31.61475354	5	5	1362
-19.15	32.00506526	5	5	1363
-18.9	32.40076674	5	5	1364
-18.65	32.80221771	5	5	1365
-18.4	33.20960712	5	5	1366
-18.15	33.62293222	5	5	1367
-17.9	34.04202944	5	5	1368
-17.65	34.46663056	5	5	1369
-17.4	34.89640866	5	5	1370
-17.15	35.33099097	5	5	1371
-16.9	35.76994116	5	5	1372
-16.65	36.21273441	5	5	1373
-16.4	36.65875215	5	5	1374
-16.15	37.10731086	5	5	1375
-15.9	37.55772018	5	5	1376
-15.65	38.00935244	5	5	1377
-15.4	38.46170242	5	5	1378
-15.15	38.9144214	5	5	1379
-14.9	39.3673186	5	5	1380
-14.65	39.82033108	5	5	1381
-14.4	40.27347012	5	5	1382
-14.15	40.72675764	5	5	1383
-13.9	41.18016922	5	5	1384
-13.65	41.63359966	5	5	1385
-13.4	42.08686015	5	5	1386
-13.15	42.53970403	5	5	1387
-12.9	42.99186644	5	5	1388
-12.65	43.44309759	5	5	1389
-12.4	43.89317558	5	5	1390
-12.15	44.34189826	5	5	1391
-11.9	44.78906797	5	5	1392
-11.65	45.23448717	5	5	1393
-11.4	45.67797378	5	5	1394
-11.15	46.11938846	5	5	1395
-10.9	46.55865306	5	5	1396
-10.65	46.99574038	5	5	1397
-10.4	47.43063085	5	5	1398
-10.15	47.86325324	5	5	1399
-9.9	48.2934399	5	5	1400
-9.65	48.72092541	5	5	1401
-9.4	49.14539964	5	5	1402
-9.15	49.56660232	5	5	1403
-8.9	49.98442637	5	5	1404
-8.65	50.39899124	5	5	1405
-8.4	50.81065672	5	5	1406
-8.15	51.21996992	5	5	1407
-7.9	51.62756408	5	5	1408
-7.65	52.03404691	5	5	1409
-7.4	52.43992054	5	5	1410
-7.15	52.84556248	5	5	1411
-6.9	53.25127332	5	5	1412
-6.65	53.65737237	5	5	1413
-6.4	54.06430711	5	5	1414
-6.15	54.47274039	5	5	1415
-5.9	54.88359197	5	5	1416
-5.65	55.29803149	5	5	1417
-5.4	55.71744101	5	5	1418
-5.15	56.14337653	5	5	1419
-4.9	56.57755295	5	5	1420
-4.65	57.02185767	5	5	1421
-4.4	57.47837449	5	5	1422
-4.15	57.94938762	5	5	1423
-3.9	58.43734391	5	5	1424
-3.65	58.94477704	5	5	1425
-3.4	59.47422425	5	5	1426
-3.15	60.02817789	5	5	1427
-2.9	60.60910428	5	5	1428
-2.65	61.21953736	5	5	1429
-2.4	61.86223027	5	5	1430
-2.15	62.54033326	5	5	1431
-1.9	63.25756382	5	5	1432
-1.65	64.01833896	5	5	1433
-1.4	64.82784726	5	5	1434
-1.15	65.69204978	5	5	1435
-0.9	66.61761322	5	5	1436
-0.65	67.61178863	5	5	1437
-0.4	68.68224369	5	5	1438
-0.15	69.8368306	5	5	1439
0.1	71.08323309	5	5	1440
0.35	72.42840558	5	5	1441
0.6	73.87771894	5	5	1442
0.85	75.43377696	5	5	1443
1.1	77.09496688	5	5	1444
1.35	78.8539369	5	5	1445
1.6	80.69631147	5	5	1446
1.85	82.60000899	5	5	1447
2.1	84.53547302	5	5	1448
2.35	86.46696507	5	5	1449
2.6	88.35483924	5	5	1450
2.85	90.15850438	5	5	1451
3.1	91.83964325	5	5	1452
3.35	93.36522654	5	5	1453
3.6	94.70991385	5	5	1454
3.85	95.85754085	5	5	1455
4.1	96.80152968	5	5	1456
4.35	97.5442242	5	5	1457
4.6	98.09533145	5	5	1458
4.85	98.46980961	5	5	1459
5.1	98.68562506	5	5	1460
5.35	98.76176539	5	5	1461
5.6	98.7167543	5	5	1462
5.85	98.56772971	5	5	1463
6.1	98.33000059	5	5	1464
6.35	98.01693394	5	5	1465
6.6	97.64003326	5	5	1466
6.85	97.20910698	5	5	1467
7.1	96.73245596	5	5	1468
7.35	96.21702886	5	5	1469
7.6	95.66852373	5	5	1470
7.85	95.0914579	5	5	1471
8.1	94.48926739	5	5	1472
8.35	93.86449508	5	5	1473
8.6	93.21907611	5	5	1474
8.85	92.55465793	5	5	1475
9.1	91.87285276	5	5	1476
9.35	91.17534345	5	5	1477
9.6	90.46383471	5	5	1478
9.85	89.73991312	5	5	1479
10.1	89.00490698	5	5	1480
10.35	88.25981314	5	5	1481
10.6	87.50530973	5	5	1482
10.85	86.74183529	5	5	1483
11.1	85.96970003	5	5	1484
11.35	85.18919798	5	5	1485
11.6	84.40069557	5	5	1486
11.85	83.60467892	5	5	1487
12.1	82.80175605	5	5	1488
12.35	81.99262887	5	5	1489
12.6	81.17806364	5	5	1490
12.85	80.35888158	5	5	1491
13.1	79.53596584	5	5	1492
13.35	78.71025554	5	5	1493
13.6	77.88269936	5	5	1494
13.85	77.05417198	5	5	1495
14.1	76.2253962	5	5	1496
14.35	75.39692426	5	5	1497
14.6	74.56919964	5	5	1498
14.85	73.74266448	5	5	1499
15.1	72.91784067	5	5	1500
15.35	72.09532579	5	5	1501
15.6	71.27570278	5	5	1502
15.85	70.45942284	5	5	1503
16.1	69.64673993	5	5	1504
16.35	68.83773953	5	5	1505
16.6	68.03243997	5	5	1506
16.85	67.23089955	5	5	1507
17.1	66.43326557	5	5	1508
17.35	65.63974753	5	5	1509
17.6	64.85054945	5	5	1510
17.85	64.06582066	5	5	1511
18.1	63.28566679	5	5	1512
18.35	62.51022034	5	5	1513
18.6	61.73973245	5	5	1514
18.85	60.97463624	5	5	1515
19.1	60.2155492	5	5	1516
19.35	59.46321381	5	5	1517
19.6	58.71840122	5	5	1518
19.85	57.9818121	5	5	1519
20.1	57.25400129	5	5	1520
20.35	56.53533735	5	5	1521
20.6	55.82599393	5	5	1522
20.85	55.12596368	5	5	1523
21.1	54.43508684	5	5	1524
21.35	53.75309142	5	5	1525
21.6	53.07964414	5	5	1526
21.85	52.41440786	5	5	1527
22.1	51.75709416	5	5	1528
22.35	51.10749651	5	5	1529
22.6	50.4654953	5	5	1530
22.85	49.83104006	5	5	1531
23.1	49.20412621	5	5	1532
23.35	48.58478177	5	5	1533
23.6	47.97306325	5	5	1534
23.85	47.369041	5	5	1535
24.1	46.77275171	5	5	1536
24.35	46.1841187	5	5	1537
24.6	45.60287588	5	5	1538
24.85	45.02855305	5	5	1539
25.1	44.46056505	5	5	1540
25.35	43.89839673	5	5	1541
25.6	43.34181657	5	5	1542
25.85	42.79102072	5	5	1543
26.1	42.24662836	5	5	1544
26.35	41.7095116	5	5	1545
26.6	41.18051738	5	5	1546
26.85	40.66018712	5	5	1547
27.1	40.14857996	5	5	1548
27.35	39.64525997	5	5	1549
27.6	39.14944022	5	5	1550
27.85	38.66021913	5	5	1551
28.1	38.17681886	5	5	1552
28.35	37.69874903	5	5	1553
28.6	37.22585884	5	5	1554
28.85	36.75828666	5	5	1555
29.1	36.29634901	5	5	1556
29.35	35.84041951	5	5	1557
29.6	35.39083698	5	5	1558
29.85	34.94785941	5	5	1559
30.1	34.51165937	5	5	1560
30.35	34.08234383	5	5	1561
30.6	33.65997662	5	5	1562
30.85	33.24458633	5	5	1563
31.1	32.83615198	5	5	1564
31.35	32.43457403	5	5	1565
31.6	32.03965095	5	5	1566
31.85	31.65108548	5	5	1567
32.1	31.26853254	5	5	1568
32.35	30.89167773	5	5	1569
32.6	30.52031528	5	5	1570
32.85	30.15439017	5	5	1571
33.1	29.79398584	5	5	1572
33.35	29.43926378	5	5	1573
33.6	29.09038053	5	5	1574
33.85	28.74741073	5	5	1575
34.1	28.41029765	5	5	1576
34.35	28.07884288	5	5	1577
34.6	27.75273921	5	5	1578
34.85	27.43164236	5	5	1579
35.1	27.11526251	5	5	1580
35.35	26.80344308	5	5	1581
35.6	26.49619038	5	5	1582
35.85	26.19363473	5	5	1583
36.1	25.8959337	5	5	1584
36.35	25.60315696	5	5	1585
36.6	25.31520136	5	5	1586
36.85	25.03177031	5	5	1587
37.1	24.75242192	5	5	1588
37.35	24.47666259	5	5	1589
37.6	24.20404937	5	5	1590
37.85	23.93426909	5	5	1591
38.1	23.66717772	5	5	1592
38.35	23.40280081	5	5	1593
38.6	23.14130502	5	5	1594
38.85	22.8829519	5	5	1595
39.1	22.62804041	5	5	1596
39.35	22.37684216	5	5	1597
39.6	22.12953559	5	5	1598
39.85	21.88615336	5	5	1599
40.1	21.64656299	5	5	1600
40.35	21.41049775	5	5	1601
40.6	21.1776376	5	5	1602
40.85	20.94771441	5	5	1603
41.1	20.7205974	5	5	1604
41.35	20.49631858	5	5	1605
41.6	20.27502725	5	5	1606
41.85	20.05690065	5	5	1607
42.1	19.84206145	5	5	1608
42.35	19.63054361	5	5	1609
42.6	19.42231479	5	5	1610
42.85	19.21732814	5	5	1611
43.1	19.01556289	5	5	1612
43.35	18.81702646	5	5	1613
43.6	18.62171842	5	5	1614
43.85	18.42957916	5	5	1615
44.1	18.24045202	5	5	1616
44.35	18.05407925	5	5	1617
44.6	17.87013771	5	5	1618
44.85	17.68830688	5	5	1619
45.1	17.50835067	5	5	1620
45.35	17.33018664	5	5	1621
45.6	17.15391355	5	5	1622
45.85	16.9797769	5	5	1623
46.1	16.80807437	5	5	1624
46.35	16.63903304	5	5	1625
46.6	16.47271145	5	5	1626
46.85	16.30897614	5	5	1627
47.1	16.14756977	5	5	1628
47.35	15.98824081	5	5	1629
47.6	15.83086961	5	5	1630
47.85	15.67552588	5	5	1631
48.1	15.5224289	5	5	1632
48.35	15.37183297	5	5	1633
48.6	15.22389626	5	5	1634
48.85	15.07859397	5	5	1635
49.1	14.9357093	5	5	1636
49.35	14.79489917	5	5	1637
49.6	14.65580512	5	5	1638
49.85	14.51816875	5	5	1639
50.1	14.38191383	5	5	1640
50.35	14.24716644	5	5	1641
50.6	14.11420164	5	5	1642
50.85	13.98333028	5	5	1643
51.1	13.85476718	5	5	1644
51.35	13.72853771	5	5	1645
51.6	13.60446967	5	5	1646
51.85	13.48228024	5	5	1647
52.1	13.36171979	5	5	1648
52.35	13.24270126	5	5	1649
52.6	13.12534616	5	5	1650
52.85	13.00991694	5	5	1651
53.1	12.89666325	5	5	1652
53.35	12.78565613	5	5	1653
53.6	12.67669591	5	5	1654
53.85	12.56934685	5	5	1655
54.1	12.46308983	5	5	1656
54.35	12.35752429	5	5	1657
54.6	12.2525237	5	5	1658
54.85	12.14827071	5	5	1659
55.1	12.04515738	5	5	1660
55.35	11.94360135	5	5	1661
55.6	11.8438672	5	5	1662
55.85	11.7459738	5	5	1663
56.1	11.64972107	5	5	1664
56.35	11.55480957	5	5	1665
56.6	11.4609858	5	5	1666
56.85	11.36814433	5	5	1667
57.1	11.27635055	5	5	1668
57.35	11.18579152	5	5	1669
57.6	11.09669126	5	5	1670
57.85	11.00922797	5	5	1671
58.1	10.92347286	5	5	1672
58.35	10.83935348	5	5	1673
58.6	10.75664206	5	5	1674
58.85	10.67497815	5	5	1675
59.1	10.5939379	5	5	1676
59.35	10.51314722	5	5	1677
59.6	10.43240712	5	5	1678
59.85	10.35177813	5	5	1679
60.1	10.27157662	5	5	1680
60.35	10.19227284	5	5	1681
60.6	10.11432744	5	5	1682
60.85	10.03803268	5	5	1683
61.1	9.963419328	5	5	1684
61.35	9.890256414	5	5	1685
61.6	9.818130449	5	5	1686
61.85	9.746565456	5	5	1687
62.1	9.675142388	5	5	1688
62.35	9.603589218	5	5	1689
62.6	9.531828139	5	5	1690
62.85	9.459976282	5	5	1691
63.1	9.388302184	5	5	1692
63.35	9.317146503	5	5	1693
63.6	9.246824825	5	5	1694
63.85	9.177539501	5	5	1695
64.1	9.109329958	5	5	1696
64.35	9.042081766	5	5	1697
64.6	8.975594255	5	5	1698
64.85	8.909681489	5	5	1699
65.1	8.844263834	5	5	1700
65.35	8.779408019	5	5	1701
65.6	8.715296062	5	5	1702
65.85	8.652138592	5	5	1703
66.1	8.590077143	5	5	1704
66.35	8.529124856	5	5	1705
66.6	8.469171459	5	5	1706
66.85	8.410040698	5	5	1707
67.1	8.351560634	5	5	1708
67.35	8.293606358	5	5	1709
67.6	8.236098586	5	5	1710
67.85	8.178971793	5	5	1711
68.1	8.122141966	5	5	1712
68.35	8.065499195	5	5	1713
68.6	8.008932012	5	5	1714
68.85	7.952372616	5	5	1715
69.1	7.895843729	5	5	1716
69.35	7.83948872	5	5	1717
69.6	7.783571777	5	5	1718
69.85	7.728441696	5	5	1719
70.1	7.674461859	5	5	1720
70.35	7.621921084	5	5	1721
70.6	7.570951257	5	5	1722
70.85	7.521481009	5	5	1723
71.1	7.473245067	5	5	1724
71.35	7.425849004	5	5	1725
71.6	7.37886872	5	5	1726
71.85	7.331953668	5	5	1727
72.1	7.284906276	5	5	1728
72.35	7.237721923	5	5	1729
72.6	7.190585414	5	5	1730
72.85	7.143826233	5	5	1731
73.1	7.097838531	5	5	1732
73.35	7.052978314	5	5	1733
73.6	7.00946074	5	5	1734
73.85	6.967288526	5	5	1735
74.1	6.926239145	5	5	1736
74.35	6.885920822	5	5	1737
74.6	6.845881875	5	5	1738
74.85	6.805737373	5	5	1739
75.1	6.765271355	5	5	1740
75.35	6.724483688	5	5	1741
75.6	6.68357165	5	5	1742
75.85	6.642858063	5	5	1743
76.1	6.602692761	5	5	1744
76.35	6.563358686	5	5	1745
76.6	6.525008306	5	5	1746
76.85	6.487642969	5	5	1747
77.1	6.451132275	5	5	1748
77.35	6.415258415	5	5	1749
77.6	6.379766774	5	5	1750
77.85	6.344409904	5	5	1751
78.1	6.308982477	5	5	1752
78.35	6.273351763	5	5	1753
78.6	6.237485932	5	5	1754
78.85	6.201472786	5	5	1755
79.1	6.165513636	5	5	1756
79.35	6.129880163	5	5	1757
79.6	6.094837708	5	5	1758
79.85	6.060558305	5	5	1759
80.1	6.027057931	5	5	1760
80.35	5.994186994	5	5	1761
80.6	5.961682591	5	5	1762
80.85	5.929265331	5	5	1763
81.1	5.8967444	5	5	1764
81.35	5.864090076	5	5	1765
81.6	5.831445007	5	5	1766
81.85	5.799069542	5	5	1767
82.1	5.767242972	5	5	1768
82.35	5.73616032	5	5	1769
82.6	5.705865059	5	5	1770
82.85	5.676241053	5	5	1771
83.1	5.647060819	5	5	1772
83.35	5.618065192	5	5	1773
83.6	5.589042019	5	5	1774
83.85	5.559879567	5	5	1775
84.1	5.530585777	5	5	1776
84.35	5.501276976	5	5	1777
84.6	5.472144232	5	5	1778
84.85	5.443404953	5	5	1779
85.1	5.415247513	5	5	1780
85.35	5.387780111	5	5	1781
85.6	5.360997768	5	5	1782
85.85	5.334777678	5	5	1783
86.1	5.308902386	5	5	1784
86.35	5.283099271	5	5	1785
86.6	5.257082321	5	5	1786
86.85	5.230590438	5	5	1787
87.1	5.203427553	5	5	1788
87.35	5.175511709	5	5	1789
87.6	5.146927811	5	5	1790
87.85	5.117959804	5	5	1791
88.1	5.089069316	5	5	1792
88.35	5.060801895	5	5	1793
88.6	5.033636777	5	5	1794
88.85	5.007833045	5	5	1795
89.1	4.983339925	5	5	1796
89.35	4.959818082	5	5	1797
89.6	4.936769286	5	5	1798
89.85	4.913719513	5	5	1799
90.1	4.890374837	5	5	1800
90.35	4.866685219	5	5	1801
90.6	4.842799277	5	5	1802
90.85	4.818946251	5	5	1803
91.1	4.795311096	5	5	1804
91.35	4.771962328	5	5	1805
91.6	4.748857753	5	5	1806
91.85	4.725912148	5	5	1807
92.1	4.703083888	5	5	1808
92.35	4.680434176	5	5	1809
92.6	4.658129783	5	5	1810
92.85	4.636387592	5	5	1811
93.1	4.615384995	5	5	1812
93.35	4.59517546	5	5	1813
93.6	4.575647926	5	5	1814
93.85	4.556551419	5	5	1815
94.1	4.53757793	5	5	1816
94.35	4.518469139	5	5	1817
94.6	4.499100064	5	5	1818
94.85	4.479503537	5	5	1819
95.1	4.459829206	5	5	1820
95.35	4.440263095	5	5	1821
95.6	4.420949856	5	5	1822
95.85	4.401951356	5	5	1823
96.1	4.383250014	5	5	1824
96.35	4.364781416	5	5	1825
96.6	4.346472887	5	5	1826
96.85	4.328273394	5	5	1827
97.1	4.310173576	5	5	1828
97.35	4.292219468	5	5	1829
97.6	4.274516686	5	5	1830
97.85	4.257213083	5	5	1831
98.1	4.24045054	5	5	1832
98.35	4.224294559	5	5	1833
98.6	4.208672813	5	5	1834
98.85	4.19336173	5	5	1835
99.1	4.178041836	5	5	1836
99.35	4.162405266	5	5	1837
99.6	4.146265921	5	5	1838
99.85	4.129617829	5	5	1839
100.1	4.112615817	5	5	1840
100.35	4.095496787	5	5	1841
100.6	4.078490648	5	5	1842
100.85	4.061767935	5	5	1843
101.1	4.045440284	5	5	1844
101.35	4.029593798	5	5	1845
101.6	4.01431884	5	5	1846
101.85	3.999711141	5	5	1847
102.1	3.985845506	5	5	1848
102.35	3.972743127	5	5	1849
102.6	3.960353727	5	5	1850
102.85	3.948559077	5	5	1851
103.1	3.937190112	5	5	1852
103.35	3.926046991	5	5	1853
103.6	3.914918333	5	5	1854
103.85	3.903602226	5	5	1855
104.1	3.891930479	5	5	1856
104.35	3.879791402	5	5	1857
104.6	3.867143314	5	5	1858
104.85	3.854015379	5	5	1859
105.1	3.840500161	5	5	1860
105.35	3.826745695	5	5	1861
105.6	3.812949975	5	5	1862
105.85	3.799351886	5	5	1863
106.1	3.786207883	5	5	1864
106.35	3.773748693	5	5	1865
106.6	3.76212269	5	5	1866
106.85	3.751344658	5	5	1867
107.1	3.74127221	5	5	1868
107.35	3.731624405	5	5	1869
107.6	3.722041467	5	5	1870
107.85	3.712168528	5	5	1871
108.1	3.701737332	5	5	1872
108.35	3.690621795	5	5	1873
108.6	3.678855212	5	5	1874
108.85	3.666612714	5	5	1875
109.1	3.654173709	5	5	1876
109.35	3.641879247	5	5	1877
109.6	3.630089298	5	5	1878
109.85	3.619133534	5	5	1879
110.1	3.609247608	5	5	1880
110.35	3.600499662	5	5	1881
110.6	3.592731512	5	5	1882
110.85	3.585549897	5	5	1883
111.1	3.578392495	5	5	1884
111.35	3.570662433	5	5	1885
111.6	3.561889836	5	5	1886
111.85	3.551861329	5	5	1887
112.1	3.540669876	5	5	1888
112.35	3.528671786	5	5	1889
112.6	3.516375491	5	5	1890
112.85	3.504308065	5	5	1891
113.1	3.492903322	5	5	1892
113.35	3.482436733	5	5	1893
113.6	3.473010367	5	5	1894
113.85	3.464575303	5	5	1895
114.1	3.456971799	5	5	1896
114.35	3.449967973	5	5	1897
114.6	3.443285285	5	5	1898
114.85	3.436612575	5	5	1899
115.1	3.429624424	5	5	1900
115.35	3.422023759	5	5	1901
115.6	3.413615121	5	5	1902
115.85	3.404387927	5	5	1903
116.1	3.394566085	5	5	1904
116.35	3.384581328	5	5	1905
116.6	3.374959006	5	5	1906
116.85	3.366151194	5	5	1907
117.1	3.358384751	5	5	1908
117.35	3.351589559	5	5	1909
117.6	3.345435025	5	5	1910
117.85	3.339453011	5	5	1911
118.1	3.33319108	5	5	1912
118.35	3.326337473	5	5	1913
118.6	3.318784029	5	5	1914
118.85	3.310625833	5	5	1915
119.1	3.302117299	5	5	1916
119.35	3.293606501	5	5	1917
119.6	3.285460199	5	5	1918
119.85	3.277984688	5	5	1919
120.1	3.271350796	5	5	1920
120.35	3.265541749	5	5	1921
120.6	3.260348192	5	5	1922
120.85	3.255424494	5	5	1923
121.1	3.250394902	5	5	1924
121.35	3.244970714	5	5	1925
121.6	3.23902909	5	5	1926
121.85	3.232620415	5	5	1927
122.1	3.225906769	5	5	1928
122.35	3.219067814	5	5	1929
122.6	3.212221593	5	5	1930
122.85	3.205391	5	5	1931
123.1	3.198515652	5	5	1932
123.35	3.191485781	5	5	1933
123.6	3.184174015	5	5	1934
123.85	3.176458825	5	5	1935
124.1	3.168251591	5	5	1936
124.35	3.159539763	5	5	1937
124.6	3.150438403	5	5	1938
124.85	3.141217816	5	5	1939
125.1	3.132269649	5	5	1940
125.35	3.124000131	5	5	1941
125.6	3.116684988	5	5	1942
125.85	3.110355355	5	5	1943
126.1	3.104779328	5	5	1944
126.35	3.099556657	5	5	1945
126.6	3.094281591	5	5	1946
126.85	3.088691468	5	5	1947
127.1	3.082730485	5	5	1948
127.35	3.076510209	5	5	1949
127.6	3.070205138	5	5	1950
127.85	3.063947488	5	5	1951
128.1	3.057769544	5	5	1952
128.35	3.051603019	5	5	1953
128.6	3.045313372	5	5	1954
128.85	3.038741477	5	5	1955
129.1	3.031740537	5	5	1956
129.35	3.02421281	5	5	1957
129.6	3.016151969	5	5	1958
129.85	3.00768282	5	5	1959
130.1	2.999075118	5	5	1960
130.35	2.990708363	5	5	1961
130.6	2.982984132	5	5	1962
130.85	2.976210762	5	5	1963
131.1	2.970504203	5	5	1964
131.35	2.965745723	5	5	1965
131.6	2.961612793	5	5	1966
131.85	2.957667637	5	5	1967
132.1	2.953466048	5	5	1968
132.35	2.948647762	5	5	1969
132.6	2.942986928	5	5	1970
132.85	2.936404686	5	5	1971
133.1	2.928961298	5	5	1972
133.35	2.92084456	5	5	1973
133.6	2.912357524	5	5	1974
133.85	2.903893329	5	5	1975
134.1	2.895881437	5	5	1976
134.35	2.888702668	5	5	1977
134.6	2.882593071	5	5	1978
134.85	2.877572806	5	5	1979
135.1	2.873432917	5	5	1980
135.35	2.869789821	5	5	1981
135.6	2.866188134	5	5	1982
135.85	2.862214404	5	5	1983
136.1	2.857585748	5	5	1984
136.35	2.852193307	5	5	1985
136.6	2.846098621	5	5	1986
136.85	2.839492447	5	5	1987
137.1	2.832629756	5	5	1988
137.35	2.825756177	5	5	1989
137.6	2.819043104	5	5	1990
137.85	2.812549189	5	5	1991
138.1	2.806221326	5	5	1992
138.35	2.799936885	5	5	1993
138.6	2.793574024	5	5	1994
138.85	2.78708421	5	5	1995
139.1	2.780537048	5	5	1996
139.35	2.774115695	5	5	1997
139.6	2.768060535	5	5	1998
139.85	2.762581976	5	5	1999
140.1	2.757778656	5	5	2000
140.35	2.753595592	5	5	2001
140.6	2.749838016	5	5	2002
140.85	2.74623149	5	5	2003
141.1	2.742501729	5	5	2004
141.35	2.738445713	5	5	2005
141.6	2.733975153	5	5	2006
141.85	2.729124471	5	5	2007
142.1	2.724022763	5	5	2008
142.35	2.718835167	5	5	2009
142.6	2.713688654	5	5	2010
142.85	2.70860898	5	5	2011
143.1	2.703499908	5	5	2012
143.35	2.69818308	5	5	2013
143.6	2.692488483	5	5	2014
143.85	2.686355889	5	5	2015
144.1	2.679895973	5	5	2016
144.35	2.67337549	5	5	2017
144.6	2.667126784	5	5	2018
144.85	2.661418673	5	5	2019
145.1	2.656344389	5	5	2020
145.35	2.651774602	5	5	2021
145.6	2.647395127	5	5	2022
145.85	2.642814044	5	5	2023
146.1	2.637696647	5	5	2024
146.35	2.631878542	5	5	2025
146.6	2.625418412	5	5	2026
146.85	2.618576338	5	5	2027
147.1	2.611730786	5	5	2028
147.35	2.605267099	5	5	2029
147.6	2.599476142	5	5	2030
147.85	2.594492816	5	5	2031
148.1	2.590285395	5	5	2032
148.35	2.586686514	5	5	2033
148.6	2.583443523	5	5	2034
148.85	2.580265237	5	5	2035
149.1	2.576853209	5	5	2036
149.35	2.572921886	5	5	2037
149.6	2.568223112	5	5	2038
149.85	2.562588153	5	5	2039
150.1	2.555984406	5	5	2040
150.35	2.548563868	5	5	2041
150.6	2.540670688	5	5	2042
150.85	2.532785565	5	5	2043
151.1	2.525412509	5	5	2044
151.35	2.518943758	5	5	2045
151.6	2.513553565	5	5	2046
151.85	2.50916197	5	5	2047
152.1	2.505480152	5	5	2048
152.35	2.502115228	5	5	2049
152.6	2.498691021	5	5	2050
152.85	2.494941286	5	5	2051
153.1	2.490749979	5	5	2052
153.35	2.486137769	5	5	2053
153.6	2.48121218	5	5	2054
153.85	2.476104299	5	5	2055
154.1	2.470910599	5	5	2056
154.35	2.465652254	5	5	2057
154.6	2.46026146	5	5	2058
154.85	2.454602601	5	5	2059
155.1	2.448528893	5	5	2060
155.35	2.441959539	5	5	2061
155.6	2.434945859	5	5	2062
155.85	2.427691032	5	5	2063
156.1	2.420505521	5	5	2064
156.35	2.413712815	5	5	2065
156.6	2.407548171	5	5	2066
156.85	2.402097686	5	5	2067
157.1	2.397302233	5	5	2068
157.35	2.393014832	5	5	2069
157.6	2.389073245	5	5	2070
157.85	2.3853465	5	5	2071
158.1	2.381733583	5	5	2072
158.35	2.37812149	5	5	2073
158.6	2.374332752	5	5	2074
158.85	2.370100018	5	5	2075
159.1	2.365095235	5	5	2076
159.35	2.35901745	5	5	2077
159.6	2.351714438	5	5	2078
159.85	2.343290576	5	5	2079
160.1	2.334148033	5	5	2080
160.35	2.324926734	5	5	2081
160.6	2.316346779	5	5	2082
160.85	2.309000434	5	5	2083
161.1	2.303169137	5	5	2084
161.35	2.298738468	5	5	2085
161.6	2.295247956	5	5	2086
161.85	2.292057132	5	5	2087
162.1	2.288559684	5	5	2088
162.35	2.284358524	5	5	2089
162.6	2.279336448	5	5	2090
162.85	2.273609249	5	5	2091
163.1	2.267403465	5	5	2092
163.35	2.260930142	5	5	2093
163.6	2.254314586	5	5	2094
163.85	2.24759968	5	5	2095
164.1	2.240794703	5	5	2096
164.35	2.233921171	5	5	2097
164.6	2.227021924	5	5	2098
164.85	2.220135054	5	5	2099
165.1	2.213262502	5	5	2100
165.35	2.206364252	5	5	2101
165.6	2.199385267	5	5	2102
165.85	2.192294792	5	5	2103
166.1	2.185108715	5	5	2104
166.35	2.177880626	5	5	2105
166.6	2.170671772	5	5	2106
166.85	2.163523546	5	5	2107
167.1	2.156449411	5	5	2108
167.35	2.149445058	5	5	2109
167.6	2.14250318	5	5	2110
167.85	2.13562169	5	5	2111
168.1	2.12880559	5	5	2112
168.35	2.122069118	5	5	2113
168.6	2.115439337	5	5	2114
168.85	2.108951789	5	5	2115
169.1	2.102627089	5	5	2116
169.35	2.096430757	5	5	2117
169.6	2.09023856	5	5	2118
169.85	2.083838513	5	5	2119
170.1	2.076986663	5	5	2120
170.35	2.069502466	5	5	2121
170.6	2.061360531	5	5	2122
170.85	2.052729556	5	5	2123
171.1	2.043932529	5	5	2124
171.35	2.035342042	5	5	2125
171.6	2.02725712	5	5	2126
171.85	2.019814387	5	5	2127
172.1	2.012964988	5	5	2128
172.35	2.006514753	5	5	2129
172.6	2.00019964	5	5	2130
172.85	1.993763359	5	5	2131
173.1	1.987015509	5	5	2132
173.35	1.979863662	5	5	2133
173.6	1.972321131	5	5	2134
173.85	1.964492995	5	5	2135
174.1	1.956542647	5	5	2136
174.35	1.948644591	5	5	2137
174.6	1.940935449	5	5	2138
174.85	1.933478789	5	5	2139
175.1	1.926256567	5	5	2140
175.35	1.919190637	5	5	2141
175.6	1.912185641	5	5	2142
175.85	1.905174625	5	5	2143
176.1	1.898145757	5	5	2144
176.35	1.891135618	5	5	2145
176.6	1.884190197	5	5	2146
176.85	1.877311888	5	5	2147
177.1	1.870419795	5	5	2148
177.35	1.863345542	5	5	2149
177.6	1.855870168	5	5	2150
177.85	1.847789193	5	5	2151
178.1	1.838982484	5	5	2152
178.35	1.829466622	5	5	2153
178.6	1.819416362	5	5	2154
178.85	1.809151445	5	5	2155
179.1	1.799091098	5	5	2156
179.35	1.7896815	5	5	2157
179.6	1.781305144	5	5	2158
179.85	1.774187882	5	5	2159
180.1	1.76832775	5	5	2160
180.35	1.763472948	5	5	2161
180.6	1.759167884	5	5	2162
180.85	1.754864557	5	5	2163
181.1	1.750069315	5	5	2164
181.35	1.744475739	5	5	2165
181.6	1.738035225	5	5	2166
181.85	1.730939806	5	5	2167
182.1	1.723527263	5	5	2168
182.35	1.716149536	5	5	2169
182.6	1.709057735	5	5	2170
182.85	1.702345741	5	5	2171
183.1	1.695965958	5	5	2172
183.35	1.689798488	5	5	2173
183.6	1.683733196	5	5	2174
183.85	1.677722157	5	5	2175
184.1	1.671778579	5	5	2176
184.35	1.665928707	5	5	2177
184.6	1.660150157	5	5	2178
184.85	1.654339114	5	5	2179
185.1	1.64833371	5	5	2180
185.35	1.641989232	5	5	2181
185.6	1.635269881	5	5	2182
185.85	1.628309206	5	5	2183
186.1	1.621404067	5	5	2184
186.35	1.614937415	5	5	2185
186.6	1.609256975	5	5	2186
186.85	1.604555118	5	5	2187
187.1	1.600794193	5	5	2188
187.35	1.597704991	5	5	2189
187.6	1.594861451	5	5	2190
187.85	1.591809534	5	5	2191
188.1	1.588208422	5	5	2192
188.35	1.583934372	5	5	2193
188.6	1.579107431	5	5	2194
188.85	1.574029215	5	5	2195
189.1	1.569056443	5	5	2196
189.35	1.564462567	5	5	2197
189.6	1.560343317	5	5	2198
189.85	1.556598898	5	5	2199
190.1	1.552989457	5	5	2200
190.35	1.549231718	5	5	2201
190.6	1.545096842	5	5	2202
190.85	1.540481047	5	5	2203
191.1	1.535438517	5	5	2204
191.35	1.530178015	5	5	2205
191.6	1.525027254	5	5	2206
191.85	1.520368769	5	5	2207
192.1	1.516555225	5	5	2208
192.35	1.513821524	5	5	2209
192.6	1.512218726	5	5	2210
192.85	1.511591968	5	5	2211
193.1	1.511609829	5	5	2212
193.35	1.511833605	5	5	2213
193.6	1.511803202	5	5	2214
193.85	1.51111778	5	5	2215
194.1	1.509499682	5	5	2216
194.35	1.506839146	5	5	2217
194.6	1.503218046	5	5	2218
194.85	1.498905363	5	5	2219
195.1	1.494314745	5	5	2220
195.35	1.489922621	5	5	2221
195.6	1.486162448	5	5	2222
195.85	1.483326706	5	5	2223
196.1	1.481511155	5	5	2224
196.35	1.480621337	5	5	2225
196.6	1.480435188	5	5	2226
196.85	1.480691456	5	5	2227
197.1	1.48116403	5	5	2228
197.35	1.481692352	5	5	2229
197.6	1.482162735	5	5	2230
197.85	1.482462257	5	5	2231
198.1	1.482442113	5	5	2232
198.35	1.48192235	5	5	2233
198.6	1.480745992	5	5	2234
198.85	1.4788598	5	5	2235
199.1	1.476378397	5	5	2236
199.35	1.47359152	5	5	2237
199.6	1.470900899	5	5	2238
199.85	1.468709498	5	5	2239
200.1	1.467311088	5	5	2240
200.35	1.466827859	5	5	2241
200.6	1.467218658	5	5	2242
200.85	1.468344785	5	5	2243
201.1	1.470053495	5	5	2244
201.35	1.472234482	5	5	2245
201.6	1.474823024	5	5	2246
201.85	1.477754951	5	5	2247
202.1	1.480906848	5	5	2248
202.35	1.484065075	5	5	2249
202.6	1.486952653	5	5	2250
202.85	1.4893105	5	5	2251
203.1	1.4909961	5	5	2252
203.35	1.49204825	5	5	2253
203.6	1.492680493	5	5	2254
203.85	1.493201643	5	5	2255
204.1	1.493899692	5	5	2256
204.35	1.494944482	5	5	2257
204.6	1.496354661	5	5	2258
204.85	1.498040988	5	5	2259
205.1	1.499898524	5	5	2260
205.35	1.501894975	5	5	2261
205.6	1.504104708	5	5	2262
205.85	1.506667582	5	5	2263
206.1	1.509694195	5	5	2264
206.35	1.51317185	5	5	2265
206.6	1.516929288	5	5	2266
206.85	1.520688258	5	5	2267
207.1	1.524181423	5	5	2268
207.35	1.527276512	5	5	2269
207.6	1.530040646	5	5	2270
207.85	1.532711047	5	5	2271
208.1	1.535589357	5	5	2272
208.35	1.538915266	5	5	2273
208.6	1.542779036	5	5	2274
208.85	1.547103802	5	5	2275
209.1	1.551689525	5	5	2276
209.35	1.556285675	5	5	2277
209.6	1.560659548	5	5	2278
209.85	1.56464342	5	5	2279
210.1	1.568160616	5	5	2280
210.35	1.571236595	5	5	2281
210.6	1.573996398	5	5	2282
210.85	1.576642683	5	5	2283
211.1	1.579408723	5	5	2284
211.35	1.582491458	5	5	2285
211.6	1.585985247	5	5	2286
211.85	1.589845872	5	5	2287
212.1	1.593906943	5	5	2288
212.35	1.597947522	5	5	2289
212.6	1.601782628	5	5	2290
212.85	1.605334324	5	5	2291
213.1	1.608650484	5	5	2292
213.35	1.611866834	5	5	2293
213.6	1.615138226	5	5	2294
213.85	1.61857902	5	5	2295
214.1	1.622242194	5	5	2296
214.35	1.626140265	5	5	2297
214.6	1.630285685	5	5	2298
214.85	1.634718972	5	5	2299
215.1	1.639503127	5	5	2300
215.35	1.644684792	5	5	2301
215.6	1.650243088	5	5	2302
215.85	1.656055616	5	5	2303
216.1	1.6619042	5	5	2304
216.35	1.667523928	5	5	2305
216.6	1.672676872	5	5	2306
216.85	1.677217754	5	5	2307
217.1	1.681121621	5	5	2308
217.35	1.684463582	5	5	2309
217.6	1.687367036	5	5	2310
217.85	1.689953312	5	5	2311
218.1	1.692321153	5	5	2312
218.35	1.694561811	5	5	2313
218.6	1.696790093	5	5	2314
218.85	1.699160623	5	5	2315
219.1	1.701848948	5	5	2316
219.35	1.705001473	5	5	2317
219.6	1.70868063	5	5	2318
219.85	1.712837756	5	5	2319
220.1	1.717332053	5	5	2320
220.35	1.721987945	5	5	2321
220.6	1.726660607	5	5	2322
220.85	1.731273859	5	5	2323
221.1	1.735809707	5	5	2324
221.35	1.740256148	5	5	2325
221.6	1.744544285	5	5	2326
221.85	1.748514051	5	5	2327
222.1	1.751935528	5	5	2328
222.35	1.754586155	5	5	2329
222.6	1.756355502	5	5	2330
222.85	1.757332343	5	5	2331
223.1	1.757831826	5	5	2332
223.35	1.75834333	5	5	2333
223.6	1.759411841	5	5	2334
223.85	1.761492228	5	5	2335
224.1	1.764824399	5	5	2336
224.35	1.769366552	5	5	2337
224.6	1.774802358	5	5	2338
224.85	1.780617288	5	5	2339
225.1	1.786224743	5	5	2340
225.35	1.791111852	5	5	2341
225.6	1.794965929	5	5	2342
225.85	1.797740293	5	5	2343
226.1	1.799631938	5	5	2344
226.35	1.800975577	5	5	2345
226.6	1.802096393	5	5	2346
226.85	1.80318515	5	5	2347
227.1	1.804248969	5	5	2348
227.35	1.805153292	5	5	2349
227.6	1.805727058	5	5	2350
227.85	1.8058771	5	5	2351
228.1	1.805659622	5	5	2352
228.35	1.805280647	5	5	2353
228.6	1.805029548	5	5	2354
228.85	1.805176734	5	5	2355
229.1	1.805879313	5	5	2356
229.35	1.807133126	5	5	2357
229.6	1.808787677	5	5	2358
229.85	1.810611208	5	5	2359
230.1	1.812370704	5	5	2360
230.35	1.813888186	5	5	2361
230.6	1.815052384	5	5	2362
230.85	1.815793512	5	5	2363
231.1	1.816051088	5	5	2364
231.35	1.815766917	5	5	2365
231.6	1.814915699	5	5	2366
231.85	1.813555846	5	5	2367
232.1	1.811861934	5	5	2368
232.35	1.810102822	5	5	2369
232.6	1.808557699	5	5	2370
232.85	1.807401649	5	5	2371
233.1	1.806619421	5	5	2372
233.35	1.80600182	5	5	2373
233.6	1.805241665	5	5	2374
233.85	1.804093492	5	5	2375
234.1	1.802521626	5	5	2376
234.35	1.800758307	5	5	2377
234.6	1.799231631	5	5	2378
234.85	1.798384907	5	5	2379
235.1	1.798464033	5	5	2380
235.35	1.799369529	5	5	2381
235.6	1.800643921	5	5	2382
235.85	1.801604964	5	5	2383
236.1	1.801570037	5	5	2384
236.35	1.800078374	5	5	2385
236.6	1.797023402	5	5	2386
236.85	1.792652371	5	5	2387
237.1	1.78745024	5	5	2388
237.35	1.781969537	5	5	2389
237.6	1.776677928	5	5	2390
237.85	1.771871318	5	5	2391
238.1	1.767660736	5	5	2392
238.35	1.764009716	5	5	2393
238.6	1.760789422	5	5	2394
238.85	1.757829264	5	5	2395
239.1	1.754957083	5	5	2396
239.35	1.752031528	5	5	2397
239.6	1.748966765	5	5	2398
239.85	1.745743417	5	5	2399
240.1	1.742399416	5	5	2400
240.35	1.739002831	5	5	2401
240.6	1.735619551	5	5	2402
240.85	1.732292355	5	5	2403
241.1	1.729040163	5	5	2404
241.35	1.725871759	5	5	2405
241.6	1.722797471	5	5	2406
241.85	1.719823277	5	5	2407
242.1	1.716925013	5	5	2408
242.35	1.714017072	5	5	2409
242.6	1.710938805	5	5	2410
242.85	1.70747608	5	5	2411
243.1	1.703417897	5	5	2412
243.35	1.698629138	5	5	2413
243.6	1.693111035	5	5	2414
243.85	1.687025064	5	5	2415
244.1	1.680669673	5	5	2416
244.35	1.674415032	5	5	2417
244.6	1.668612947	5	5	2418
244.85	1.66350595	5	5	2419
245.1	1.659161764	5	5	2420
245.35	1.655456236	5	5	2421
245.6	1.65211673	5	5	2422
245.85	1.648818101	5	5	2423
246.1	1.645300246	5	5	2424
246.35	1.641461502	5	5	2425
246.6	1.63738754	5	5	2426
246.85	1.633302418	5	5	2427
247.1	1.629465072	5	5	2428
247.35	1.626060083	5	5	2429
247.6	1.623131025	5	5	2430
247.85	1.620578974	5	5	2431
248.1	1.618214342	5	5	2432
248.35	1.615827518	5	5	2433
248.6	1.613243574	5	5	2434
248.85	1.610344171	5	5	2435
249.1	1.607061989	5	5	2436
249.35	1.60336671	5	5	2437
249.6	1.599261494	5	5	2438
249.85	1.5947976	5	5	2439
250.1	1.590099208	5	5	2440
250.35	1.585378747	5	5	2441
250.6	1.580921707	5	5	2442
250.85	1.577031699	5	5	2443
251.1	1.573946713	5	5	2444
251.35	1.571755745	5	5	2445
251.6	1.570350125	5	5	2446
251.85	1.569432383	5	5	2447
252.1	1.568583417	5	5	2448
252.35	1.567367818	5	5	2449
252.6	1.565446515	5	5	2450
252.85	1.562666949	5	5	2451
253.1	1.559109426	5	5	2452
253.35	1.555078593	5	5	2453
253.6	1.551039093	5	5	2454
253.85	1.547505289	5	5	2455
254.1	1.544907484	5	5	2456
254.35	1.54346891	5	5	2457
254.6	1.543132543	5	5	2458
254.85	1.543567821	5	5	2459
255.1	1.544263131	5	5	2460
255.35	1.54467801	5	5	2461
255.6	1.544403863	5	5	2462
255.85	1.543277098	5	5	2463
256.1	1.541407605	5	5	2464
256.35	1.539119439	5	5	2465
256.6	1.536833178	5	5	2466
256.85	1.534936571	5	5	2467
257.1	1.533687035	5	5	2468
257.35	1.533171141	5	5	2469
257.6	1.533322648	5	5	2470
257.85	1.533981204	5	5	2471
258.1	1.534964009	5	5	2472
258.35	1.536123386	5	5	2473
258.6	1.53737198	5	5	2474
258.85	1.538670892	5	5	2475
259.1	1.539990671	5	5	2476
259.35	1.541266973	5	5	2477
259.6	1.542377009	5	5	2478
259.85	1.543155743	5	5	2479
260.1	1.543452384	5	5	2480
260.35	1.543205342	5	5	2481
260.6	1.542500046	5	5	2482
260.85	1.54157891	5	5	2483
261.1	1.540795712	5	5	2484
261.35	1.540534469	5	5	2485
261.6	1.5411281	5	5	2486
261.85	1.542805255	5	5	2487
262.1	1.545670923	5	5	2488
262.35	1.549705251	5	5	2489
262.6	1.554761001	5	5	2490
262.85	1.560555444	5	5	2491
263.1	1.566674266	5	5	2492
263.35	1.572614523	5	5	2493
263.6	1.577880047	5	5	2494
263.85	1.582110969	5	5	2495
264.1	1.585198234	5	5	2496
264.35	1.587325634	5	5	2497
264.6	1.588906654	5	5	2498
264.85	1.590432262	5	5	2499
265.1	1.592293297	5	5	2500
265.35	1.594659133	5	5	2501
265.6	1.597469213	5	5	2502
265.85	1.60053677	5	5	2503
266.1	1.603705165	5	5	2504
266.35	1.606969568	5	5	2505
266.6	1.610495936	5	5	2506
266.85	1.614525172	5	5	2507
267.1	1.619212832	5	5	2508
267.35	1.624491004	5	5	2509
267.6	1.630030653	5	5	2510
267.85	1.63533453	5	5	2511
268.1	1.639926734	5	5	2512
268.35	1.64355639	5	5	2513
268.6	1.646322747	5	5	2514
268.85	1.648661971	5	5	2515
269.1	1.651196183	5	5	2516
269.35	1.654504722	5	5	2517
269.6	1.658909483	5	5	2518
269.85	1.664357933	5	5	2519
270.1	1.670445513	5	5	2520
270.35	1.67656386	5	5	2521
270.6	1.682115996	5	5	2522
270.85	1.686719825	5	5	2523
271.1	1.690330507	5	5	2524
271.35	1.693243891	5	5	2525
271.6	1.695984991	5	5	2526
271.85	1.699124405	5	5	2527
272.1	1.703089626	5	5	2528
272.35	1.708039154	5	5	2529
272.6	1.713843087	5	5	2530
272.85	1.720171703	5	5	2531
273.1	1.726649295	5	5	2532
273.35	1.73300356	5	5	2533
273.6	1.739144662	5	5	2534
273.85	1.745142735	5	5	2535
274.1	1.751122176	5	5	2536
274.35	1.75713151	5	5	2537
274.6	1.763058142	5	5	2538
274.85	1.768632756	5	5	2539
275.1	1.773521591	5	5	2540
275.35	1.777461145	5	5	2541
275.6	1.780371205	5	5	2542
275.85	1.782396511	5	5	2543
276.1	1.783864354	5	5	2544
276.35	1.785183626	5	5	2545
276.6	1.786730738	5	5	2546
276.85	1.788762929	5	5	2547
277.1	1.791378281	5	5	2548
277.35	1.794520238	5	5	2549
277.6	1.798013733	5	5	2550
277.85	1.801620187	5	5	2551
278.1	1.80510104	5	5	2552
278.35	1.808277318	5	5	2553
278.6	1.81106788	5	5	2554
278.85	1.813490111	5	5	2555
279.1	1.815619941	5	5	2556
279.35	1.817528725	5	5	2557
279.6	1.819229587	5	5	2558
279.85	1.820663364	5	5	2559
280.1	1.821733477	5	5	2560
280.35	1.822371887	5	5	2561
280.6	1.822600877	5	5	2562
280.85	1.822557649	5	5	2563
281.1	1.822468107	5	5	2564
281.35	1.822580757	5	5	2565
281.6	1.823088503	5	5	2566
281.85	1.824068653	5	5	2567
282.1	1.825461886	5	5	2568
282.35	1.827095781	5	5	2569
282.6	1.828743855	5	5	2570
282.85	1.830199828	5	5	2571
283.1	1.831340581	5	5	2572
283.35	1.832152432	5	5	2573
283.6	1.832706791	5	5	2574
283.85	1.833091789	5	5	2575
284.1	1.833328587	5	5	2576
284.35	1.833312924	5	5	2577
284.6	1.832815355	5	5	2578
284.85	1.831548675	5	5	2579
285.1	1.829279516	5	5	2580
285.35	1.825938609	5	5	2581
285.6	1.821681709	5	5	2582
285.85	1.816871795	5	5	2583
286.1	1.811984533	5	5	2584
286.35	1.807469874	5	5	2585
286.6	1.803620839	5	5	2586
286.85	1.80049858	5	5	2587
287.1	1.797940807	5	5	2588
287.35	1.795646657	5	5	2589
287.6	1.793299234	5	5	2590
287.85	1.790672404	5	5	2591
288.1	1.787679115	5	5	2592
288.35	1.784349825	5	5	2593
288.6	1.780764763	5	5	2594
288.85	1.776982985	5	5	2595
289.1	1.773004623	5	5	2596
289.35	1.76877693	5	5	2597
289.6	1.764228405	5	5	2598
289.85	1.759305412	5	5	2599
290.1	1.753995173	5	5	2600
290.35	1.748335596	5	5	2601
290.6	1.742419992	5	5	2602
290.85	1.736397834	5	5	2603
291.1	1.73046074	5	5	2604
291.35	1.724801543	5	5	2605
291.6	1.719549876	5	5	2606
291.85	1.71471032	5	5	2607
292.1	1.710139423	5	5	2608
292.35	1.705584073	5	5	2609
292.6	1.700771526	5	5	2610
292.85	1.695511515	5	5	2611
293.1	1.689762781	5	5	2612
293.35	1.683635108	5	5	2613
293.6	1.677330937	5	5	2614
293.85	1.671057771	5	5	2615
294.1	1.664949987	5	5	2616
294.35	1.659026313	5	5	2617
294.6	1.653188743	5	5	2618
294.85	1.647253319	5	5	2619
295.1	1.640998819	5	5	2620
295.35	1.634222589	5	5	2621
295.6	1.626795738	5	5	2622
295.85	1.618708557	5	5	2623
296.1	1.610093695	5	5	2624
296.35	1.601214933	5	5	2625
296.6	1.592416944	5	5	2626
296.85	1.584044623	5	5	2627
297.1	1.576354308	5	5	2628
297.35	1.569447125	5	5	2629
297.6	1.563251724	5	5	2630
297.85	1.557567386	5	5	2631
298.1	1.552152916	5	5	2632
298.35	1.54682325	5	5	2633
298.6	1.541509497	5	5	2634
298.85	1.536256933	5	5	2635
299.1	1.531171316	5	5	2636
299.35	1.526354175	5	5	2637
299.6	1.521870733	5	5	2638
299.85	1.517765786	5	5	2639
300.1	1.514102365	5	5	2640
300.35	1.510975632	5	5	2641
300.6	1.508468912	5	5	2642
300.85	1.50656307	5	5	2643
301.1	1.505054642	5	5	2644
301.35	1.503549925	5	5	2645
301.6	1.501568801	5	5	2646
301.85	1.498729837	5	5	2647
302.1	1.494933807	5	5	2648
302.35	1.490450702	5	5	2649
302.6	1.485856195	5	5	2650
302.85	1.481837091	5	5	2651
303.1	1.478950788	5	5	2652
303.35	1.477444768	5	5	2653
303.6	1.477208144	5	5	2654
303.85	1.477859977	5	5	2655
304.1	1.478917594	5	5	2656
304.35	1.479964027	5	5	2657
304.6	1.480752829	5	5	2658
304.85	1.481231206	5	5	2659
305.1	1.481500638	5	5	2660
305.35	1.481750417	5	5	2661
305.6	1.482194261	5	5	2662
305.85	1.483025533	5	5	2663
306.1	1.484393928	5	5	2664
306.35	1.48639958	5	5	2665
306.6	1.489097339	5	5	2666
306.85	1.492502596	5	5	2667
307.1	1.496591607	5	5	2668
307.35	1.501295043	5	5	2669
307.6	1.506490982	5	5	2670
307.85	1.512007135	5	5	2671
308.1	1.517638218	5	5	2672
308.35	1.523175969	5	5	2673
308.6	1.528443639	5	5	2674
308.85	1.533328094	5	5	2675
309.1	1.537807394	5	5	2676
309.35	1.541972091	5	5	2677
309.6	1.546031914	5	5	2678
309.85	1.550292799	5	5	2679
310.1	1.555093691	5	5	2680
310.35	1.560711825	5	5	2681
310.6	1.567268929	5	5	2682
310.85	1.574681017	5	5	2683
311.1	1.582679795	5	5	2684
311.35	1.590900242	5	5	2685
311.6	1.59899664	5	5	2686
311.85	1.606738042	5	5	2687
312.1	1.61404916	5	5	2688
312.35	1.62099195	5	5	2689
312.6	1.627708016	5	5	2690
312.85	1.634350566	5	5	2691
313.1	1.64102878	5	5	2692
313.35	1.647776742	5	5	2693
313.6	1.65455109	5	5	2694
313.85	1.661256066	5	5	2695
314.1	1.667787557	5	5	2696
314.35	1.674079051	5	5	2697
314.6	1.68012842	5	5	2698
314.85	1.685992106	5	5	2699
315.1	1.69175124	5	5	2700
315.35	1.697471078	5	5	2701
315.6	1.703177932	5	5	2702
315.85	1.708863464	5	5	2703
316.1	1.714505658	5	5	2704
316.35	1.720085389	5	5	2705
316.6	1.725585223	5	5	2706
316.85	1.730975842	5	5	2707
317.1	1.736208763	5	5	2708
317.35	1.741230436	5	5	2709
317.6	1.746015026	5	5	2710
317.85	1.750596001	5	5	2711
318.1	1.755074071	5	5	2712
318.35	1.759593236	5	5	2713
318.6	1.764296592	5	5	2714
318.85	1.769284331	5	5	2715
319.1	1.774590955	5	5	2716
319.35	1.780182598	5	5	2717
319.6	1.785961533	5	5	2718
319.85	1.791763633	5	5	2719
320.1	1.797346454	5	5	2720
320.35	1.802381801	5	5	2721
320.6	1.806474936	5	5	2722
320.85	1.809226012	5	5	2723
321.1	1.810329523	5	5	2724
321.35	1.809684685	5	5	2725
321.6	1.8074756	5	5	2726
321.85	1.804182915	5	5	2727
322.1	1.800508527	5	5	2728
322.35	1.797224709	5	5	2729
322.6	1.794987925	5	5	2730
322.85	1.794174421	5	5	2731
323.1	1.794791803	5	5	2732
323.35	1.796496813	5	5	2733
323.6	1.798711406	5	5	2734
323.85	1.800791831	5	5	2735
324.1	1.802186222	5	5	2736
324.35	1.802526132	5	5	2737
324.6	1.801633257	5	5	2738
324.85	1.799465667	5	5	2739
325.1	1.796054032	5	5	2740
325.35	1.791472642	5	5	2741
325.6	1.785857289	5	5	2742
325.85	1.779444369	5	5	2743
326.1	1.772587849	5	5	2744
326.35	1.765723358	5	5	2745
326.6	1.759281719	5	5	2746
326.85	1.753584956	5	5	2747
327.1	1.74876731	5	5	2748
327.35	1.744749184	5	5	2749
327.6	1.741265634	5	5	2750
327.85	1.737930835	5	5	2751
328.1	1.734315637	5	5	2752
328.35	1.730023741	5	5	2753
328.6	1.724761033	5	5	2754
328.85	1.718392509	5	5	2755
329.1	1.710973181	5	5	2756
329.35	1.702734755	5	5	2757
329.6	1.694020169	5	5	2758
329.85	1.685182366	5	5	2759
330.1	1.676486798	5	5	2760
330.35	1.668060234	5	5	2761
330.6	1.659905321	5	5	2762
330.85	1.651964053	5	5	2763
331.1	1.644187295	5	5	2764
331.35	1.636568352	5	5	2765
331.6	1.629124663	5	5	2766
331.85	1.621845752	5	5	2767
332.1	1.614647285	5	5	2768
332.35	1.607368742	5	5	2769
332.6	1.599827561	5	5	2770
332.85	1.591909018	5	5	2771
333.1	1.58364669	5	5	2772
333.35	1.575247848	5	5	2773
333.6	1.567043748	5	5	2774
333.85	1.559383278	5	5	2775
334.1	1.552517769	5	5	2776
334.35	1.546527666	5	5	2777
334.6	1.541317685	5	5	2778
334.85	1.536671874	5	5	2779
335.1	1.532335011	5	5	2780
335.35	1.528084002	5	5	2781
335.6	1.523769251	5	5	2782
335.85	1.519326883	5	5	2783
336.1	1.514774237	5	5	2784
336.35	1.510198747	5	5	2785
336.6	1.505740816	5	5	2786
336.85	1.501565797	5	5	2787
337.1	1.497824728	5	5	2788
337.35	1.494614208	5	5	2789
337.6	1.491952577	5	5	2790
337.85	1.489784869	5	5	2791
338.1	1.488014888	5	5	2792
338.35	1.486549011	5	5	2793
338.6	1.485332447	5	5	2794
338.85	1.4843662	5	5	2795
339.1	1.483704653	5	5	2796
339.35	1.483440529	5	5	2797
339.6	1.483682616	5	5	2798
339.85	1.484527215	5	5	2799
340.1	1.486024628	5	5	2800
340.35	1.488149487	5	5	2801
340.6	1.490791474	5	5	2802
340.85	1.493780505	5	5	2803
341.1	1.496944104	5	5	2804
341.35	1.500173577	5	5	2805
341.6	1.503465755	5	5	2806
341.85	1.5069177	5	5	2807
342.1	1.510677117	5	5	2808
342.35	1.514874594	5	5	2809
342.6	1.519571118	5	5	2810
342.85	1.524743935	5	5	2811
343.1	1.53031455	5	5	2812
343.35	1.536204583	5	5	2813
343.6	1.542393399	5	5	2814
343.85	1.548947994	5	5	2815
344.1	1.556003159	5	5	2816
344.35	1.563690846	5	5	2817
344.6	1.57204646	5	5	2818
344.85	1.580940936	5	5	2819
345.1	1.59008296	5	5	2820
345.35	1.599101276	5	5	2821
345.6	1.607670215	5	5	2822
345.85	1.61561305	5	5	2823
346.1	1.622929041	5	5	2824
346.35	1.629735867	5	5	2825
346.6	1.636169462	5	5	2826
346.85	1.642304759	5	5	2827
347.1	1.648140945	5	5	2828
347.35	1.653649952	5	5	2829
347.6	1.658848703	5	5	2830
347.85	1.663847129	5	5	2831
348.1	1.668845058	5	5	2832
348.35	1.674082373	5	5	2833
348.6	1.679767094	5	5	2834
348.85	1.686007532	5	5	2835
349.1	1.692765126	5	5	2836
349.35	1.699836372	5	5	2837
349.6	1.706870468	5	5	2838
349.85	1.713428351	5	5	2839
350.1	1.719080043	5	5	2840
350.35	1.723519188	5	5	2841
350.6	1.72665601	5	5	2842
350.85	1.728647032	5	5	2843
351.1	1.7298398	5	5	2844
351.35	1.730647392	5	5	2845
351.6	1.731402333	5	5	2846
351.85	1.73225257	5	5	2847
352.1	1.733143743	5	5	2848
352.35	1.733889813	5	5	2849
352.6	1.734289965	5	5	2850
352.85	1.734227848	5	5	2851
353.1	1.733702692	5	5	2852
353.35	1.732783508	5	5	2853
353.6	1.73152355	5	5	2854
353.85	1.729895041	5	5	2855
354.1	1.727789819	5	5	2856
354.35	1.725088991	5	5	2857
354.6	1.72176089	5	5	2858
354.85	1.71792891	5	5	2859
355.1	1.713869319	5	5	2860
355.35	1.709939624	5	5	2861
355.6	1.706473545	5	5	2862
355.85	1.70368796	5	5	2863
356.1	1.701629989	5	5	2864
356.35	1.700166038	5	5	2865
356.6	1.698999569	5	5	2866
356.85	1.697707553	5	5	2867
357.1	1.695797403	5	5	2868
357.35	1.692790453	5	5	2869
357.6	1.688327133	5	5	2870
357.85	1.682269805	5	5	2871
358.1	1.674767576	5	5	2872
358.35	1.666253941	5	5	2873
358.6	1.657371034	5	5	2874
358.85	1.648840757	5	5	2875
359.1	1.641320087	5	5	2876
359.35	1.635279623	5	5	2877
359.6	1.630933896	5	5	2878
359.85	1.628235185	5	5	2879
360.1	1.626925188	5	5	2880
