CA	pMess	dummy	dummy
[KWnZOT]	[bar]	[bar]	[bar]
-359.3	1.469787275	5	5
-359.05	1.467505539	5	5
-358.8	1.464172419	5	5
-358.55	1.459753121	5	5
-358.3	1.454308389	5	5
-358.05	1.447987282	5	5
-357.8	1.441002656	5	5
-357.55	1.433594549	5	5
-357.3	1.425989923	5	5
-357.05	1.418368366	5	5
-356.8	1.410841761	5	5
-356.55	1.403452241	5	5
-356.3	1.396187783	5	5
-356.05	1.38901001	5	5
-355.8	1.381885405	5	5
-355.55	1.374810076	5	5
-355.3	1.367819828	5	5
-355.05	1.360981354	5	5
-354.8	1.354366015	5	5
-354.55	1.348013535	5	5
-354.3	1.341897318	5	5
-354.05	1.335904356	5	5
-353.8	1.329839856	5	5
-353.55	1.323460031	5	5
-353.3	1.316527627	5	5
-353.05	1.308876426	5	5
-352.8	1.300466233	5	5
-352.55	1.291410679	5	5
-352.3	1.281966979	5	5
-352.05	1.272487477	5	5
-351.8	1.263344197	5	5
-351.55	1.254845733	5	5
-351.3	1.247168209	5	5
-351.05	1.240317864	5	5
-350.8	1.234133925	5	5
-350.55	1.228329637	5	5
-350.3	1.222560077	5	5
-350.05	1.216499914	5	5
-349.8	1.209913477	5	5
-349.55	1.202702681	5	5
-349.3	1.194924187	5	5
-349.05	1.186774097	5	5
-348.8	1.178545192	5	5
-348.55	1.170567112	5	5
-348.3	1.163143009	5	5
-348.05	1.156496174	5	5
-347.8	1.150736745	5	5
-347.55	1.145852564	5	5
-347.3	1.141721485	5	5
-347.05	1.138137317	5	5
-346.8	1.13484013	5	5
-346.55	1.131544235	5	5
-346.3	1.127962188	5	5
-346.05	1.123827913	5	5
-345.8	1.118923639	5	5
-345.55	1.113112557	5	5
-345.3	1.106373155	5	5
-345.05	1.098824945	5	5
-344.8	1.090732731	5	5
-344.55	1.082479755	5	5
-344.3	1.074508942	5	5
-344.05	1.06724277	5	5
-343.8	1.061001359	5	5
-343.55	1.055941115	5	5
-343.3	1.052031003	5	5
-343.05	1.049072222	5	5
-342.8	1.046753917	5	5
-342.55	1.044727556	5	5
-342.3	1.042679165	5	5
-342.05	1.040382119	5	5
-341.8	1.037721581	5	5
-341.55	1.034691288	5	5
-341.3	1.031370719	5	5
-341.05	1.027893778	5	5
-340.8	1.024418858	5	5
-340.55	1.021105928	5	5
-340.3	1.018101466	5	5
-340.05	1.015528465	5	5
-339.8	1.013477734	5	5
-339.55	1.011998067	5	5
-339.3	1.011085686	5	5
-339.05	1.010676064	5	5
-338.8	1.01064257	5	5
-338.55	1.010805663	5	5
-338.3	1.010953919	5	5
-338.05	1.010874783	5	5
-337.8	1.010389939	5	5
-337.55	1.009388337	5	5
-337.3	1.00784982	5	5
-337.05	1.005853847	5	5
-336.8	1.003570574	5	5
-336.55	1.001235029	5	5
-336.3	0.999108528	5	5
-336.05	0.997434267	5	5
-335.8	0.996395413	5	5
-335.55	0.996083672	5	5
-335.3	0.996484184	5	5
-335.05	0.997479223	5	5
-334.8	0.998869483	5	5
-334.55	1.000408584	5	5
-334.3	1.001844484	5	5
-334.05	1.002960712	5	5
-333.8	1.003610649	5	5
-333.55	1.003739193	5	5
-333.3	1.003388026	5	5
-333.05	1.002683492	5	5
-332.8	1.00180946	5	5
-332.55	1.00097094	5	5
-332.3	1.000356481	5	5
-332.05	1.000107574	5	5
-331.8	1.00030113	5	5
-331.55	1.000947176	5	5
-331.3	1.001999766	5	5
-331.05	1.003376097	5	5
-330.8	1.004977924	5	5
-330.55	1.006710506	5	5
-330.3	1.008496436	5	5
-330.05	1.010283829	5	5
-329.8	1.012049497	5	5
-329.55	1.013797986	5	5
-329.3	1.015557037	5	5
-329.05	1.017369823	5	5
-328.8	1.019284488	5	5
-328.55	1.021342104	5	5
-328.3	1.023564754	5	5
-328.05	1.02594585	5	5
-327.8	1.028444753	5	5
-327.55	1.030987306	5	5
-327.3	1.033473101	5	5
-327.05	1.035789202	5	5
-326.8	1.037828859	5	5
-326.55	1.039512467	5	5
-326.3	1.040807089	5	5
-326.05	1.04174037	5	5
-325.8	1.042405031	5	5
-325.55	1.042951424	5	5
-325.3	1.043567866	5	5
-325.05	1.04445132	5	5
-324.8	1.045773745	5	5
-324.55	1.047651228	5	5
-324.3	1.050122917	5	5
-324.05	1.053144673	5	5
-323.8	1.056598621	5	5
-323.55	1.06031576	5	5
-323.3	1.06410579	5	5
-323.05	1.067787401	5	5
-322.8	1.071213341	5	5
-322.55	1.074287068	5	5
-322.3	1.076970269	5	5
-322.05	1.079282322	5	5
-321.8	1.081293363	5	5
-321.55	1.083112413	5	5
-321.3	1.084871516	5	5
-321.05	1.086706539	5	5
-320.8	1.088735483	5	5
-320.55	1.091035857	5	5
-320.3	1.093623898	5	5
-320.05	1.096439789	5	5
-319.8	1.099343994	5	5
-319.55	1.102129356	5	5
-319.3	1.104550964	5	5
-319.05	1.106370873	5	5
-318.8	1.107408976	5	5
-318.55	1.107587031	5	5
-318.3	1.106952602	5	5
-318.05	1.105674546	5	5
-317.8	1.104010334	5	5
-317.55	1.102254676	5	5
-317.3	1.100684591	5	5
-317.05	1.099515826	5	5
-316.8	1.098879777	5	5
-316.55	1.098821737	5	5
-316.3	1.099314345	5	5
-316.05	1.100277434	5	5
-315.8	1.101597153	5	5
-315.55	1.103141507	5	5
-315.3	1.104773131	5	5
-315.05	1.106361507	5	5
-314.8	1.107795578	5	5
-314.55	1.108995475	5	5
-314.3	1.109920557	5	5
-314.05	1.110571156	5	5
-313.8	1.110983097	5	5
-313.55	1.111216102	5	5
-313.3	1.111338695	5	5
-313.05	1.111412811	5	5
-312.8	1.111481242	5	5
-312.55	1.111560712	5	5
-312.3	1.111642589	5	5
-312.05	1.11170185	5	5
-311.8	1.111712592	5	5
-311.55	1.111665755	5	5
-311.3	1.111582849	5	5
-311.05	1.111519652	5	5
-310.8	1.111556588	5	5
-310.55	1.11177714	5	5
-310.3	1.112240484	5	5
-310.05	1.112957475	5	5
-309.8	1.113878748	5	5
-309.55	1.114900004	5	5
-309.3	1.115883867	5	5
-309.05	1.116692077	5	5
-308.8	1.117218486	5	5
-308.55	1.117413183	5	5
-308.3	1.117291253	5	5
-308.05	1.116924631	5	5
-307.8	1.116420622	5	5
-307.55	1.115894179	5	5
-307.3	1.115442046	5	5
-307.05	1.115125361	5	5
-306.8	1.114963976	5	5
-306.55	1.114941827	5	5
-306.3	1.115019499	5	5
-306.05	1.115148598	5	5
-305.8	1.115283037	5	5
-305.55	1.115384592	5	5
-305.3	1.115422882	5	5
-305.05	1.11537232	5	5
-304.8	1.115209376	5	5
-304.55	1.114912718	5	5
-304.3	1.114466809	5	5
-304.05	1.113867554	5	5
-303.8	1.113127388	5	5
-303.55	1.112277334	5	5
-303.3	1.111364704	5	5
-303.05	1.110446672	5	5
-302.8	1.109581239	5	5
-302.55	1.108817864	5	5
-302.3	1.10819013	5	5
-302.05	1.107712386	5	5
-301.8	1.10738146	5	5
-301.55	1.107183138	5	5
-301.3	1.107101475	5	5
-301.05	1.107127496	5	5
-300.8	1.107263305	5	5
-300.55	1.107518785	5	5
-300.3	1.107900876	5	5
-300.05	1.1083991	5	5
-299.8	1.108973713	5	5
-299.55	1.109552956	5	5
-299.3	1.110042793	5	5
-299.05	1.110347274	5	5
-298.8	1.11039273	5	5
-298.55	1.110147007	5	5
-298.3	1.10962702	5	5
-298.05	1.108893034	5	5
-297.8	1.108033616	5	5
-297.55	1.10714815	5	5
-297.3	1.106332897	5	5
-297.05	1.105672703	5	5
-296.8	1.105236183	5	5
-296.55	1.105070227	5	5
-296.3	1.105191018	5	5
-296.05	1.10557255	5	5
-295.8	1.106137416	5	5
-295.55	1.106756132	5	5
-295.3	1.107259372	5	5
-295.05	1.107462965	5	5
-294.8	1.107200518	5	5
-294.55	1.106355305	5	5
-294.3	1.104882974	5	5
-294.05	1.102819668	5	5
-293.8	1.100274801	5	5
-293.55	1.097412089	5	5
-293.3	1.094424902	5	5
-293.05	1.091511943	5	5
-292.8	1.088857178	5	5
-292.55	1.086615068	5	5
-292.3	1.084899943	5	5
-292.05	1.083777542	5	5
-291.8	1.083257648	5	5
-291.55	1.083288684	5	5
-291.3	1.083757046	5	5
-291.05	1.084494773	5	5
-290.8	1.085298124	5	5
-290.55	1.085956683	5	5
-290.3	1.086288622	5	5
-290.05	1.086174187	5	5
-289.8	1.085578177	5	5
-289.55	1.084554129	5	5
-289.3	1.083228113	5	5
-289.05	1.081766586	5	5
-288.8	1.080338016	5	5
-288.55	1.079079654	5	5
-288.3	1.078077981	5	5
-288.05	1.077365475	5	5
-287.8	1.07693016	5	5
-287.55	1.076730775	5	5
-287.3	1.076710725	5	5
-287.05	1.076807282	5	5
-286.8	1.076956603	5	5
-286.55	1.077097611	5	5
-286.3	1.077177507	5	5
-286.05	1.077159309	5	5
-285.8	1.077029068	5	5
-285.55	1.076799012	5	5
-285.3	1.076503695	5	5
-285.05	1.076188829	5	5
-284.8	1.07589557	5	5
-284.55	1.075645259	5	5
-284.3	1.075429948	5	5
-284.05	1.075212363	5	5
-283.8	1.074935882	5	5
-283.55	1.074541654	5	5
-283.3	1.073987512	5	5
-283.05	1.073262601	5	5
-282.8	1.072393083	5	5
-282.55	1.071437266	5	5
-282.3	1.070471999	5	5
-282.05	1.069574828	5	5
-281.8	1.068807305	5	5
-281.55	1.068203841	5	5
-281.3	1.067768177	5	5
-281.05	1.067477034	5	5
-280.8	1.067288716	5	5
-280.55	1.067153846	5	5
-280.3	1.067025838	5	5
-280.05	1.066869623	5	5
-279.8	1.066667909	5	5
-279.55	1.066424697	5	5
-279.3	1.066165773	5	5
-279.05	1.065935868	5	5
-278.8	1.065792289	5	5
-278.55	1.065795274	5	5
-278.3	1.06599612	5	5
-278.05	1.066424959	5	5
-277.8	1.067080827	5	5
-277.55	1.067926758	5	5
-277.3	1.068892037	5	5
-277.05	1.069882218	5	5
-276.8	1.070795478	5	5
-276.55	1.071541861	5	5
-276.3	1.072060783	5	5
-276.05	1.072332275	5	5
-275.8	1.072379067	5	5
-275.55	1.072259131	5	5
-275.3	1.072050942	5	5
-275.05	1.071835525	5	5
-274.8	1.071679717	5	5
-274.55	1.071624116	5	5
-274.3	1.071677472	5	5
-274.05	1.071817576	5	5
-273.8	1.071997702	5	5
-273.55	1.072157401	5	5
-273.3	1.072236447	5	5
-273.05	1.072190401	5	5
-272.8	1.07200515	5	5
-272.55	1.071706416	5	5
-272.3	1.071359653	5	5
-272.05	1.071057272	5	5
-271.8	1.070894075	5	5
-271.55	1.070937178	5	5
-271.3	1.071200862	5	5
-271.05	1.071637287	5	5
-270.8	1.072149219	5	5
-270.55	1.072622389	5	5
-270.3	1.072966158	5	5
-270.05	1.07314637	5	5
-269.8	1.073196275	5	5
-269.55	1.073199903	5	5
-269.3	1.073253792	5	5
-269.05	1.07342227	5	5
-268.8	1.073704581	5	5
-268.55	1.074027597	5	5
-268.3	1.074267773	5	5
-268.05	1.074294741	5	5
-267.8	1.074020912	5	5
-267.55	1.073439626	5	5
-267.3	1.072638876	5	5
-267.05	1.071786217	5	5
-266.8	1.071089807	5	5
-266.55	1.070747379	5	5
-266.3	1.070897502	5	5
-266.05	1.071585624	5	5
-265.8	1.072752352	5	5
-265.55	1.074245227	5	5
-265.3	1.075849657	5	5
-265.05	1.077331151	5	5
-264.8	1.078479719	5	5
-264.55	1.079148138	5	5
-264.3	1.079277792	5	5
-264.05	1.078908151	5	5
-263.8	1.078168294	5	5
-263.55	1.077251267	5	5
-263.3	1.076374835	5	5
-263.05	1.075735444	5	5
-262.8	1.075465178	5	5
-262.55	1.075602678	5	5
-262.3	1.076086982	5	5
-262.05	1.07677754	5	5
-261.8	1.077495638	5	5
-261.55	1.078075099	5	5
-261.3	1.078406472	5	5
-261.05	1.078460993	5	5
-260.8	1.078287836	5	5
-260.55	1.07798767	5	5
-260.3	1.077673648	5	5
-260.05	1.07743432	5	5
-259.8	1.07731083	5	5
-259.55	1.077294302	5	5
-259.3	1.077341575	5	5
-259.05	1.077401357	5	5
-258.8	1.077440396	5	5
-258.55	1.077460598	5	5
-258.3	1.07750202	5	5
-258.05	1.077631528	5	5
-257.8	1.077921271	5	5
-257.55	1.078423785	5	5
-257.3	1.079151483	5	5
-257.05	1.080067148	5	5
-256.8	1.081089174	5	5
-256.55	1.082111025	5	5
-256.3	1.083029802	5	5
-256.05	1.083775364	5	5
-255.8	1.084330623	5	5
-255.55	1.084736096	5	5
-255.3	1.085076956	5	5
-255.05	1.085456704	5	5
-254.8	1.08596606	5	5
-254.55	1.086656853	5	5
-254.3	1.08752854	5	5
-254.05	1.08853039	5	5
-253.8	1.089577404	5	5
-253.55	1.090574327	5	5
-253.3	1.091440608	5	5
-253.05	1.092129794	5	5
-252.8	1.092638979	5	5
-252.55	1.093006716	5	5
-252.3	1.093300682	5	5
-252.05	1.093598774	5	5
-251.8	1.093968957	5	5
-251.55	1.094453537	5	5
-251.3	1.095062366	5	5
-251.05	1.095776852	5	5
-250.8	1.096563119	5	5
-250.55	1.097389398	5	5
-250.3	1.0982411	5	5
-250.05	1.099127702	5	5
-249.8	1.100078712	5	5
-249.55	1.101130323	5	5
-249.3	1.102308164	5	5
-249.05	1.103613165	5	5
-248.8	1.10501619	5	5
-248.55	1.106463378	5	5
-248.3	1.107889719	5	5
-248.05	1.109235345	5	5
-247.8	1.110458539	5	5
-247.55	1.111541634	5	5
-247.3	1.112489445	5	5
-247.05	1.113322907	5	5
-246.8	1.114071677	5	5
-246.55	1.114768358	5	5
-246.3	1.115444721	5	5
-246.05	1.116128425	5	5
-245.8	1.116838621	5	5
-245.55	1.117580585	5	5
-245.3	1.118341919	5	5
-245.05	1.119094105	5	5
-244.8	1.119801799	5	5
-244.55	1.120438584	5	5
-244.3	1.121003503	5	5
-244.05	1.121530362	5	5
-243.8	1.122083201	5	5
-243.55	1.122736539	5	5
-243.3	1.123545901	5	5
-243.05	1.124519501	5	5
-242.8	1.125603077	5	5
-242.55	1.12668596	5	5
-242.3	1.127628807	5	5
-242.05	1.128305216	5	5
-241.8	1.128643798	5	5
-241.55	1.128656517	5	5
-241.3	1.128443269	5	5
-241.05	1.128170329	5	5
-240.8	1.128028592	5	5
-240.55	1.128183785	5	5
-240.3	1.128733079	5	5
-240.05	1.129680345	5	5
-239.8	1.130936511	5	5
-239.55	1.132344263	5	5
-239.3	1.13371968	5	5
-239.05	1.134899425	5	5
-238.8	1.135781381	5	5
-238.55	1.136349083	5	5
-238.3	1.136674809	5	5
-238.05	1.136901382	5	5
-237.8	1.13720749	5	5
-237.55	1.137764715	5	5
-237.3	1.138696142	5	5
-237.05	1.140046014	5	5
-236.8	1.141767532	5	5
-236.55	1.143731718	5	5
-236.3	1.145755221	5	5
-236.05	1.147640179	5	5
-235.8	1.149216208	5	5
-235.55	1.150374263	5	5
-235.3	1.151084626	5	5
-235.05	1.15139577	5	5
-234.8	1.151415926	5	5
-234.55	1.151283244	5	5
-234.3	1.151132594	5	5
-234.05	1.151066928	5	5
-233.8	1.151139294	5	5
-233.55	1.151348647	5	5
-233.3	1.151649363	5	5
-233.05	1.15197141	5	5
-232.8	1.152245834	5	5
-232.55	1.152429009	5	5
-232.3	1.152519267	5	5
-232.05	1.152561206	5	5
-231.8	1.152636111	5	5
-231.55	1.152840685	5	5
-231.3	1.153259829	5	5
-231.05	1.15394114	5	5
-230.8	1.154878477	5	5
-230.55	1.156009244	5	5
-230.3	1.157225865	5	5
-230.05	1.158397697	5	5
-229.8	1.159396952	5	5
-229.55	1.160121779	5	5
-229.3	1.16051159	5	5
-229.05	1.16055281	5	5
-228.8	1.160276246	5	5
-228.55	1.159749055	5	5
-228.3	1.159064399	5	5
-228.05	1.158330852	5	5
-227.8	1.157662193	5	5
-227.55	1.157167379	5	5
-227.3	1.156940453	5	5
-227.05	1.157050865	5	5
-226.8	1.157535515	5	5
-226.55	1.158394181	5	5
-226.3	1.159589646	5	5
-226.05	1.161052761	5	5
-225.8	1.162691447	5	5
-225.55	1.164401748	5	5
-225.3	1.16607885	5	5
-225.05	1.167626555	5	5
-224.8	1.16896467	5	5
-224.55	1.170034569	5	5
-224.3	1.170803452	5	5
-224.05	1.171267391	5	5
-223.8	1.171452566	5	5
-223.55	1.171413583	5	5
-223.3	1.171228053	5	5
-223.05	1.170987531	5	5
-222.8	1.170786192	5	5
-222.55	1.170709487	5	5
-222.3	1.170825047	5	5
-222.05	1.171177256	5	5
-221.8	1.171785641	5	5
-221.55	1.172646177	5	5
-221.3	1.173734148	5	5
-221.05	1.1750075	5	5
-220.8	1.176410257	5	5
-220.55	1.177876225	5	5
-220.3	1.179333502	5	5
-220.05	1.180710245	5	5
-219.8	1.181941651	5	5
-219.55	1.182977505	5	5
-219.3	1.183789072	5	5
-219.05	1.184373862	5	5
-218.8	1.18475697	5	5
-218.55	1.184988328	5	5
-218.3	1.185136054	5	5
-218.05	1.185276813	5	5
-217.8	1.185484544	5	5
-217.55	1.185819027	5	5
-217.3	1.186315807	5	5
-217.05	1.18697921	5	5
-216.8	1.187780391	5	5
-216.55	1.188662201	5	5
-216.3	1.189551585	5	5
-216.05	1.19037816	5	5
-215.8	1.191094929	5	5
-215.55	1.191695072	5	5
-215.3	1.19221847	5	5
-215.05	1.192743909	5	5
-214.8	1.193367272	5	5
-214.55	1.194171181	5	5
-214.3	1.195195249	5	5
-214.05	1.196416896	5	5
-213.8	1.197749746	5	5
-213.55	1.199061098	5	5
-213.3	1.200203727	5	5
-213.05	1.201052804	5	5
-212.8	1.201537366	5	5
-212.55	1.201657911	5	5
-212.3	1.2014861	5	5
-212.05	1.201147599	5	5
-211.8	1.20079327	5	5
-211.55	1.200566263	5	5
-211.3	1.200572919	5	5
-211.05	1.200863971	5	5
-210.8	1.201429732	5	5
-210.55	1.202209461	5	5
-210.3	1.203111549	5	5
-210.05	1.204038626	5	5
-209.8	1.204910799	5	5
-209.55	1.20568138	5	5
-209.3	1.206342103	5	5
-209.05	1.20691803	5	5
-208.8	1.207454985	5	5
-208.55	1.208003736	5	5
-208.3	1.208605134	5	5
-208.05	1.209279469	5	5
-207.8	1.210021886	5	5
-207.55	1.210804312	5	5
-207.3	1.211583094	5	5
-207.05	1.212310568	5	5
-206.8	1.212947966	5	5
-206.55	1.213476737	5	5
-206.3	1.213905425	5	5
-206.05	1.214270133	5	5
-205.8	1.214628002	5	5
-205.55	1.215044976	5	5
-205.3	1.215580783	5	5
-205.05	1.216275034	5	5
-204.8	1.217138181	5	5
-204.55	1.218149757	5	5
-204.3	1.219264189	5	5
-204.05	1.220422345	5	5
-203.8	1.221565409	5	5
-203.55	1.222647352	5	5
-203.3	1.223643069	5	5
-203.05	1.224550822	5	5
-202.8	1.225389331	5	5
-202.55	1.226191085	5	5
-202.3	1.226993853	5	5
-202.05	1.227832105	5	5
-201.8	1.22872951	5	5
-201.55	1.229693306	5	5
-201.3	1.230711366	5	5
-201.05	1.231753069	5	5
-200.8	1.232774935	5	5
-200.55	1.233731099	5	5
-200.3	1.234586933	5	5
-200.05	1.235332183	5	5
-199.8	1.235988977	5	5
-199.55	1.236610836	5	5
-199.3	1.237271538	5	5
-199.05	1.238046322	5	5
-198.8	1.238991035	5	5
-198.55	1.240125814	5	5
-198.3	1.241428474	5	5
-198.05	1.242839389	5	5
-197.8	1.244275916	5	5
-197.55	1.245651688	5	5
-197.3	1.246895278	5	5
-197.05	1.247963589	5	5
-196.8	1.248847363	5	5
-196.55	1.249568424	5	5
-196.3	1.250170283	5	5
-196.05	1.250705149	5	5
-195.8	1.251221029	5	5
-195.55	1.251752373	5	5
-195.3	1.252316496	5	5
-195.05	1.252916036	5	5
-194.8	1.253545644	5	5
-194.55	1.254199759	5	5
-194.3	1.25487831	5	5
-194.05	1.255588493	5	5
-193.8	1.25634279	5	5
-193.55	1.257155027	5	5
-193.3	1.258036799	5	5
-193.05	1.258995779	5	5
-192.8	1.260035921	5	5
-192.55	1.261158288	5	5
-192.3	1.262360975	5	5
-192.05	1.263637525	5	5
-191.8	1.264974655	5	5
-191.55	1.266351138	5	5
-191.3	1.267739534	5	5
-191.05	1.269111033	5	5
-190.8	1.270441876	5	5
-190.55	1.271718582	5	5
-190.3	1.27293946	5	5
-190.05	1.274111547	5	5
-189.8	1.275244286	5	5
-189.55	1.27634281	5	5
-189.3	1.27740367	5	5
-189.05	1.278414483	5	5
-188.8	1.279357029	5	5
-188.55	1.280211996	5	5
-188.3	1.280963542	5	5
-188.05	1.28160276	5	5
-187.8	1.282130175	5	5
-187.55	1.282557738	5	5
-187.3	1.282910057	5	5
-187.05	1.283223603	5	5
-186.8	1.28354229	5	5
-186.55	1.283908847	5	5
-186.3	1.284353593	5	5
-186.05	1.28488444	5	5
-185.8	1.285482713	5	5
-185.55	1.286107827	5	5
-185.3	1.286710405	5	5
-185.05	1.287249477	5	5
-184.8	1.287707121	5	5
-184.55	1.288094508	5	5
-184.3	1.288446773	5	5
-184.05	1.288808882	5	5
-183.8	1.28921844	5	5
-183.55	1.289692437	5	5
-183.3	1.290222935	5	5
-183.05	1.29078275	5	5
-182.8	1.291338158	5	5
-182.55	1.291863327	5	5
-182.3	1.292351118	5	5
-182.05	1.292816857	5	5
-181.8	1.293294408	5	5
-181.55	1.293826354	5	5
-181.3	1.29445156	5	5
-181.05	1.295193714	5	5
-180.8	1.296053909	5	5
-180.55	1.297009163	5	5
-180.3	1.298017327	5	5
-180.05	1.299027247	5	5
-179.8	1.299991656	5	5
-179.55	1.300879329	5	5
-179.3	1.301683005	5	5
-179.05	1.302420616	5	5
-178.8	1.303129214	5	5
-178.55	1.303853267	5	5
-178.3	1.304630767	5	5
-178.05	1.305481391	5	5
-177.8	1.306400294	5	5
-177.55	1.307359298	5	5
-177.3	1.308314801	5	5
-177.05	1.309219564	5	5
-176.8	1.310034393	5	5
-176.55	1.310736091	5	5
-176.3	1.311319693	5	5
-176.05	1.311795331	5	5
-175.8	1.312182014	5	5
-175.55	1.312501407	5	5
-175.3	1.31277401	5	5
-175.05	1.313018477	5	5
-174.8	1.313253024	5	5
-174.55	1.313496936	5	5
-174.3	1.313770378	5	5
-174.05	1.314091931	5	5
-173.8	1.31447462	5	5
-173.55	1.314922219	5	5
-173.3	1.315427683	5	5
-173.05	1.315974902	5	5
-172.8	1.316543725	5	5
-172.55	1.317116835	5	5
-172.3	1.317685978	5	5
-172.05	1.318254764	5	5
-171.8	1.318836098	5	5
-171.55	1.319444284	5	5
-171.3	1.320084393	5	5
-171.05	1.320743367	5	5
-170.8	1.321387612	5	5
-170.55	1.32196981	5	5
-170.3	1.322444153	5	5
-170.05	1.3227854	5	5
-169.8	1.323004959	5	5
-169.55	1.323157506	5	5
-169.3	1.323334585	5	5
-169.05	1.323646022	5	5
-168.8	1.324194178	5	5
-168.55	1.325048537	5	5
-168.3	1.32622803	5	5
-168.05	1.327695884	5	5
-167.8	1.329367833	5	5
-167.55	1.33113044	5	5
-167.3	1.332863642	5	5
-167.05	1.334461125	5	5
-166.8	1.33584369	5	5
-166.55	1.336963741	5	5
-166.3	1.337802084	5	5
-166.05	1.338360428	5	5
-165.8	1.338653667	5	5
-165.55	1.338705095	5	5
-165.3	1.338545774	5	5
-165.05	1.338217064	5	5
-164.8	1.337773744	5	5
-164.55	1.337284687	5	5
-164.3	1.33682896	5	5
-164.05	1.336487042	5	5
-163.8	1.336328873	5	5
-163.55	1.336401933	5	5
-163.3	1.336722876	5	5
-163.05	1.337275364	5	5
-162.8	1.338014951	5	5
-162.55	1.338879856	5	5
-162.3	1.339804776	5	5
-162.05	1.340734109	5	5
-161.8	1.341631157	5	5
-161.55	1.342481127	5	5
-161.3	1.343287614	5	5
-161.05	1.344064277	5	5
-160.8	1.344825021	5	5
-160.55	1.345576456	5	5
-160.3	1.346315489	5	5
-160.05	1.347032747	5	5
-159.8	1.347719997	5	5
-159.55	1.348377819	5	5
-159.3	1.349019548	5	5
-159.05	1.349669008	5	5
-158.8	1.350352258	5	5
-158.55	1.351086243	5	5
-158.3	1.351868618	5	5
-158.05	1.352672746	5	5
-157.8	1.353450135	5	5
-157.55	1.354140248	5	5
-157.3	1.354685626	5	5
-157.05	1.355048965	5	5
-156.8	1.355228263	5	5
-156.55	1.355266134	5	5
-156.3	1.355249941	5	5
-156.05	1.355300707	5	5
-155.8	1.355551123	5	5
-155.55	1.356116209	5	5
-155.3	1.357063391	5	5
-155.05	1.358390568	5	5
-154.8	1.360019832	5	5
-154.55	1.361810634	5	5
-154.3	1.363590234	5	5
-154.05	1.365193521	5	5
-153.8	1.366500934	5	5
-153.55	1.367463789	5	5
-153.3	1.368110613	5	5
-153.05	1.368534356	5	5
-152.8	1.368866096	5	5
-152.55	1.36924396	5	5
-152.3	1.369785691	5	5
-152.05	1.370570381	5	5
-151.8	1.371631042	5	5
-151.55	1.372956651	5	5
-151.3	1.374500903	5	5
-151.05	1.376194862	5	5
-150.8	1.377961194	5	5
-150.55	1.379727915	5	5
-150.3	1.3814395	5	5
-150.05	1.383063319	5	5
-149.8	1.384590293	5	5
-149.55	1.386030433	5	5
-149.3	1.387405767	5	5
-149.05	1.388743914	5	5
-148.8	1.390074642	5	5
-148.55	1.391429406	5	5
-148.3	1.39284161	5	5
-148.05	1.394344557	5	5
-147.8	1.395965448	5	5
-147.55	1.397716635	5	5
-147.3	1.399587909	5	5
-147.05	1.401544371	5	5
-146.8	1.403532675	5	5
-146.55	1.405495134	5	5
-146.3	1.407387647	5	5
-146.05	1.409195436	5	5
-145.8	1.410940825	5	5
-145.55	1.412679743	5	5
-145.3	1.414487337	5	5
-145.05	1.416436879	5	5
-144.8	1.418578613	5	5
-144.55	1.420925393	5	5
-144.3	1.423449634	5	5
-144.05	1.426091952	5	5
-143.8	1.428777617	5	5
-143.55	1.431434367	5	5
-143.3	1.434005328	5	5
-143.05	1.436453632	5	5
-142.8	1.438759279	5	5
-142.55	1.440912066	5	5
-142.3	1.442905473	5	5
-142.05	1.444735162	5	5
-141.8	1.446402854	5	5
-141.55	1.447923404	5	5
-141.3	1.449330972	5	5
-141.05	1.450680229	5	5
-140.8	1.45204026	5	5
-140.55	1.45348178	5	5
-140.3	1.455061186	5	5
-140.05	1.456806778	5	5
-139.8	1.458712321	5	5
-139.55	1.460740805	5	5
-139.3	1.462837576	5	5
-139.05	1.464948275	5	5
-138.8	1.467034919	5	5
-138.55	1.469084126	5	5
-138.3	1.471104943	5	5
-138.05	1.473118835	5	5
-137.8	1.475148864	5	5
-137.55	1.477216521	5	5
-137.3	1.479351709	5	5
-137.05	1.481614307	5	5
-136.8	1.484117364	5	5
-136.55	1.4870361	5	5
-136.3	1.490587666	5	5
-136.05	1.494975509	5	5
-135.8	1.50030732	5	5
-135.55	1.506511246	5	5
-135.3	1.513284055	5	5
-135.05	1.520101473	5	5
-134.8	1.526303878	5	5
-134.55	1.531244861	5	5
-134.3	1.534465136	5	5
-134.05	1.535839989	5	5
-133.8	1.535651286	5	5
-133.55	1.53455495	5	5
-133.3	1.533445219	5	5
-133.05	1.533247865	5	5
-132.8	1.534696075	5	5
-132.55	1.538148751	5	5
-132.3	1.543500376	5	5
-132.05	1.5502077	5	5
-131.8	1.557427849	5	5
-131.55	1.564232721	5	5
-131.3	1.569843485	5	5
-131.05	1.573822616	5	5
-130.8	1.576171702	5	5
-130.55	1.577309276	5	5
-130.3	1.577937123	5	5
-130.05	1.578835697	5	5
-129.8	1.58064918	5	5
-129.55	1.583721899	5	5
-129.3	1.588030071	5	5
-129.05	1.593222307	5	5
-128.8	1.598749266	5	5
-128.55	1.604037879	5	5
-128.3	1.608655804	5	5
-128.05	1.612419142	5	5
-127.8	1.615417359	5	5
-127.55	1.617956277	5	5
-127.3	1.620444495	5	5
-127.05	1.623263382	5	5
-126.8	1.626662015	5	5
-126.55	1.630706709	5	5
-126.3	1.635294308	5	5
-126.05	1.640216499	5	5
-125.8	1.645246337	5	5
-125.55	1.650213307	5	5
-125.3	1.65504098	5	5
-125.05	1.659738074	5	5
-124.8	1.664352937	5	5
-124.55	1.66891537	5	5
-124.3	1.673393129	5	5
-124.05	1.677682713	5	5
-123.8	1.681638895	5	5
-123.55	1.685131572	5	5
-123.3	1.688108197	5	5
-123.05	1.690638586	5	5
-122.8	1.692925837	5	5
-122.55	1.695278792	5	5
-122.3	1.698053304	5	5
-122.05	1.701577856	5	5
-121.8	1.706082172	5	5
-121.55	1.71164562	5	5
-121.3	1.718176734	5	5
-121.05	1.725427829	5	5
-120.8	1.733040954	5	5
-120.55	1.740614716	5	5
-120.3	1.747777153	5	5
-120.05	1.754248763	5	5
-119.8	1.759882584	5	5
-119.55	1.764674227	5	5
-119.3	1.768742567	5	5
-119.05	1.772289025	5	5
-118.8	1.775547929	5	5
-118.55	1.778740969	5	5
-118.3	1.78204537	5	5
-118.05	1.785579753	5	5
-117.8	1.78940586	5	5
-117.55	1.793540456	5	5
-117.3	1.797970604	5	5
-117.05	1.802666872	5	5
-116.8	1.807591598	5	5
-116.55	1.812702041	5	5
-116.3	1.8179502	5	5
-116.05	1.823282012	5	5
-115.8	1.828638604	5	5
-115.55	1.83396136	5	5
-115.3	1.839200889	5	5
-115.05	1.844328054	5	5
-114.8	1.84934363	5	5
-114.55	1.854282689	5	5
-114.3	1.859210873	5	5
-114.05	1.864212165	5	5
-113.8	1.869370649	5	5
-113.55	1.874751071	5	5
-113.3	1.880383759	5	5
-113.05	1.886258281	5	5
-112.8	1.89232761	5	5
-112.55	1.898521359	5	5
-112.3	1.904764002	5	5
-112.05	1.910992681	5	5
-111.8	1.917169648	5	5
-111.55	1.92328624	5	5
-111.3	1.929357969	5	5
-111.05	1.935412871	5	5
-110.8	1.941477068	5	5
-110.55	1.947562076	5	5
-110.3	1.953657728	5	5
-110.05	1.959732972	5	5
-109.8	1.965744597	5	5
-109.55	1.971651614	5	5
-109.3	1.977431116	5	5
-109.05	1.983090494	5	5
-108.8	1.988671462	5	5
-108.55	1.994243588	5	5
-108.3	1.999888455	5	5
-108.05	2.005679104	5	5
-107.8	2.011661555	5	5
-107.55	2.017844797	5	5
-107.3	2.024202626	5	5
-107.05	2.03068612	5	5
-106.8	2.037241375	5	5
-106.55	2.043825278	5	5
-106.3	2.0504134	5	5
-106.05	2.056998008	5	5
-105.8	2.063578797	5	5
-105.55	2.070152146	5	5
-105.3	2.076704968	5	5
-105.05	2.083216663	5	5
-104.8	2.089668474	5	5
-104.55	2.096055966	5	5
-104.3	2.102398806	5	5
-104.05	2.108743325	5	5
-103.8	2.115156501	5	5
-103.55	2.121713598	5	5
-103.3	2.128483887	5	5
-103.05	2.135519013	5	5
-102.8	2.142846716	5	5
-102.55	2.150470108	5	5
-102.3	2.158370713	5	5
-102.05	2.166512988	5	5
-101.8	2.174848917	5	5
-101.55	2.183322659	5	5
-101.3	2.191876203	5	5
-101.05	2.200456778	5	5
-100.8	2.209025575	5	5
-100.55	2.217565965	5	5
-100.3	2.226088558	5	5
-100.05	2.234630793	5	5
-99.8	2.24325	5	5
-99.55	2.252010562	5	5
-99.3	2.260967312	5	5
-99.05	2.270148339	5	5
-98.8	2.279540899	5	5
-98.55	2.289084153	5	5
-98.3	2.298671811	5	5
-98.05	2.308166144	5	5
-97.8	2.317422236	5	5
-97.55	2.326318164	5	5
-97.3	2.334784217	5	5
-97.05	2.342823394	5	5
-96.8	2.350517093	5	5
-96.55	2.35801391	5	5
-96.3	2.365504454	5	5
-96.05	2.373189219	5	5
-95.8	2.381248172	5	5
-95.55	2.389819095	5	5
-95.3	2.398987758	5	5
-95.05	2.408788498	5	5
-94.8	2.419210873	5	5
-94.55	2.430207818	5	5
-94.3	2.441702864	5	5
-94.05	2.45359667	5	5
-93.8	2.465774612	5	5
-93.55	2.478116623	5	5
-93.3	2.490508537	5	5
-93.05	2.502852531	5	5
-92.8	2.515074153	5	5
-92.55	2.527124939	5	5
-92.3	2.538981611	5	5
-92.05	2.550643715	5	5
-91.8	2.562130962	5	5
-91.55	2.573479997	5	5
-91.3	2.58473942	5	5
-91.05	2.595962446	5	5
-90.8	2.607198291	5	5
-90.55	2.618484957	5	5
-90.3	2.62984618	5	5
-90.05	2.641293739	5	5
-89.8	2.652833927	5	5
-89.55	2.664475286	5	5
-89.3	2.676234525	5	5
-89.05	2.68813884	5	5
-88.8	2.700224516	5	5
-88.55	2.712532803	5	5
-88.3	2.725104211	5	5
-88.05	2.737971984	5	5
-87.8	2.751155315	5	5
-87.55	2.764653287	5	5
-87.3	2.778441236	5	5
-87.05	2.792471507	5	5
-86.8	2.806679793	5	5
-86.55	2.820996361	5	5
-86.3	2.835359332	5	5
-86.05	2.849725822	5	5
-85.8	2.864077198	5	5
-85.55	2.878416835	5	5
-85.3	2.892761736	5	5
-85.05	2.907131799	5	5
-84.8	2.921541206	5	5
-84.55	2.935995111	5	5
-84.3	2.950492277	5	5
-84.05	2.965031726	5	5
-83.8	2.979620105	5	5
-83.55	2.994276625	5	5
-83.3	3.009033804	5	5
-83.05	3.023934049	5	5
-82.8	3.039023465	5	5
-82.55	3.054344861	5	5
-82.3	3.06993173	5	5
-82.05	3.085804271	5	5
-81.8	3.101967708	5	5
-81.55	3.118412537	5	5
-81.3	3.135116056	5	5
-81.05	3.152044697	5	5
-80.8	3.169157203	5	5
-80.55	3.186409047	5	5
-80.3	3.203758497	5	5
-80.05	3.221173983	5	5
-79.8	3.23864131	5	5
-79.55	3.256168355	5	5
-79.3	3.273784923	5	5
-79.05	3.291536704	5	5
-78.8	3.30947438	5	5
-78.55	3.327640899	5	5
-78.3	3.34606081	5	5
-78.05	3.364734915	5	5
-77.8	3.38364161	5	5
-77.55	3.402744098	5	5
-77.3	3.422001013	5	5
-77.05	3.441377369	5	5
-76.8	3.460853202	5	5
-76.55	3.48042826	5	5
-76.3	3.50012232	5	5
-76.05	3.519971783	5	5
-75.8	3.540023894	5	5
-75.55	3.560330236	5	5
-75.3	3.58094099	5	5
-75.05	3.601900922	5	5
-74.8	3.623247391	5	5
-74.55	3.645010118	5	5
-74.3	3.667212076	5	5
-74.05	3.68987073	5	5
-73.8	3.712998718	5	5
-73.55	3.736603025	5	5
-73.3	3.760681954	5	5
-73.05	3.785219943	5	5
-72.8	3.810181677	5	5
-72.55	3.835508284	5	5
-72.3	3.861119003	5	5
-72.05	3.886920629	5	5
-71.8	3.912824384	5	5
-71.55	3.938766559	5	5
-71.3	3.964726819	5	5
-71.05	3.990737748	5	5
-70.8	4.0168814	5	5
-70.55	4.043272441	5	5
-70.3	4.070031709	5	5
-70.05	4.097257041	5	5
-69.8	4.124999372	5	5
-69.55	4.153250871	5	5
-69.3	4.181948668	5	5
-69.05	4.210993267	5	5
-68.8	4.240276346	5	5
-68.55	4.269709805	5	5
-68.3	4.29924773	5	5
-68.05	4.328895723	5	5
-67.8	4.358706556	5	5
-67.55	4.388765671	5	5
-67.3	4.419172583	5	5
-67.05	4.450024172	5	5
-66.8	4.481403403	5	5
-66.55	4.51337385	5	5
-66.3	4.545977929	5	5
-66.05	4.579236006	5	5
-65.8	4.613144422	5	5
-65.55	4.647672181	5	5
-65.3	4.682757701	5	5
-65.05	4.718307847	5	5
-64.8	4.754201455	5	5
-64.55	4.790298819	5	5
-64.3	4.826457559	5	5
-64.05	4.862554004	5	5
-63.8	4.898507816	5	5
-63.55	4.934306043	5	5
-63.3	4.97002135	5	5
-63.05	5.005818416	5	5
-62.8	5.04194305	5	5
-62.55	5.078690906	5	5
-62.3	5.116356915	5	5
-62.05	5.155172095	5	5
-61.8	5.195239915	5	5
-61.55	5.236488276	5	5
-61.3	5.278653402	5	5
-61.05	5.321307416	5	5
-60.8	5.363931894	5	5
-60.55	5.406027168	5	5
-60.3	5.447234964	5	5
-60.05	5.487444218	5	5
-59.8	5.526850231	5	5
-59.55	5.565946527	5	5
-59.3	5.60544505	5	5
-59.05	5.646139084	5	5
-58.8	5.688738814	5	5
-58.55	5.733717433	5	5
-58.3	5.781203885	5	5
-58.05	5.830947684	5	5
-57.8	5.882364801	5	5
-57.55	5.934655492	5	5
-57.3	5.986969134	5	5
-57.05	6.038580832	5	5
-56.8	6.089041717	5	5
-56.55	6.138270103	5	5
-56.3	6.186563361	5	5
-56.05	6.234527973	5	5
-55.8	6.282944012	5	5
-55.55	6.332595568	5	5
-55.3	6.38410625	5	5
-55.05	6.437816664	5	5
-54.8	6.493729314	5	5
-54.55	6.551529211	5	5
-54.3	6.610670526	5	5
-54.05	6.670505675	5	5
-53.8	6.730426247	5	5
-53.55	6.789985776	5	5
-53.3	6.848981184	5	5
-53.05	6.907480266	5	5
-52.8	6.965794322	5	5
-52.55	7.024405631	5	5
-52.3	7.083867399	5	5
-52.05	7.144697779	5	5
-51.8	7.207289204	5	5
-51.55	7.271849565	5	5
-51.3	7.338383896	5	5
-51.05	7.406715976	5	5
-50.8	7.476540987	5	5
-50.55	7.547495033	5	5
-50.3	7.619226181	5	5
-50.05	7.691454224	5	5
-49.8	7.764011276	5	5
-49.55	7.836860489	5	5
-49.3	7.910093947	5	5
-49.05	7.983912698	5	5
-48.8	8.058592423	5	5
-48.55	8.134438602	5	5
-48.3	8.211736282	5	5
-48.05	8.290701579	5	5
-47.8	8.371444043	5	5
-47.55	8.453949125	5	5
-47.3	8.538087262	5	5
-47.05	8.623650251	5	5
-46.8	8.710408099	5	5
-46.55	8.798172933	5	5
-46.3	8.88685322	5	5
-46.05	8.976483205	5	5
-45.8	9.067218795	5	5
-45.55	9.159300445	5	5
-45.3	9.252992974	5	5
-45.05	9.348518793	5	5
-44.8	9.446002843	5	5
-44.55	9.545444106	5	5
-44.3	9.646720927	5	5
-44.05	9.74962783	5	5
-43.8	9.853932584	5	5
-43.55	9.959436472	5	5
-43.3	10.06601977	5	5
-43.05	10.17365877	5	5
-42.8	10.28240943	5	5
-42.55	10.39236393	5	5
-42.3	10.50359599	5	5
-42.05	10.61611627	5	5
-41.8	10.72985678	5	5
-41.55	10.844694	5	5
-41.3	10.96050622	5	5
-41.05	11.07724721	5	5
-40.8	11.19501008	5	5
-40.55	11.3140568	5	5
-40.3	11.43479868	5	5
-40.05	11.55772901	5	5
-39.8	11.68332419	5	5
-39.55	11.81193996	5	5
-39.3	11.94373073	5	5
-39.05	12.07861353	5	5
-38.8	12.21628571	5	5
-38.55	12.35629182	5	5
-38.3	12.4981237	5	5
-38.05	12.64133084	5	5
-37.8	12.78561732	5	5
-37.55	12.93090531	5	5
-37.3	13.07735296	5	5
-37.05	13.2253234	5	5
-36.8	13.37531112	5	5
-36.55	13.52783982	5	5
-36.3	13.68335119	5	5
-36.05	13.84210711	5	5
-35.8	14.00412605	5	5
-35.55	14.1691692	5	5
-35.3	14.33678278	5	5
-35.05	14.50639049	5	5
-34.8	14.67741854	5	5
-34.55	14.84942552	5	5
-34.3	15.02220653	5	5
-34.05	15.19584503	5	5
-33.8	15.37069803	5	5
-33.55	15.54731705	5	5
-33.3	15.72632477	5	5
-33.05	15.90827907	5	5
-32.8	16.09356021	5	5
-32.55	16.28230968	5	5
-32.3	16.47443441	5	5
-32.05	16.66967111	5	5
-31.8	16.86768883	5	5
-31.55	17.06819792	5	5
-31.3	17.27103404	5	5
-31.05	17.47619559	5	5
-30.8	17.6838293	5	5
-30.55	17.89417497	5	5
-30.3	18.10749234	5	5
-30.05	18.32399579	5	5
-29.8	18.54381622	5	5
-29.55	18.76699727	5	5
-29.3	18.99351973	5	5
-29.05	19.22333915	5	5
-28.8	19.45642011	5	5
-28.55	19.69275534	5	5
-28.3	19.93236714	5	5
-28.05	20.17529614	5	5
-27.8	20.42158707	5	5
-27.55	20.6712803	5	5
-27.3	20.92441299	5	5
-27.05	21.18102803	5	5
-26.8	21.44118479	5	5
-26.55	21.70496438	5	5
-26.3	21.97246515	5	5
-26.05	22.24378829	5	5
-25.8	22.51901837	5	5
-25.55	22.79820596	5	5
-25.3	23.08135926	5	5
-25.05	23.36844814	5	5
-24.8	23.65941927	5	5
-24.55	23.95421622	5	5
-24.3	24.25279711	5	5
-24.05	24.5551434	5	5
-23.8	24.86125816	5	5
-23.55	25.17115717	5	5
-23.3	25.48485951	5	5
-23.05	25.80238428	5	5
-22.8	26.12375593	5	5
-22.55	26.44901516	5	5
-22.3	26.77822792	5	5
-22.05	27.11148429	5	5
-21.8	27.44888335	5	5
-21.55	27.79050682	5	5
-21.3	28.13639115	5	5
-21.05	28.48651072	5	5
-20.8	28.84078215	5	5
-20.55	29.19909248	5	5
-20.3	29.56134401	5	5
-20.05	29.92750126	5	5
-19.8	30.29762271	5	5
-19.55	30.67186411	5	5
-19.3	31.05044933	5	5
-19.05	31.43361583	5	5
-18.8	31.82155075	5	5
-18.55	32.21433654	5	5
-18.3	32.6119218	5	5
-18.05	33.01412384	5	5
-17.8	33.42065891	5	5
-17.55	33.83118762	5	5
-17.3	34.2453598	5	5
-17.05	34.66284561	5	5
-16.8	35.08334643	5	5
-16.55	35.50658722	5	5
-16.3	35.93229792	5	5
-16.05	36.36019428	5	5
-15.8	36.78996683	5	5
-15.55	37.22128212	5	5
-15.3	37.65379538	5	5
-15.05	38.08716905	5	5
-14.8	38.5210902	5	5
-14.55	38.95528074	5	5
-14.3	39.38949823	5	5
-14.05	39.82352883	5	5
-13.8	40.25717725	5	5
-13.55	40.69025899	5	5
-13.3	41.12259784	5	5
-13.05	41.55402785	5	5
-12.8	41.98439572	5	5
-12.55	42.41355858	5	5
-12.3	42.84137379	5	5
-12.05	43.26768177	5	5
-11.8	43.69228661	5	5
-11.55	44.1149422	5	5
-11.3	44.5353502	5	5
-11.05	44.95317332	5	5
-10.8	45.36806162	5	5
-10.55	45.77968526	5	5
-10.3	46.18776449	5	5
-10.05	46.59208837	5	5
-9.8	46.99251681	5	5
-9.55	47.38896549	5	5
-9.3	47.78137791	5	5
-9.05	48.16969242	5	5
-8.8	48.55381304	5	5
-8.55	48.93359182	5	5
-8.3	49.3088271	5	5
-8.05	49.67927784	5	5
-7.8	50.04469038	5	5
-7.55	50.40483113	5	5
-7.3	50.75951821	5	5
-7.05	51.108646	5	5
-6.8	51.45219913	5	5
-6.55	51.79025486	5	5
-6.3	52.12297551	5	5
-6.05	52.45059391	5	5
-5.8	52.77339588	5	5
-5.55	53.09170433	5	5
-5.3	53.40586951	5	5
-5.05	53.71626943	5	5
-4.8	54.02332231	5	5
-4.55	54.32751001	5	5
-4.3	54.62940735	5	5
-4.05	54.92970939	5	5
-3.8	55.22924798	5	5
-3.55	55.52899202	5	5
-3.3	55.8300309	5	5
-3.05	56.13354702	5	5
-2.8	56.44078787	5	5
-2.55	56.75304837	5	5
-2.3	57.07167061	5	5
-2.05	57.39806122	5	5
-1.8	57.73371947	5	5
-1.55	58.08026426	5	5
-1.3	58.43944801	5	5
-1.05	58.8131485	5	5
-0.8	59.203337	5	5
-0.55	59.61202723	5	5
-0.3	60.04121564	5	5
-0.05	60.49282455	5	5
0.2	60.96865863	5	5
0.45	61.47037983	5	5
0.7	61.99950071	5	5
0.95	62.55739017	5	5
1.2	63.14528279	5	5
1.45	63.76428218	5	5
1.7	64.41535158	5	5
1.95	65.09928793	5	5
2.2	65.81668017	5	5
2.45	66.56785403	5	5
2.7	67.35280583	5	5
2.95	68.17112568	5	5
3.2	69.02190855	5	5
3.45	69.9036505	5	5
3.7	70.81412944	5	5
3.95	71.75027413	5	5
4.2	72.70803177	5	5
4.45	73.68225018	5	5
4.7	74.66659544	5	5
4.95	75.65352579	5	5
5.2	76.63434062	5	5
5.45	77.59931713	5	5
5.7	78.53793978	5	5
5.95	79.43921916	5	5
6.2	80.29208726	5	5
6.45	81.08584653	5	5
6.7	81.81063976	5	5
6.95	82.45789994	5	5
7.2	83.02073488	5	5
7.45	83.49420437	5	5
7.7	83.87545922	5	5
7.95	84.16372953	5	5
8.2	84.36017188	5	5
8.45	84.46760446	5	5
8.7	84.49017159	5	5
8.95	84.43298189	5	5
9.2	84.30175883	5	5
9.45	84.1025304	5	5
9.7	83.84137344	5	5
9.95	83.52421744	5	5
10.2	83.15670651	5	5
10.45	82.74411398	5	5
10.7	82.29130106	5	5
10.95	81.80270885	5	5
11.2	81.2823714	5	5
11.45	80.73393818	5	5
11.7	80.16069696	5	5
11.95	79.56559332	5	5
12.2	78.95124744	5	5
12.45	78.3199723	5	5
12.7	77.67379725	5	5
12.95	77.0144989	5	5
13.2	76.34363771	5	5
13.45	75.66259618	5	5
13.7	74.97261431	5	5
13.95	74.27481955	5	5
14.2	73.57025092	5	5
14.45	72.8598794	5	5
14.7	72.14462653	5	5
14.95	71.42538205	5	5
15.2	70.70301891	5	5
15.45	69.97840207	5	5
15.7	69.25238761	5	5
15.95	68.52581018	5	5
16.2	67.79946057	5	5
16.45	67.07405844	5	5
16.7	66.35022782	5	5
16.95	65.62848229	5	5
17.2	64.90922462	5	5
17.45	64.19276061	5	5
17.7	63.47932284	5	5
17.95	62.76909693	5	5
18.2	62.06224262	5	5
18.45	61.35890518	5	5
18.7	60.65921669	5	5
18.95	59.96329103	5	5
19.2	59.27121882	5	5
19.45	58.58306761	5	5
19.7	57.89888918	5	5
19.95	57.21873193	5	5
20.2	56.54265339	5	5
20.45	55.87072823	5	5
20.7	55.20304956	5	5
20.95	54.53972618	5	5
21.2	53.88088058	5	5
21.45	53.2266528	5	5
21.7	52.57721175	5	5
21.95	51.9327705	5	5
22.2	51.29359833	5	5
22.45	50.66002137	5	5
22.7	50.0324072	5	5
22.95	49.41113432	5	5
23.2	48.79655329	5	5
23.45	48.1889499	5	5
23.7	47.58852011	5	5
23.95	46.99536255	5	5
24.2	46.40948901	5	5
24.45	45.83084769	5	5
24.7	45.25935132	5	5
24.95	44.69490218	5	5
25.2	44.13740884	5	5
25.45	43.58679339	5	5
25.7	43.04299127	5	5
25.95	42.50594767	5	5
26.2	41.97561378	5	5
26.45	41.45194461	5	5
26.7	40.9348977	5	5
26.95	40.42443124	5	5
27.2	39.92050046	5	5
27.45	39.42305249	5	5
27.7	38.93202114	5	5
27.95	38.44732332	5	5
28.2	37.96885846	5	5
28.45	37.49651065	5	5
28.7	37.03015319	5	5
28.95	36.56965504	5	5
29.2	36.11488948	5	5
29.45	35.66574574	5	5
29.7	35.22214342	5	5
29.95	34.78404804	5	5
30.2	34.35148396	5	5
30.45	33.9245401	5	5
30.7	33.50336444	5	5
30.95	33.08814596	5	5
31.2	32.67908589	5	5
31.45	32.27636364	5	5
31.7	31.88010406	5	5
31.95	31.49035297	5	5
32.2	31.10706568	5	5
32.45	30.73011021	5	5
32.7	30.35928408	5	5
32.95	29.99434072	5	5
33.2	29.63502012	5	5
33.45	29.2810783	5	5
33.7	28.93231044	5	5
33.95	28.58856427	5	5
34.2	28.24974253	5	5
34.45	27.91579534	5	5
34.7	27.58670616	5	5
34.95	27.26247594	5	5
35.2	26.94311037	5	5
35.45	26.62861313	5	5
35.7	26.31898567	5	5
35.95	26.01423086	5	5
36.2	25.71435629	5	5
36.45	25.41937339	5	5
36.7	25.12929047	5	5
36.95	24.84410107	5	5
37.2	24.56377134	5	5
37.45	24.28823119	5	5
37.7	24.01737276	5	5
37.95	23.75105679	5	5
38.2	23.48912498	5	5
38.45	23.23141428	5	5
38.7	22.97776887	5	5
38.95	22.72804728	5	5
39.2	22.48212388	5	5
39.45	22.23988608	5	5
39.7	22.00122954	5	5
39.95	21.76605384	5	5
40.2	21.53426052	5	5
40.45	21.30575518	5	5
40.7	21.08045391	5	5
40.95	20.85829372	5	5
41.2	20.63924469	5	5
41.45	20.42332044	5	5
41.7	20.21058277	5	5
41.95	20.00113729	5	5
42.2	19.79511908	5	5
42.45	19.5926703	5	5
42.7	19.39391386	5	5
42.95	19.19892831	5	5
43.2	19.00772859	5	5
43.45	18.82025598	5	5
43.7	18.63637912	5	5
43.95	18.45590623	5	5
44.2	18.27860682	5	5
44.45	18.10423949	5	5
44.7	17.93258001	5	5
44.95	17.7634436	5	5
45.2	17.59669564	5	5
45.45	17.43224844	5	5
45.7	17.27004573	5	5
45.95	17.11004031	5	5
46.2	16.95217265	5	5
46.45	16.79635724	5	5
46.7	16.64248061	5	5
46.95	16.49041048	5	5
47.2	16.34001186	5	5
47.45	16.19116398	5	5
47.7	16.04377257	5	5
47.95	15.89777447	5	5
48.2	15.75313435	5	5
48.45	15.6098366	5	5
48.7	15.46787599	5	5
48.95	15.32725092	5	5
49.2	15.18796118	5	5
49.45	15.05000995	5	5
49.7	14.91340791	5	5
49.95	14.77817643	5	5
50.2	14.64434744	5	5
50.45	14.51195906	5	5
50.7	14.38104826	5	5
50.95	14.25164311	5	5
51.2	14.12375741	5	5
51.45	13.99738929	5	5
51.7	13.87252392	5	5
51.95	13.74913867	5	5
52.2	13.62720892	5	5
52.45	13.50671247	5	5
52.7	13.38763196	5	5
52.95	13.26995515	5	5
53.2	13.15367355	5	5
53.45	13.03878032	5	5
53.7	12.92526785	5	5
53.95	12.81312569	5	5
54.2	12.70233913	5	5
54.45	12.59288866	5	5
54.7	12.48475047	5	5
54.95	12.37789836	5	5
55.2	12.27230686	5	5
55.45	12.16795564	5	5
55.7	12.06483434	5	5
55.95	11.96294637	5	5
56.2	11.86230979	5	5
56.45	11.76295379	5	5
56.7	11.66491036	5	5
56.95	11.56820294	5	5
57.2	11.47283577	5	5
57.45	11.37878784	5	5
57.7	11.28601454	5	5
57.95	11.19445712	5	5
58.2	11.10405715	5	5
58.45	11.01477104	5	5
58.7	10.92657954	5	5
58.95	10.83948955	5	5
59.2	10.75352791	5	5
59.45	10.66873023	5	5
59.7	10.58512845	5	5
59.95	10.50274087	5	5
60.2	10.4215665	5	5
60.45	10.34158391	5	5
60.7	10.2627536	5	5
60.95	10.18502275	5	5
61.2	10.10833157	5	5
61.45	10.03262105	5	5
61.7	9.957841546	5	5
61.95	9.883960745	5	5
62.2	9.810968782	5	5
62.45	9.738877812	5	5
62.7	9.667714685	5	5
62.95	9.597507696	5	5
63.2	9.528271177	5	5
63.45	9.459993525	5	5
63.7	9.392634021	5	5
63.95	9.326131136	5	5
64.2	9.260420813	5	5
64.45	9.195458798	5	5
64.7	9.131238586	5	5
64.95	9.067796955	5	5
65.2	9.005202924	5	5
65.45	8.943531992	5	5
65.7	8.882833641	5	5
65.95	8.823103826	5	5
66.2	8.7642736	5	5
66.45	8.706219932	5	5
66.7	8.648796721	5	5
66.95	8.591876146	5	5
67.2	8.535385996	5	5
67.45	8.479329728	5	5
67.7	8.423782289	5	5
67.95	8.368863765	5	5
68.2	8.314700832	5	5
68.45	8.26138957	5	5
68.7	8.208971333	5	5
68.95	8.157427348	5	5
69.2	8.106690596	5	5
69.45	8.056668274	5	5
69.7	8.007266341	5	5
69.95	7.958409147	5	5
70.2	7.910050331	5	5
70.45	7.862174419	5	5
70.7	7.814790898	5	5
70.95	7.767923633	5	5
71.2	7.721598795	5	5
71.45	7.675834151	5	5
71.7	7.630631986	5	5
71.95	7.585977024	5	5
72.2	7.541839679	5	5
72.45	7.498183746	5	5
72.7	7.454976362	5	5
72.95	7.412197102	5	5
73.2	7.369842677	5	5
73.45	7.327924731	5	5
73.7	7.286460532	5	5
73.95	7.245459602	5	5
74.2	7.204911935	5	5
74.45	7.164783922	5	5
74.7	7.125025595	5	5
74.95	7.085587944	5	5
75.2	7.046444063	5	5
75.45	7.007605134	5	5
75.7	6.969123506	5	5
75.95	6.931079987	5	5
76.2	6.893558855	5	5
76.45	6.856619133	5	5
76.7	6.820272147	5	5
76.95	6.78447289	5	5
77.2	6.749127437	5	5
77.45	6.714113128	5	5
77.7	6.679304295	5	5
77.95	6.644595434	5	5
78.2	6.60991554	5	5
78.45	6.575231082	5	5
78.7	6.540539217	5	5
78.95	6.505855963	5	5
79.2	6.471205087	5	5
79.45	6.43661205	5	5
79.7	6.40210421	5	5
79.95	6.367714949	5	5
80.2	6.333487298	5	5
80.45	6.299472974	5	5
80.7	6.265725315	5	5
80.95	6.232288091	5	5
81.2	6.199184612	5	5
81.45	6.16641187	5	5
81.7	6.13394248	5	5
81.95	6.101734112	5	5
82.2	6.06974332	5	5
82.45	6.037939319	5	5
82.7	6.006313528	5	5
82.95	5.974882262	5	5
83.2	5.943682089	5	5
83.45	5.912759388	5	5
83.7	5.88215721	5	5
83.95	5.851903186	5	5
84.2	5.822001956	5	5
84.45	5.792434258	5	5
84.7	5.763162857	5	5
84.95	5.734143342	5	5
85.2	5.705336254	5	5
85.45	5.676716535	5	5
85.7	5.648277199	5	5
85.95	5.620026112	5	5
86.2	5.591977292	5	5
86.45	5.564140271	5	5
86.7	5.536511996	5	5
86.95	5.509075083	5	5
87.2	5.481803998	5	5
87.45	5.454677756	5	5
87.7	5.427694979	5	5
87.95	5.400885821	5	5
88.2	5.374315942	5	5
88.45	5.348080277	5	5
88.7	5.322287819	5	5
88.95	5.297041756	5	5
89.2	5.272420684	5	5
89.45	5.248465796	5	5
89.7	5.225176254	5	5
89.95	5.202511841	5	5
90.2	5.180399864	5	5
90.45	5.158743327	5	5
90.7	5.137429187	5	5
90.95	5.116337776	5	5
91.2	5.095355313	5	5
91.45	5.074389909	5	5
91.7	5.053388146	5	5
91.95	5.032346261	5	5
92.2	5.011309549	5	5
92.45	4.990356951	5	5
92.7	4.969573797	5	5
92.95	4.949021613	5	5
93.2	4.928716488	5	5
93.45	4.908625108	5	5
93.7	4.888680874	5	5
93.95	4.868814382	5	5
94.2	4.848986562	5	5
94.45	4.829211474	5	5
94.7	4.809559733	5	5
94.95	4.79014103	5	5
95.2	4.771072195	5	5
95.45	4.752442496	5	5
95.7	4.734288328	5	5
95.95	4.716585175	5	5
96.2	4.699257526	5	5
96.45	4.682200677	5	5
96.7	4.665304821	5	5
96.95	4.648472998	5	5
97.2	4.631629212	5	5
97.45	4.614718626	5	5
97.7	4.597705237	5	5
97.95	4.580572082	5	5
98.2	4.563325617	5	5
98.45	4.546001624	5	5
98.7	4.528667609	5	5
98.95	4.511417413	5	5
99.2	4.494357227	5	5
99.45	4.477586312	5	5
99.7	4.461178267	5	5
99.95	4.445168493	5	5
100.2	4.429550796	5	5
100.45	4.41428249	5	5
100.7	4.399294549	5	5
100.95	4.384502682	5	5
101.2	4.369816486	5	5
101.45	4.355146279	5	5
101.7	4.3404093	5	5
101.95	4.325537536	5	5
102.2	4.310488272	5	5
102.45	4.295255938	5	5
102.7	4.279881482	5	5
102.95	4.264454403	5	5
103.2	4.249103678	5	5
103.45	4.233976894	5	5
103.7	4.219210865	5	5
103.95	4.204900445	5	5
104.2	4.19107383	5	5
104.45	4.177681719	5	5
104.7	4.164604452	5	5
104.95	4.151676614	5	5
105.2	4.138723781	5	5
105.45	4.125602481	5	5
105.7	4.112233118	5	5
105.95	4.098617055	5	5
106.2	4.084833083	5	5
106.45	4.071014118	5	5
106.7	4.057310567	5	5
106.95	4.043850735	5	5
107.2	4.03070955	5	5
107.45	4.017894285	5	5
107.7	4.005350657	5	5
107.95	3.992986192	5	5
108.2	3.980702409	5	5
108.45	3.968424968	5	5
108.7	3.95612238	5	5
108.95	3.943808555	5	5
109.2	3.931530414	5	5
109.45	3.9193468	5	5
109.7	3.907307055	5	5
109.95	3.895436487	5	5
110.2	3.883732446	5	5
110.45	3.87217044	5	5
110.7	3.860716517	5	5
110.95	3.849340698	5	5
111.2	3.838026869	5	5
111.45	3.826776365	5	5
111.7	3.815604827	5	5
111.95	3.804534042	5	5
112.2	3.793581777	5	5
112.45	3.782753072	5	5
112.7	3.772035858	5	5
112.95	3.761402484	5	5
113.2	3.750817091	5	5
113.45	3.740247222	5	5
113.7	3.72967691	5	5
113.95	3.719117799	5	5
114.2	3.708614796	5	5
114.45	3.698243338	5	5
114.7	3.688096887	5	5
114.95	3.678265738	5	5
115.2	3.668811316	5	5
115.45	3.659742822	5	5
115.7	3.651004131	5	5
115.95	3.642477311	5	5
116.2	3.634004747	5	5
116.45	3.625425935	5	5
116.7	3.616619258	5	5
116.95	3.607536009	5	5
117.2	3.598214945	5	5
117.45	3.588771208	5	5
117.7	3.579361783	5	5
117.95	3.570138119	5	5
118.2	3.561201674	5	5
118.45	3.55257773	5	5
118.7	3.544216553	5	5
118.95	3.536021063	5	5
119.2	3.527890393	5	5
119.45	3.519762927	5	5
119.7	3.51164288	5	5
119.95	3.503600919	5	5
120.2	3.495749119	5	5
120.45	3.48819973	5	5
120.7	3.481022657	5	5
120.95	3.474216207	5	5
121.2	3.467700375	5	5
121.45	3.461333752	5	5
121.7	3.454947262	5	5
121.95	3.448383137	5	5
122.2	3.441527083	5	5
122.45	3.434325379	5	5
122.7	3.426784806	5	5
122.95	3.418959407	5	5
123.2	3.410931761	5	5
123.45	3.402796561	5	5
123.7	3.394651094	5	5
123.95	3.386592448	5	5
124.2	3.378717371	5	5
124.45	3.371119485	5	5
124.7	3.363880697	5	5
124.95	3.357057894	5	5
125.2	3.350669945	5	5
125.45	3.344691509	5	5
125.7	3.339057999	5	5
125.95	3.333681332	5	5
126.2	3.328471164	5	5
126.45	3.323353654	5	5
126.7	3.318280824	5	5
126.95	3.31322773	5	5
127.2	3.308179932	5	5
127.45	3.303117738	5	5
127.7	3.298004858	5	5
127.95	3.292787087	5	5
128.2	3.28740262	5	5
128.45	3.281800995	5	5
128.7	3.275964169	5	5
128.95	3.269921755	5	5
129.2	3.263753613	5	5
129.45	3.257576553	5	5
129.7	3.251517127	5	5
129.95	3.245677829	5	5
130.2	3.240107408	5	5
130.45	3.234785832	5	5
130.7	3.22963011	5	5
130.95	3.224519955	5	5
131.2	3.219335127	5	5
131.45	3.213992124	5	5
131.7	3.208468744	5	5
131.95	3.202810214	5	5
132.2	3.197117537	5	5
132.45	3.191524229	5	5
132.7	3.186169518	5	5
132.95	3.18117453	5	5
133.2	3.176624687	5	5
133.45	3.172558787	5	5
133.7	3.168964168	5	5
133.95	3.165777771	5	5
134.2	3.162893513	5	5
134.45	3.160176127	5	5
134.7	3.15748038	5	5
134.95	3.154672866	5	5
135.2	3.151652457	5	5
135.45	3.148365279	5	5
135.7	3.144810954	5	5
135.95	3.141038334	5	5
136.2	3.137130984	5	5
136.45	3.13318499	5	5
136.7	3.129283938	5	5
136.95	3.125477413	5	5
137.2	3.121769094	5	5
137.45	3.118118119	5	5
137.7	3.114453313	5	5
137.95	3.11069562	5	5
138.2	3.106781447	5	5
138.45	3.102679687	5	5
138.7	3.098397825	5	5
138.95	3.093976549	5	5
139.2	3.089475993	5	5
139.45	3.084958872	5	5
139.7	3.080475883	5	5
139.95	3.076057295	5	5
140.2	3.07171225	5	5
140.45	3.067435007	5	5
140.7	3.063215515	5	5
140.95	3.059050866	5	5
141.2	3.054954173	5	5
141.45	3.050958315	5	5
141.7	3.047113439	5	5
141.95	3.043478778	5	5
142.2	3.040110857	5	5
142.45	3.037050962	5	5
142.7	3.034314723	5	5
142.95	3.031885716	5	5
143.2	3.029713615	5	5
143.45	3.027716274	5	5
143.7	3.025784755	5	5
143.95	3.023790798	5	5
144.2	3.021597114	5	5
144.45	3.019071296	5	5
144.7	3.016103329	5	5
144.95	3.012624635	5	5
145.2	3.008624172	5	5
145.45	3.004155664	5	5
145.7	2.999331013	5	5
145.95	2.994298557	5	5
146.2	2.989210163	5	5
146.45	2.984186071	5	5
146.7	2.979288573	5	5
146.95	2.974513676	5	5
147.2	2.969804088	5	5
147.45	2.965079292	5	5
147.7	2.960272037	5	5
147.95	2.955358013	5	5
148.2	2.950367947	5	5
148.45	2.945378093	5	5
148.7	2.940483353	5	5
148.95	2.935763856	5	5
149.2	2.931257962	5	5
149.45	2.9269515	5	5
149.7	2.922785989	5	5
149.95	2.918680776	5	5
150.2	2.914558892	5	5
150.45	2.910366184	5	5
150.7	2.906077695	5	5
150.95	2.901691972	5	5
151.2	2.897219408	5	5
151.45	2.892672314	5	5
151.7	2.888061699	5	5
151.95	2.883400644	5	5
152.2	2.878709675	5	5
152.45	2.874018346	5	5
152.7	2.869359584	5	5
152.95	2.864757865	5	5
153.2	2.860216162	5	5
153.45	2.855707765	5	5
153.7	2.851177163	5	5
153.95	2.846550268	5	5
154.2	2.841750604	5	5
154.45	2.836716198	5	5
154.7	2.831412405	5	5
154.95	2.825837984	5	5
155.2	2.820024261	5	5
155.45	2.814028981	5	5
155.7	2.807927114	5	5
155.95	2.801800452	5	5
156.2	2.795727154	5	5
156.45	2.789771772	5	5
156.7	2.783976322	5	5
156.95	2.778353395	5	5
157.2	2.772882882	5	5
157.45	2.767513959	5	5
157.7	2.762173327	5	5
157.95	2.756779137	5	5
158.2	2.751258104	5	5
158.45	2.745561637	5	5
158.7	2.739676194	5	5
158.95	2.733624074	5	5
159.2	2.727453379	5	5
159.45	2.721219476	5	5
159.7	2.71496362	5	5
159.95	2.708696215	5	5
160.2	2.702391262	5	5
160.45	2.695994938	5	5
160.7	2.68944594	5	5
160.95	2.68270045	5	5
161.2	2.675752387	5	5
161.45	2.668641217	5	5
161.7	2.661444353	5	5
161.95	2.654257085	5	5
162.2	2.647167487	5	5
162.45	2.640234952	5	5
162.7	2.633478848	5	5
162.95	2.626879315	5	5
163.2	2.620387733	5	5
163.45	2.613941608	5	5
163.7	2.607478342	5	5
163.95	2.600944239	5	5
164.2	2.59429786	5	5
164.45	2.587509129	5	5
164.7	2.580556605	5	5
164.95	2.573425018	5	5
165.2	2.566104109	5	5
165.45	2.558588813	5	5
165.7	2.550880298	5	5
165.95	2.542987306	5	5
166.2	2.534927232	5	5
166.45	2.526726375	5	5
166.7	2.518418624	5	5
166.95	2.510042067	5	5
167.2	2.50163358	5	5
167.45	2.493222429	5	5
167.7	2.484824692	5	5
167.95	2.476440499	5	5
168.2	2.468055575	5	5
168.45	2.459647391	5	5
168.7	2.451194945	5	5
168.95	2.442689896	5	5
169.2	2.434145793	5	5
169.45	2.425601619	5	5
169.7	2.417116281	5	5
169.95	2.408752546	5	5
170.2	2.400552348	5	5
170.45	2.392509744	5	5
170.7	2.384551312	5	5
170.95	2.376534357	5	5
171.2	2.368269495	5	5
171.45	2.359566403	5	5
171.7	2.350292225	5	5
171.95	2.340425207	5	5
172.2	2.330084983	5	5
172.45	2.319526712	5	5
172.7	2.309097379	5	5
172.95	2.299164683	5	5
173.2	2.290037578	5	5
173.45	2.281899526	5	5
173.7	2.27477076	5	5
173.95	2.268506698	5	5
174.2	2.262829891	5	5
174.45	2.25738566	5	5
174.7	2.251808212	5	5
174.95	2.245784182	5	5
175.2	2.239102731	5	5
175.45	2.231684448	5	5
175.7	2.223584917	5	5
175.95	2.214973025	5	5
176.2	2.206088868	5	5
176.45	2.1971906	5	5
176.7	2.18850222	5	5
176.95	2.180173984	5	5
177.2	2.172263449	5	5
177.45	2.164739262	5	5
177.7	2.157503778	5	5
177.95	2.150426209	5	5
178.2	2.143376562	5	5
178.45	2.13625192	5	5
178.7	2.128989992	5	5
178.95	2.121568897	5	5
179.2	2.113995921	5	5
179.45	2.106290532	5	5
179.7	2.098467805	5	5
179.95	2.090527526	5	5
180.2	2.082452037	5	5
180.45	2.074213085	5	5
180.7	2.065785417	5	5
180.95	2.057163156	5	5
181.2	2.048374207	5	5
181.45	2.039487896	5	5
181.7	2.030611948	5	5
181.95	2.021876858	5	5
182.2	2.013409182	5	5
182.45	2.005299709	5	5
182.7	1.99757629	5	5
182.95	1.99019217	5	5
183.2	1.983037155	5	5
183.45	1.975971279	5	5
183.7	1.968871407	5	5
183.95	1.96167454	5	5
184.2	1.954401075	5	5
184.45	1.947147762	5	5
184.7	1.940051293	5	5
184.95	1.933234772	5	5
185.2	1.926756012	5	5
185.45	1.920576213	5	5
185.7	1.914560484	5	5
185.95	1.90851091	5	5
186.2	1.902222313	5	5
186.45	1.895543919	5	5
186.7	1.88842839	5	5
186.95	1.880953319	5	5
187.2	1.873307979	5	5
187.45	1.865748009	5	5
187.7	1.858530134	5	5
187.95	1.85184539	5	5
188.2	1.845770401	5	5
188.45	1.8402511	5	5
188.7	1.835123224	5	5
188.95	1.830162211	5	5
189.2	1.825145941	5	5
189.45	1.819910637	5	5
189.7	1.814384076	5	5
189.95	1.808589194	5	5
190.2	1.802621419	5	5
190.45	1.796610636	5	5
190.7	1.790681244	5	5
190.95	1.784921418	5	5
191.2	1.779367456	5	5
191.45	1.774003598	5	5
191.7	1.768773847	5	5
191.95	1.763600632	5	5
192.2	1.758405135	5	5
192.45	1.753124892	5	5
192.7	1.747725472	5	5
192.95	1.742204589	5	5
193.2	1.736588925	5	5
193.45	1.730925871	5	5
193.7	1.72527349	5	5
193.95	1.719691797	5	5
194.2	1.714236857	5	5
194.45	1.708957242	5	5
194.7	1.703891146	5	5
194.95	1.699062687	5	5
195.2	1.694477451	5	5
195.45	1.690118966	5	5
195.7	1.685948538	5	5
195.95	1.681910051	5	5
196.2	1.677939359	5	5
196.45	1.673975846	5	5
196.7	1.669972539	5	5
196.95	1.665901543	5	5
197.2	1.661753205	5	5
197.45	1.657529644	5	5
197.7	1.65323533	5	5
197.95	1.648868487	5	5
198.2	1.644417109	5	5
198.45	1.639862176	5	5
198.7	1.635188611	5	5
198.95	1.630401903	5	5
199.2	1.625545763	5	5
199.45	1.620714527	5	5
199.7	1.616053981	5	5
199.95	1.611746487	5	5
200.2	1.607980457	5	5
200.45	1.604909389	5	5
200.7	1.602610111	5	5
200.95	1.601051958	5	5
201.2	1.600087109	5	5
201.45	1.599467457	5	5
201.7	1.598886262	5	5
201.95	1.598035657	5	5
202.2	1.596666152	5	5
202.45	1.594633234	5	5
202.7	1.591919638	5	5
202.95	1.588628696	5	5
203.2	1.584952305	5	5
203.45	1.581123683	5	5
203.7	1.57736815	5	5
203.95	1.57386399	5	5
204.2	1.570720819	5	5
204.45	1.567976899	5	5
204.7	1.565611578	5	5
204.95	1.563566028	5	5
205.2	1.561765064	5	5
205.45	1.560134507	5	5
205.7	1.558611408	5	5
205.95	1.557147407	5	5
206.2	1.55570771	5	5
206.45	1.554269084	5	5
206.7	1.552819505	5	5
206.95	1.551360238	5	5
207.2	1.549908828	5	5
207.45	1.548500194	5	5
207.7	1.547183188	5	5
207.95	1.546011781	5	5
208.2	1.545032312	5	5
208.45	1.544270009	5	5
208.7	1.543718484	5	5
208.95	1.543335229	5	5
209.2	1.543044807	5	5
209.45	1.542749902	5	5
209.7	1.542348796	5	5
209.95	1.541756142	5	5
210.2	1.540922434	5	5
210.45	1.539847009	5	5
210.7	1.538580596	5	5
210.95	1.537216418	5	5
211.2	1.535872738	5	5
211.45	1.534672754	5	5
211.7	1.533728253	5	5
211.95	1.5331311	5	5
212.2	1.532952545	5	5
212.45	1.533246523	5	5
212.7	1.534051637	5	5
212.95	1.535387858	5	5
213.2	1.537247483	5	5
213.45	1.539583678	5	5
213.7	1.542302239	5	5
213.95	1.545262037	5	5
214.2	1.548287146	5	5
214.45	1.551189859	5	5
214.7	1.553800184	5	5
214.95	1.555995053	5	5
215.2	1.557720211	5	5
215.45	1.558999449	5	5
215.7	1.559928903	5	5
215.95	1.560657622	5	5
216.2	1.561358491	5	5
216.45	1.562195426	5	5
216.7	1.563293336	5	5
216.95	1.564716779	5	5
217.2	1.566461834	5	5
217.45	1.568463297	5	5
217.7	1.570616148	5	5
217.95	1.572806692	5	5
218.2	1.574945748	5	5
218.45	1.576994928	5	5
218.7	1.578978304	5	5
218.95	1.580975632	5	5
219.2	1.583098806	5	5
219.45	1.585458453	5	5
219.7	1.588130776	5	5
219.95	1.591134503	5	5
220.2	1.594424331	5	5
220.45	1.597901776	5	5
220.7	1.601438967	5	5
220.95	1.604907564	5	5
221.2	1.608204625	5	5
221.45	1.611269557	5	5
221.7	1.614089961	5	5
221.95	1.616697515	5	5
222.2	1.619156954	5	5
222.45	1.621551502	5	5
222.7	1.623967371	5	5
222.95	1.626479217	5	5
223.2	1.629138142	5	5
223.45	1.631964068	5	5
223.7	1.63494442	5	5
223.95	1.638040397	5	5
224.2	1.641200492	5	5
224.45	1.644378605	5	5
224.7	1.647551983	5	5
224.95	1.650733327	5	5
225.2	1.653972388	5	5
225.45	1.657345151	5	5
225.7	1.660932512	5	5
225.95	1.664793763	5	5
226.2	1.668941999	5	5
226.45	1.673328239	5	5
226.7	1.677838841	5	5
226.95	1.682307795	5	5
227.2	1.686542593	5	5
227.45	1.690359929	5	5
227.7	1.693625456	5	5
227.95	1.69628989	5	5
228.2	1.698412434	5	5
228.45	1.700162973	5	5
228.7	1.701798038	5	5
228.95	1.70361225	5	5
229.2	1.705875185	5	5
229.45	1.708770119	5	5
229.7	1.712352607	5	5
229.95	1.716541875	5	5
230.2	1.721147824	5	5
230.45	1.725924779	5	5
230.7	1.730634494	5	5
230.95	1.735098682	5	5
231.2	1.739226117	5	5
231.45	1.743009177	5	5
231.7	1.746495808	5	5
231.95	1.749751122	5	5
232.2	1.752825348	5	5
232.45	1.75574093	5	5
232.7	1.758502691	5	5
232.95	1.761124773	5	5
233.2	1.76366047	5	5
233.45	1.766219303	5	5
233.7	1.768960537	5	5
233.95	1.772061937	5	5
234.2	1.775672957	5	5
234.45	1.779868346	5	5
234.7	1.784618571	5	5
234.95	1.789787278	5	5
235.2	1.795156036	5	5
235.45	1.800467126	5	5
235.7	1.805470051	5	5
235.95	1.809958575	5	5
236.2	1.813791321	5	5
236.45	1.816896776	5	5
236.7	1.819269003	5	5
236.95	1.820961052	5	5
237.2	1.822079371	5	5
237.45	1.822777358	5	5
237.7	1.823243234	5	5
237.95	1.823678688	5	5
238.2	1.82426976	5	5
238.45	1.825156942	5	5
238.7	1.82641414	5	5
238.95	1.828043957	5	5
239.2	1.829990879	5	5
239.45	1.832167217	5	5
239.7	1.834482568	5	5
239.95	1.836867583	5	5
240.2	1.839286337	5	5
240.45	1.841736396	5	5
240.7	1.844239298	5	5
240.95	1.84682573	5	5
241.2	1.849519395	5	5
241.45	1.852322676	5	5
241.7	1.855206624	5	5
241.95	1.858107598	5	5
242.2	1.860932432	5	5
242.45	1.863572524	5	5
242.7	1.865924774	5	5
242.95	1.867914494	5	5
243.2	1.869513767	5	5
243.45	1.870749148	5	5
243.7	1.871695395	5	5
243.95	1.872456218	5	5
244.2	1.873137309	5	5
244.45	1.87381967	5	5
244.7	1.874541412	5	5
244.95	1.875293647	5	5
245.2	1.876031581	5	5
245.45	1.87669691	5	5
245.7	1.877243686	5	5
245.95	1.877658612	5	5
246.2	1.877968532	5	5
246.45	1.878232436	5	5
246.7	1.878520778	5	5
246.95	1.878889473	5	5
247.2	1.879357815	5	5
247.45	1.879898134	5	5
247.7	1.880440908	5	5
247.95	1.880893714	5	5
248.2	1.881167824	5	5
248.45	1.881203813	5	5
248.7	1.880988066	5	5
248.95	1.880555173	5	5
249.2	1.879975812	5	5
249.45	1.879334351	5	5
249.7	1.878703508	5	5
249.95	1.878124151	5	5
250.2	1.877596418	5	5
250.45	1.877084573	5	5
250.7	1.876533479	5	5
250.95	1.875890797	5	5
251.2	1.875127124	5	5
251.45	1.874246954	5	5
251.7	1.873286356	5	5
251.95	1.87229784	5	5
252.2	1.871327471	5	5
252.45	1.870392409	5	5
252.7	1.869467341	5	5
252.95	1.868485456	5	5
253.2	1.867354514	5	5
253.45	1.865983018	5	5
253.7	1.864307846	5	5
253.95	1.862314336	5	5
254.2	1.860042901	5	5
254.45	1.857581138	5	5
254.7	1.85504497	5	5
254.95	1.85255473	5	5
255.2	1.85021182	5	5
255.45	1.848079732	5	5
255.7	1.84617123	5	5
255.95	1.844442608	5	5
256.2	1.842796022	5	5
256.45	1.841091118	5	5
256.7	1.839166363	5	5
256.95	1.836868259	5	5
257.2	1.834083744	5	5
257.45	1.830768766	5	5
257.7	1.826965693	5	5
257.95	1.822804196	5	5
258.2	1.818484062	5	5
258.45	1.814242688	5	5
258.7	1.810313587	5	5
258.95	1.806884093	5	5
259.2	1.804060604	5	5
259.45	1.801848209	5	5
259.7	1.80014895	5	5
259.95	1.798779477	5	5
260.2	1.797504902	5	5
260.45	1.796081923	5	5
260.7	1.79430184	5	5
260.95	1.792023942	5	5
261.2	1.789192493	5	5
261.45	1.785835348	5	5
261.7	1.782047477	5	5
261.95	1.777966119	5	5
262.2	1.773744638	5	5
262.45	1.769529673	5	5
262.7	1.765442681	5	5
262.95	1.76156488	5	5
263.2	1.75792514	5	5
263.45	1.75449312	5	5
263.7	1.751182425	5	5
263.95	1.747868228	5	5
264.2	1.744419486	5	5
264.45	1.740738929	5	5
264.7	1.736798039	5	5
264.95	1.732652896	5	5
265.2	1.728432043	5	5
265.45	1.724297848	5	5
265.7	1.720393891	5	5
265.95	1.716797594	5	5
266.2	1.713495994	5	5
266.45	1.710393606	5	5
266.7	1.707348316	5	5
266.95	1.704219983	5	5
267.2	1.700911938	5	5
267.45	1.697389603	5	5
267.7	1.693671316	5	5
267.95	1.68979904	5	5
268.2	1.685805452	5	5
268.45	1.681694958	5	5
268.7	1.677449124	5	5
268.95	1.673054846	5	5
269.2	1.668541865	5	5
269.45	1.664010179	5	5
269.7	1.65963063	5	5
269.95	1.65561247	5	5
270.2	1.652145932	5	5
270.45	1.649339458	5	5
270.7	1.647175235	5	5
270.95	1.645501018	5	5
271.2	1.644063087	5	5
271.45	1.642570047	5	5
271.7	1.640766214	5	5
271.95	1.638490831	5	5
272.2	1.635705782	5	5
272.45	1.632486646	5	5
272.7	1.628984638	5	5
272.95	1.625375309	5	5
273.2	1.621811525	5	5
273.45	1.618393572	5	5
273.7	1.615161275	5	5
273.95	1.612105018	5	5
274.2	1.609187525	5	5
274.45	1.606366953	5	5
274.7	1.603614028	5	5
274.95	1.600919854	5	5
275.2	1.598294991	5	5
275.45	1.595763082	5	5
275.7	1.593352967	5	5
275.95	1.591092287	5	5
276.2	1.589003626	5	5
276.45	1.587102517	5	5
276.7	1.585395907	5	5
276.95	1.583880094	5	5
277.2	1.582538452	5	5
277.45	1.581340514	5	5
277.7	1.580244368	5	5
277.95	1.579203633	5	5
278.2	1.578178476	5	5
278.45	1.577148099	5	5
278.7	1.576120559	5	5
278.95	1.575135588	5	5
279.2	1.574257714	5	5
279.45	1.573560121	5	5
279.7	1.573103555	5	5
279.95	1.572917328	5	5
280.2	1.572989779	5	5
280.45	1.573272478	5	5
280.7	1.573697145	5	5
280.95	1.57419879	5	5
281.2	1.574735815	5	5
281.45	1.575299293	5	5
281.7	1.575908763	5	5
281.95	1.576598128	5	5
282.2	1.577399463	5	5
282.45	1.578332602	5	5
282.7	1.579404581	5	5
282.95	1.580617622	5	5
283.2	1.581980147	5	5
283.45	1.583514293	5	5
283.7	1.585255406	5	5
283.95	1.587242671	5	5
284.2	1.589503467	5	5
284.45	1.592036076	5	5
284.7	1.594795942	5	5
284.95	1.597690202	5	5
285.2	1.600584041	5	5
285.45	1.603320442	5	5
285.7	1.605751896	5	5
285.95	1.607778709	5	5
286.2	1.609384755	5	5
286.45	1.610659521	5	5
286.7	1.611796665	5	5
286.95	1.613064677	5	5
287.2	1.614753348	5	5
287.45	1.617108194	5	5
287.7	1.620270427	5	5
287.95	1.62424007	5	5
288.2	1.628873969	5	5
288.45	1.633920244	5	5
288.7	1.639079831	5	5
288.95	1.644077707	5	5
289.2	1.648724087	5	5
289.45	1.652949698	5	5
289.7	1.656807717	5	5
289.95	1.660444956	5	5
290.2	1.664053141	5	5
290.45	1.667815189	5	5
290.7	1.671860664	5	5
290.95	1.676239911	5	5
291.2	1.6809201	5	5
291.45	1.685800643	5	5
291.7	1.69074179	5	5
291.95	1.695598729	5	5
292.2	1.700253681	5	5
292.45	1.704639437	5	5
292.7	1.708749439	5	5
292.95	1.712632281	5	5
293.2	1.716372472	5	5
293.45	1.720063675	5	5
293.7	1.723783507	5	5
293.95	1.727578421	5	5
294.2	1.731462891	5	5
294.45	1.735430755	5	5
294.7	1.739471378	5	5
294.95	1.743581966	5	5
295.2	1.747770411	5	5
295.45	1.752048555	5	5
295.7	1.756420365	5	5
295.95	1.760870972	5	5
296.2	1.765360639	5	5
296.45	1.769824404	5	5
296.7	1.774175927	5	5
296.95	1.778314107	5	5
297.2	1.782132693	5	5
297.45	1.785534398	5	5
297.7	1.788450085	5	5
297.95	1.79086054	5	5
298.2	1.792814597	5	5
298.45	1.794435653	5	5
298.7	1.795910545	5	5
298.95	1.797460075	5	5
299.2	1.799297141	5	5
299.45	1.801583358	5	5
299.7	1.804396076	5	5
299.95	1.807714432	5	5
300.2	1.811427082	5	5
300.45	1.815358067	5	5
300.7	1.819302994	5	5
300.95	1.823066393	5	5
301.2	1.826492419	5	5
301.45	1.829483864	5	5
301.7	1.832007748	5	5
301.95	1.834088662	5	5
302.2	1.835793235	5	5
302.45	1.837210268	5	5
302.7	1.838431158	5	5
302.95	1.839534242	5	5
303.2	1.84057491	5	5
303.45	1.84158144	5	5
303.7	1.842555048	5	5
303.95	1.843472241	5	5
304.2	1.84428811	5	5
304.45	1.844940437	5	5
304.7	1.845355707	5	5
304.95	1.845458478	5	5
305.2	1.845184732	5	5
305.45	1.844497782	5	5
305.7	1.843402946	5	5
305.95	1.841955608	5	5
306.2	1.840257813	5	5
306.45	1.83844149	5	5
306.7	1.836641103	5	5
306.95	1.834963115	5	5
307.2	1.833461836	5	5
307.45	1.83212968	5	5
307.7	1.830904697	5	5
307.95	1.829691642	5	5
308.2	1.828387694	5	5
308.45	1.826902855	5	5
308.7	1.82516841	5	5
308.95	1.823133013	5	5
309.2	1.820751796	5	5
309.45	1.817976773	5	5
309.7	1.81475546	5	5
309.95	1.811040427	5	5
310.2	1.806807364	5	5
310.45	1.802075488	5	5
310.7	1.796922618	5	5
310.95	1.791487996	5	5
311.2	1.785958568	5	5
311.45	1.780538533	5	5
311.7	1.775407104	5	5
311.95	1.770674515	5	5
312.2	1.766349364	5	5
312.45	1.762329369	5	5
312.7	1.758421687	5	5
312.95	1.754389457	5	5
313.2	1.75001188	5	5
313.45	1.745139884	5	5
313.7	1.739730866	5	5
313.95	1.733853559	5	5
314.2	1.727664462	5	5
314.45	1.721365923	5	5
314.7	1.71515969	5	5
314.95	1.709207914	5	5
315.2	1.703608196	5	5
315.45	1.698383698	5	5
315.7	1.693486101	5	5
315.95	1.688808691	5	5
316.2	1.684207879	5	5
316.45	1.6795315	5	5
316.7	1.674650521	5	5
316.95	1.669487793	5	5
317.2	1.6640357	5	5
317.45	1.658356027	5	5
317.7	1.652560496	5	5
317.95	1.646777277	5	5
318.2	1.641114116	5	5
318.45	1.635629843	5	5
318.7	1.630322469	5	5
318.95	1.625135736	5	5
319.2	1.619979765	5	5
319.45	1.614757833	5	5
319.7	1.609390911	5	5
319.95	1.60383379	5	5
320.2	1.598080033	5	5
320.45	1.592156664	5	5
320.7	1.586112505	5	5
320.95	1.580005849	5	5
321.2	1.573896687	5	5
321.45	1.567845712	5	5
321.7	1.561917808	5	5
321.95	1.556184051	5	5
322.2	1.55071598	5	5
322.45	1.545570064	5	5
322.7	1.540767085	5	5
322.95	1.536276547	5	5
323.2	1.532016617	5	5
323.45	1.527874292	5	5
323.7	1.523741377	5	5
323.95	1.51955415	5	5
324.2	1.5153225	5	5
324.45	1.511138584	5	5
324.7	1.507162998	5	5
324.95	1.503593648	5	5
325.2	1.500626054	5	5
325.45	1.498413465	5	5
325.7	1.497033252	5	5
325.95	1.496464871	5	5
326.2	1.496584788	5	5
326.45	1.497183214	5	5
326.7	1.49800405	5	5
326.95	1.498802276	5	5
327.2	1.499404757	5	5
327.45	1.499755481	5	5
327.7	1.499928579	5	5
327.95	1.500102644	5	5
328.2	1.500504059	5	5
328.45	1.501339012	5	5
328.7	1.502737893	5	5
328.95	1.504730097	5	5
329.2	1.507254611	5	5
329.45	1.510198035	5	5
329.7	1.513442795	5	5
329.95	1.516907138	5	5
330.2	1.520564524	5	5
330.45	1.524439448	5	5
330.7	1.528585474	5	5
330.95	1.533056168	5	5
331.2	1.537879889	5	5
331.45	1.543046047	5	5
331.7	1.548505451	5	5
331.95	1.554182745	5	5
332.2	1.559995798	5	5
332.45	1.565875906	5	5
332.7	1.571783323	5	5
332.95	1.577714551	5	5
333.2	1.583700096	5	5
333.45	1.589793662	5	5
333.7	1.596055474	5	5
333.95	1.602533533	5	5
334.2	1.609247056	5	5
334.45	1.616175965	5	5
334.7	1.623259167	5	5
334.95	1.630402532	5	5
335.2	1.637495202	5	5
335.45	1.644430795	5	5
335.7	1.651128666	5	5
335.95	1.657550185	5	5
336.2	1.663706021	5	5
336.45	1.669652356	5	5
336.7	1.675476372	5	5
336.95	1.681273705	5	5
337.2	1.68712252	5	5
337.45	1.693060087	5	5
337.7	1.699067941	5	5
337.95	1.705070371	5	5
338.2	1.710948138	5	5
338.45	1.716565191	5	5
338.7	1.721802004	5	5
338.95	1.726586454	5	5
339.2	1.730913181	5	5
339.45	1.734845385	5	5
339.7	1.738498094	5	5
339.95	1.742007351	5	5
340.2	1.745493739	5	5
340.45	1.749030212	5	5
340.7	1.752623119	5	5
340.95	1.756212132	5	5
341.2	1.759690134	5	5
341.45	1.762938692	5	5
341.7	1.765869587	5	5
341.95	1.768459407	5	5
342.2	1.770764337	5	5
342.45	1.772907033	5	5
342.7	1.775036428	5	5
342.95	1.777271805	5	5
343.2	1.779650255	5	5
343.45	1.782097934	5	5
343.7	1.784438626	5	5
343.95	1.786440062	5	5
344.2	1.787883946	5	5
344.45	1.788635782	5	5
344.7	1.788689601	5	5
344.95	1.788171185	5	5
345.2	1.787298264	5	5
345.45	1.786311522	5	5
345.7	1.785400265	5	5
345.95	1.784647752	5	5
346.2	1.784013385	5	5
346.45	1.783355645	5	5
346.7	1.782485793	5	5
346.95	1.781232842	5	5
347.2	1.77949809	5	5
347.45	1.777282568	5	5
347.7	1.774680987	5	5
347.95	1.771847234	5	5
348.2	1.768945244	5	5
348.45	1.766102534	5	5
348.7	1.763380996	5	5
348.95	1.760772103	5	5
349.2	1.758214481	5	5
349.45	1.75562426	5	5
349.7	1.752925224	5	5
349.95	1.750067661	5	5
350.2	1.747030608	5	5
350.45	1.743809487	5	5
350.7	1.740396996	5	5
350.95	1.736767235	5	5
351.2	1.732871034	5	5
351.45	1.728645217	5	5
351.7	1.724032484	5	5
351.95	1.71900405	5	5
352.2	1.713575889	5	5
352.45	1.707811706	5	5
352.7	1.701810649	5	5
352.95	1.695683288	5	5
353.2	1.689523639	5	5
353.45	1.683386301	5	5
353.7	1.677275871	5	5
353.95	1.671151435	5	5
354.2	1.664943754	5	5
354.45	1.658578872	5	5
354.7	1.652000445	5	5
354.95	1.645184541	5	5
355.2	1.638144006	5	5
355.45	1.630923121	5	5
355.7	1.623585775	5	5
355.95	1.616201114	5	5
356.2	1.608829868	5	5
356.45	1.601513359	5	5
356.7	1.594266231	5	5
356.95	1.587073714	5	5
357.2	1.579894146	5	5
357.45	1.572667114	5	5
357.7	1.565326565	5	5
357.95	1.557816861	5	5
358.2	1.550108708	5	5
358.45	1.542211786	5	5
358.7	1.534181788	5	5
358.95	1.526121026	5	5
359.2	1.518172977	5	5
359.45	1.510511687	5	5
359.7	1.50332692	5	5
359.95	1.496805857	5	5
360.2	1.491112591	5	5
360.45	1.486367705	5	5
