Kurbelwinkel [°KW]	Zeit [s n. Rechenbeginn]	Brennraumvolumen [m3]	p [bar]	dQb [J/s]	dQb [J/KW]	Qb [J]	T_mittel [K]	 kappa [-]	dQw [J/s]	dQw [J/KW]	Qw [J]	Xb[-]	Qb/Qmax [-]	Alpha [W/(m^2K)]
-139.0	 0.0	 4.3425665127685775E-4	 0.0	 0.0	 0.0	 0.0	 NaN	 NaN	 0.0	 0.0	 0.0	 0.0	 0.0	 NaN	 
-138.5	 4.1630240206485995E-5	 4.3324981035481556E-4	 NaN	 0.0	 0.0	 0.0	 NaN	 NaN	 NaN	 NaN	 NaN	 0.0	 0.0	 NaN	 
-138.0	 8.326048041297199E-5	 4.3223088097734487E-4	 NaN	 0.0	 0.0	 0.0	 NaN	 NaN	 NaN	 NaN	 NaN	 0.0	 0.0	 NaN	 
-137.5	 1.24890720619458E-4	 4.3119987619287943E-4	 NaN	 0.0	 0.0	 0.0	 NaN	 NaN	 NaN	 NaN	 NaN	 0.0	 0.0	 NaN	 
-137.0	 1.6652096082594398E-4	 4.301568097297931E-4	 NaN	 0.0	 0.0	 0.0	 NaN	 NaN	 NaN	 NaN	 NaN	 0.0	 0.0	 NaN	 
-136.5	 2.0815120103242997E-4	 4.2910169601415845E-4	 NaN	 0.0	 0.0	 0.0	 NaN	 NaN	 NaN	 NaN	 NaN	 0.0	 0.0	 NaN	 
-136.0	 2.49781441238916E-4	 4.2803455018762695E-4	 NaN	 0.0	 0.0	 0.0	 NaN	 NaN	 NaN	 NaN	 NaN	 0.0	 0.0	 NaN	 
-135.5	 2.9141168144540194E-4	 4.2695538812542196E-4	 NaN	 0.0	 0.0	 0.0	 NaN	 NaN	 NaN	 NaN	 NaN	 0.0	 0.0	 NaN	 
-135.0	 3.3304192165188796E-4	 4.2586422645444247E-4	 NaN	 0.0	 0.0	 0.0	 NaN	 NaN	 NaN	 NaN	 NaN	 0.0	 0.0	 NaN	 
-134.5	 3.74672161858374E-4	 4.2476108257147007E-4	 NaN	 0.0	 0.0	 0.0	 NaN	 NaN	 NaN	 NaN	 NaN	 0.0	 0.0	 NaN	 
-134.0	 4.1630240206485993E-4	 4.2364597466146997E-4	 NaN	 0.0	 0.0	 0.0	 NaN	 NaN	 NaN	 NaN	 NaN	 0.0	 0.0	 NaN	 
-133.5	 4.5793264227134595E-4	 4.2251892171598596E-4	 NaN	 0.0	 0.0	 0.0	 NaN	 NaN	 NaN	 NaN	 NaN	 0.0	 0.0	 NaN	 
-133.0	 4.99562882477832E-4	 4.2137994355161617E-4	 NaN	 0.0	 0.0	 0.0	 NaN	 NaN	 NaN	 NaN	 NaN	 0.0	 0.0	 NaN	 
-132.5	 5.411931226843179E-4	 4.20229060828567E-4	 NaN	 0.0	 0.0	 0.0	 NaN	 NaN	 NaN	 NaN	 NaN	 0.0	 0.0	 NaN	 
-132.0	 5.828233628908039E-4	 4.190662950692775E-4	 NaN	 0.0	 0.0	 0.0	 NaN	 NaN	 NaN	 NaN	 NaN	 0.0	 0.0	 NaN	 
-131.5	 6.2445360309729E-4	 4.178916686771051E-4	 NaN	 0.0	 0.0	 0.0	 NaN	 NaN	 NaN	 NaN	 NaN	 0.0	 0.0	 NaN	 
-131.0	 6.660838433037759E-4	 4.1670520495506856E-4	 NaN	 0.0	 0.0	 0.0	 NaN	 NaN	 NaN	 NaN	 NaN	 0.0	 0.0	 NaN	 
-130.5	 7.077140835102619E-4	 4.1550692812463726E-4	 NaN	 0.0	 0.0	 0.0	 NaN	 NaN	 NaN	 NaN	 NaN	 0.0	 0.0	 NaN	 
-130.0	 7.49344323716748E-4	 4.142968633445619E-4	 NaN	 0.0	 0.0	 0.0	 NaN	 NaN	 NaN	 NaN	 NaN	 0.0	 0.0	 NaN	 
-129.5	 7.909745639232339E-4	 4.13075036729737E-4	 NaN	 0.0	 0.0	 0.0	 NaN	 NaN	 NaN	 NaN	 NaN	 0.0	 0.0	 NaN	 
-129.0	 8.326048041297199E-4	 4.118414753700883E-4	 NaN	 0.0	 0.0	 0.0	 NaN	 NaN	 NaN	 NaN	 NaN	 0.0	 0.0	 NaN	 
-128.5	 8.742350443362059E-4	 4.105962073494754E-4	 NaN	 0.0	 0.0	 0.0	 NaN	 NaN	 NaN	 NaN	 NaN	 0.0	 0.0	 NaN	 
-128.0	 9.158652845426919E-4	 4.0933926176460266E-4	 NaN	 0.0	 0.0	 0.0	 NaN	 NaN	 NaN	 NaN	 NaN	 0.0	 0.0	 NaN	 
-127.5	 9.574955247491779E-4	 4.08070668743929E-4	 NaN	 0.0	 0.0	 0.0	 NaN	 NaN	 NaN	 NaN	 NaN	 0.0	 0.0	 NaN	 
-127.0	 9.99125764955664E-4	 4.067904594665684E-4	 NaN	 0.0	 0.0	 0.0	 NaN	 NaN	 NaN	 NaN	 NaN	 0.0	 0.0	 NaN	 
-126.5	 0.0010407560051621499	 4.0549866618117046E-4	 NaN	 0.0	 0.0	 0.0	 NaN	 NaN	 NaN	 NaN	 NaN	 0.0	 0.0	 NaN	 
-126.0	 0.0010823862453686359	 4.0419532222477555E-4	 NaN	 0.0	 0.0	 0.0	 NaN	 NaN	 NaN	 NaN	 NaN	 0.0	 0.0	 NaN	 
-125.5	 0.0011240164855751218	 4.0288046204163037E-4	 NaN	 0.0	 0.0	 0.0	 NaN	 NaN	 NaN	 NaN	 NaN	 0.0	 0.0	 NaN	 
-125.0	 0.0011656467257816078	 4.015541212019585E-4	 NaN	 0.0	 0.0	 0.0	 NaN	 NaN	 NaN	 NaN	 NaN	 0.0	 0.0	 NaN	 
-124.5	 0.001207276965988094	 4.0021633642067523E-4	 NaN	 0.0	 0.0	 0.0	 NaN	 NaN	 NaN	 NaN	 NaN	 0.0	 0.0	 NaN	 
-124.0	 0.00124890720619458	 3.9886714557603545E-4	 NaN	 0.0	 0.0	 0.0	 NaN	 NaN	 NaN	 NaN	 NaN	 0.0	 0.0	 NaN	 
-123.5	 0.0012905374464010659	 3.9750658772820725E-4	 NaN	 0.0	 0.0	 0.0	 NaN	 NaN	 NaN	 NaN	 NaN	 0.0	 0.0	 NaN	 
-123.0	 0.0013321676866075518	 3.9613470313775833E-4	 NaN	 0.0	 0.0	 0.0	 NaN	 NaN	 NaN	 NaN	 NaN	 0.0	 0.0	 NaN	 
-122.5	 0.0013737979268140378	 3.9475153328404804E-4	 NaN	 0.0	 0.0	 0.0	 NaN	 NaN	 NaN	 NaN	 NaN	 0.0	 0.0	 NaN	 
-122.0	 0.0014154281670205238	 3.933571208835126E-4	 NaN	 0.0	 0.0	 0.0	 NaN	 NaN	 NaN	 NaN	 NaN	 0.0	 0.0	 NaN	 
-121.5	 0.0014570584072270097	 3.9195150990783376E-4	 NaN	 0.0	 0.0	 0.0	 NaN	 NaN	 NaN	 NaN	 NaN	 0.0	 0.0	 NaN	 
-121.0	 0.001498688647433496	 3.9053474560197984E-4	 NaN	 0.0	 0.0	 0.0	 NaN	 NaN	 NaN	 NaN	 NaN	 0.0	 0.0	 NaN	 
-120.5	 0.0015403188876399819	 3.8910687450211033E-4	 NaN	 0.0	 0.0	 0.0	 NaN	 NaN	 NaN	 NaN	 NaN	 0.0	 0.0	 NaN	 
-120.0	 0.0015819491278464678	 3.876679444533306E-4	 NaN	 0.0	 0.0	 0.0	 NaN	 NaN	 NaN	 NaN	 NaN	 0.0	 0.0	 NaN	 
-119.5	 0.0016235793680529538	 3.862180046272887E-4	 NaN	 0.0	 0.0	 0.0	 NaN	 NaN	 NaN	 NaN	 NaN	 0.0	 0.0	 NaN	 
-119.0	 0.0016652096082594397	 3.8475710553959887E-4	 NaN	 0.0	 0.0	 0.0	 NaN	 NaN	 NaN	 NaN	 NaN	 0.0	 0.0	 NaN	 
-118.5	 0.0017068398484659257	 3.832852990670876E-4	 NaN	 0.0	 0.0	 0.0	 NaN	 NaN	 NaN	 NaN	 NaN	 0.0	 0.0	 NaN	 
-118.0	 0.0017484700886724119	 3.818026384648433E-4	 NaN	 0.0	 0.0	 0.0	 NaN	 NaN	 NaN	 NaN	 NaN	 0.0	 0.0	 NaN	 
-117.5	 0.0017901003288788978	 3.803091783830646E-4	 NaN	 0.0	 0.0	 0.0	 NaN	 NaN	 NaN	 NaN	 NaN	 0.0	 0.0	 NaN	 
-117.0	 0.0018317305690853838	 3.788049748836924E-4	 NaN	 0.0	 0.0	 0.0	 NaN	 NaN	 NaN	 NaN	 NaN	 0.0	 0.0	 NaN	 
-116.5	 0.0018733608092918698	 3.772900854568157E-4	 NaN	 0.0	 0.0	 0.0	 NaN	 NaN	 NaN	 NaN	 NaN	 0.0	 0.0	 NaN	 
-116.0	 0.0019149910494983557	 3.757645690368394E-4	 NaN	 0.0	 0.0	 0.0	 NaN	 NaN	 NaN	 NaN	 NaN	 0.0	 0.0	 NaN	 
-115.5	 0.0019566212897048417	 3.7422848601840293E-4	 NaN	 0.0	 0.0	 0.0	 NaN	 NaN	 NaN	 NaN	 NaN	 0.0	 0.0	 NaN	 
-115.0	 0.001998251529911328	 3.726818982720386E-4	 NaN	 0.0	 0.0	 0.0	 NaN	 NaN	 NaN	 NaN	 NaN	 0.0	 0.0	 NaN	 
-114.5	 0.0020398817701178136	 3.7112486915955614E-4	 NaN	 0.0	 0.0	 0.0	 NaN	 NaN	 NaN	 NaN	 NaN	 0.0	 0.0	 NaN	 
-114.0	 0.0020815120103242998	 3.6955746354914537E-4	 NaN	 0.0	 0.0	 0.0	 NaN	 NaN	 NaN	 NaN	 NaN	 0.0	 0.0	 NaN	 
-113.5	 0.0021231422505307855	 3.679797478301823E-4	 NaN	 0.0	 0.0	 0.0	 NaN	 NaN	 NaN	 NaN	 NaN	 0.0	 0.0	 NaN	 
-113.0	 0.0021647724907372717	 3.6639178992772873E-4	 NaN	 0.0	 0.0	 0.0	 NaN	 NaN	 NaN	 NaN	 NaN	 0.0	 0.0	 NaN	 
-112.5	 0.002206402730943758	 3.647936593167135E-4	 NaN	 0.0	 0.0	 0.0	 NaN	 NaN	 NaN	 NaN	 NaN	 0.0	 0.0	 NaN	 
-112.0	 0.0022480329711502436	 3.631854270357848E-4	 NaN	 0.0	 0.0	 0.0	 NaN	 NaN	 NaN	 NaN	 NaN	 0.0	 0.0	 NaN	 
-111.5	 0.00228966321135673	 3.6156716570082E-4	 NaN	 0.0	 0.0	 0.0	 NaN	 NaN	 NaN	 NaN	 NaN	 0.0	 0.0	 NaN	 
-111.0	 0.0023312934515632155	 3.599389495180834E-4	 NaN	 0.0	 0.0	 0.0	 NaN	 NaN	 NaN	 NaN	 NaN	 0.0	 0.0	 NaN	 
-110.5	 0.0023729236917697017	 3.583008542970213E-4	 NaN	 0.0	 0.0	 0.0	 NaN	 NaN	 NaN	 NaN	 NaN	 0.0	 0.0	 NaN	 
-110.0	 0.002414553931976188	 3.566529574626798E-4	 NaN	 0.0	 0.0	 0.0	 NaN	 NaN	 NaN	 NaN	 NaN	 0.0	 0.0	 NaN	 
-109.5	 0.0024561841721826736	 3.5499533806773796E-4	 NaN	 0.0	 0.0	 0.0	 NaN	 NaN	 NaN	 NaN	 NaN	 0.0	 0.0	 NaN	 
-109.0	 0.00249781441238916	 3.5332807680414326E-4	 NaN	 0.0	 0.0	 0.0	 NaN	 NaN	 NaN	 NaN	 NaN	 0.0	 0.0	 NaN	 
-108.5	 0.0025394446525956456	 3.5165125601433796E-4	 NaN	 0.0	 0.0	 0.0	 NaN	 NaN	 NaN	 NaN	 NaN	 0.0	 0.0	 NaN	 
-108.0	 0.0025810748928021317	 3.499649597020669E-4	 NaN	 0.0	 0.0	 0.0	 NaN	 NaN	 NaN	 NaN	 NaN	 0.0	 0.0	 NaN	 
-107.5	 0.0026227051330086175	 3.4826927354275497E-4	 NaN	 0.0	 0.0	 0.0	 NaN	 NaN	 NaN	 NaN	 NaN	 0.0	 0.0	 NaN	 
-107.0	 0.0026643353732151037	 3.4656428489344466E-4	 NaN	 0.0	 0.0	 0.0	 NaN	 NaN	 NaN	 NaN	 NaN	 0.0	 0.0	 NaN	 
-106.5	 0.00270596561342159	 3.448500828022812E-4	 NaN	 0.0	 0.0	 0.0	 NaN	 NaN	 NaN	 NaN	 NaN	 0.0	 0.0	 NaN	 
-106.0	 0.0027475958536280756	 3.431267580175368E-4	 NaN	 0.0	 0.0	 0.0	 NaN	 NaN	 NaN	 NaN	 NaN	 0.0	 0.0	 NaN	 
-105.5	 0.0027892260938345618	 3.41394402996165E-4	 NaN	 0.0	 0.0	 0.0	 NaN	 NaN	 NaN	 NaN	 NaN	 0.0	 0.0	 NaN	 
-105.0	 0.0028308563340410475	 3.396531119118697E-4	 NaN	 0.0	 0.0	 0.0	 NaN	 NaN	 NaN	 NaN	 NaN	 0.0	 0.0	 NaN	 
-104.5	 0.0028724865742475337	 3.3790298066268745E-4	 NaN	 0.0	 0.0	 0.0	 NaN	 NaN	 NaN	 NaN	 NaN	 0.0	 0.0	 NaN	 
-104.0	 0.0029141168144540194	 3.361441068780643E-4	 NaN	 0.0	 0.0	 0.0	 NaN	 NaN	 NaN	 NaN	 NaN	 0.0	 0.0	 NaN	 
-103.5	 0.0029557470546605056	 3.343765899254255E-4	 NaN	 0.0	 0.0	 0.0	 NaN	 NaN	 NaN	 NaN	 NaN	 0.0	 0.0	 NaN	 
-103.0	 0.002997377294866992	 3.3260053091622446E-4	 NaN	 0.0	 0.0	 0.0	 NaN	 NaN	 NaN	 NaN	 NaN	 0.0	 0.0	 NaN	 
-102.5	 0.0030390075350734775	 3.308160327114635E-4	 NaN	 0.0	 0.0	 0.0	 NaN	 NaN	 NaN	 NaN	 NaN	 0.0	 0.0	 NaN	 
-102.0	 0.0030806377752799637	 3.2902319992667673E-4	 NaN	 0.0	 0.0	 0.0	 NaN	 NaN	 NaN	 NaN	 NaN	 0.0	 0.0	 NaN	 
-101.5	 0.0031222680154864495	 3.272221389363686E-4	 NaN	 0.0	 0.0	 0.0	 NaN	 NaN	 NaN	 NaN	 NaN	 0.0	 0.0	 NaN	 
-101.0	 0.0031638982556929356	 3.254129578778976E-4	 NaN	 0.0	 0.0	 0.0	 NaN	 NaN	 NaN	 NaN	 NaN	 0.0	 0.0	 NaN	 
-100.5	 0.003205528495899422	 3.2359576665479925E-4	 NaN	 0.0	 0.0	 0.0	 NaN	 NaN	 NaN	 NaN	 NaN	 0.0	 0.0	 NaN	 
-100.0	 0.0032471587361059076	 3.2177067693953836E-4	 NaN	 0.0	 0.0	 0.0	 NaN	 NaN	 NaN	 NaN	 NaN	 0.0	 0.0	 NaN	 
-99.5	 0.0032887889763123937	 3.199378021756865E-4	 NaN	 0.0	 0.0	 0.0	 NaN	 NaN	 NaN	 NaN	 NaN	 0.0	 0.0	 NaN	 
-99.0	 0.0033304192165188795	 3.1809725757951386E-4	 NaN	 0.0	 0.0	 0.0	 NaN	 NaN	 NaN	 NaN	 NaN	 0.0	 0.0	 NaN	 
-98.5	 0.0033720494567253657	 3.162491601409913E-4	 NaN	 0.0	 0.0	 0.0	 NaN	 NaN	 NaN	 NaN	 NaN	 0.0	 0.0	 NaN	 
-98.0	 0.0034136796969318514	 3.143936286241967E-4	 NaN	 0.0	 0.0	 0.0	 NaN	 NaN	 NaN	 NaN	 NaN	 0.0	 0.0	 NaN	 
-97.5	 0.0034553099371383376	 3.1253078356711635E-4	 NaN	 0.0	 0.0	 0.0	 NaN	 NaN	 NaN	 NaN	 NaN	 0.0	 0.0	 NaN	 
-97.0	 0.0034969401773448238	 3.10660747280839E-4	 NaN	 0.0	 0.0	 0.0	 NaN	 NaN	 NaN	 NaN	 NaN	 0.0	 0.0	 NaN	 
-96.5	 0.0035385704175513095	 3.087836438481345E-4	 NaN	 0.0	 0.0	 0.0	 NaN	 NaN	 NaN	 NaN	 NaN	 0.0	 0.0	 NaN	 
-96.0	 0.0035802006577577957	 3.0689959912141477E-4	 NaN	 0.0	 0.0	 0.0	 NaN	 NaN	 NaN	 NaN	 NaN	 0.0	 0.0	 NaN	 
-95.5	 0.0036218308979642814	 3.050087407200689E-4	 NaN	 0.0	 0.0	 0.0	 NaN	 NaN	 NaN	 NaN	 NaN	 0.0	 0.0	 NaN	 
-95.0	 0.0036634611381707676	 3.0311119802717057E-4	 NaN	 0.0	 0.0	 0.0	 NaN	 NaN	 NaN	 NaN	 NaN	 0.0	 0.0	 NaN	 
-94.5	 0.0037050913783772533	 3.0120710218555397E-4	 NaN	 0.0	 0.0	 0.0	 NaN	 NaN	 NaN	 NaN	 NaN	 0.0	 0.0	 NaN	 
-94.0	 0.0037467216185837395	 2.9929658609325173E-4	 NaN	 0.0	 0.0	 0.0	 NaN	 NaN	 NaN	 NaN	 NaN	 0.0	 0.0	 NaN	 
-93.5	 0.0037883518587902257	 2.9737978439829476E-4	 NaN	 0.0	 0.0	 0.0	 NaN	 NaN	 NaN	 NaN	 NaN	 0.0	 0.0	 NaN	 
-93.0	 0.0038299820989967114	 2.9545683349286965E-4	 NaN	 0.0	 0.0	 0.0	 NaN	 NaN	 NaN	 NaN	 NaN	 0.0	 0.0	 NaN	 
-92.5	 0.0038716123392031976	 2.9352787150683135E-4	 NaN	 0.0	 0.0	 0.0	 NaN	 NaN	 NaN	 NaN	 NaN	 0.0	 0.0	 NaN	 
-92.0	 0.003913242579409683	 2.9159303830056794E-4	 NaN	 0.0	 0.0	 0.0	 NaN	 NaN	 NaN	 NaN	 NaN	 0.0	 0.0	 NaN	 
-91.5	 0.003954872819616169	 2.896524754572182E-4	 NaN	 0.0	 0.0	 0.0	 NaN	 NaN	 NaN	 NaN	 NaN	 0.0	 0.0	 NaN	 
-91.0	 0.003996503059822656	 2.877063262742383E-4	 NaN	 0.0	 0.0	 0.0	 NaN	 NaN	 NaN	 NaN	 NaN	 0.0	 0.0	 NaN	 
-90.5	 0.0040381333000291415	 2.8575473575431765E-4	 NaN	 0.0	 0.0	 0.0	 NaN	 NaN	 NaN	 NaN	 NaN	 0.0	 0.0	 NaN	 
-90.0	 0.004079763540235627	 2.8379785059564423E-4	 NaN	 0.0	 0.0	 0.0	 NaN	 NaN	 NaN	 NaN	 NaN	 0.0	 0.0	 NaN	 
-89.5	 0.004121393780442114	 2.818358191815164E-4	 NaN	 0.0	 0.0	 0.0	 NaN	 NaN	 NaN	 NaN	 NaN	 0.0	 0.0	 NaN	 
-89.0	 0.0041630240206485996	 2.7986879156930523E-4	 NaN	 0.0	 0.0	 0.0	 NaN	 NaN	 NaN	 NaN	 NaN	 0.0	 0.0	 NaN	 
-88.5	 0.004204654260855085	 2.7789691947876556E-4	 NaN	 0.0	 0.0	 0.0	 NaN	 NaN	 NaN	 NaN	 NaN	 0.0	 0.0	 NaN	 
-88.0	 0.004246284501061571	 2.7592035627969685E-4	 NaN	 0.0	 0.0	 0.0	 NaN	 NaN	 NaN	 NaN	 NaN	 0.0	 0.0	 NaN	 
-87.5	 0.004287914741268058	 2.7393925697895695E-4	 NaN	 0.0	 0.0	 0.0	 NaN	 NaN	 NaN	 NaN	 NaN	 0.0	 0.0	 NaN	 
-87.0	 0.004329544981474543	 2.7195377820682875E-4	 NaN	 0.0	 0.0	 0.0	 NaN	 NaN	 NaN	 NaN	 NaN	 0.0	 0.0	 NaN	 
-86.5	 0.004371175221681029	 2.699640782027429E-4	 NaN	 0.0	 0.0	 0.0	 NaN	 NaN	 NaN	 NaN	 NaN	 0.0	 0.0	 NaN	 
-86.0	 0.004412805461887516	 2.679703168003602E-4	 NaN	 0.0	 0.0	 0.0	 NaN	 NaN	 NaN	 NaN	 NaN	 0.0	 0.0	 NaN	 
-85.5	 0.0044544357020940015	 2.6597265541201406E-4	 NaN	 0.0	 0.0	 0.0	 NaN	 NaN	 NaN	 NaN	 NaN	 0.0	 0.0	 NaN	 
-85.0	 0.004496065942300487	 2.6397125701251977E-4	 NaN	 0.0	 0.0	 0.0	 NaN	 NaN	 NaN	 NaN	 NaN	 0.0	 0.0	 NaN	 
-84.5	 0.004537696182506974	 2.619662861223516E-4	 NaN	 0.0	 0.0	 0.0	 NaN	 NaN	 NaN	 NaN	 NaN	 0.0	 0.0	 NaN	 
-84.0	 0.00457932642271346	 2.5995790879019474E-4	 NaN	 0.0	 0.0	 0.0	 NaN	 NaN	 NaN	 NaN	 NaN	 0.0	 0.0	 NaN	 
-83.5	 0.004620956662919945	 2.579462925748723E-4	 NaN	 0.0	 0.0	 0.0	 NaN	 NaN	 NaN	 NaN	 NaN	 0.0	 0.0	 NaN	 
-83.0	 0.004662586903126431	 2.559316065266587E-4	 NaN	 0.0	 0.0	 0.0	 NaN	 NaN	 NaN	 NaN	 NaN	 0.0	 0.0	 NaN	 
-82.5	 0.004704217143332918	 2.539140211679791E-4	 NaN	 0.0	 0.0	 0.0	 NaN	 NaN	 NaN	 NaN	 NaN	 0.0	 0.0	 NaN	 
-82.0	 0.0047458473835394034	 2.518937084735033E-4	 NaN	 0.0	 0.0	 0.0	 NaN	 NaN	 NaN	 NaN	 NaN	 0.0	 0.0	 NaN	 
-81.5	 0.004787477623745889	 2.498708418496393E-4	 NaN	 0.0	 0.0	 0.0	 NaN	 NaN	 NaN	 NaN	 NaN	 0.0	 0.0	 NaN	 
-81.0	 0.004829107863952376	 2.478455961134353E-4	 NaN	 0.0	 0.0	 0.0	 NaN	 NaN	 NaN	 NaN	 NaN	 0.0	 0.0	 NaN	 
-80.5	 0.0048707381041588615	 2.4581814747089256E-4	 NaN	 0.0	 0.0	 0.0	 NaN	 NaN	 NaN	 NaN	 NaN	 0.0	 0.0	 NaN	 
-80.0	 0.004912368344365347	 2.437886734947007E-4	 NaN	 0.0	 0.0	 0.0	 NaN	 NaN	 NaN	 NaN	 NaN	 0.0	 0.0	 NaN	 
-79.5	 0.004953998584571833	 2.4175735310139954E-4	 NaN	 0.0	 0.0	 0.0	 NaN	 NaN	 NaN	 NaN	 NaN	 0.0	 0.0	 NaN	 
-79.0	 0.00499562882477832	 2.3972436652797838E-4	 NaN	 0.0	 0.0	 0.0	 NaN	 NaN	 NaN	 NaN	 NaN	 0.0	 0.0	 NaN	 
-78.5	 0.005037259064984805	 2.3768989530791805E-4	 NaN	 0.0	 0.0	 0.0	 NaN	 NaN	 NaN	 NaN	 NaN	 0.0	 0.0	 NaN	 
-78.0	 0.005078889305191291	 2.3565412224668534E-4	 NaN	 0.0	 0.0	 0.0	 NaN	 NaN	 NaN	 NaN	 NaN	 0.0	 0.0	 NaN	 
-77.5	 0.005120519545397778	 2.3361723139668977E-4	 NaN	 0.0	 0.0	 0.0	 NaN	 NaN	 NaN	 NaN	 NaN	 0.0	 0.0	 NaN	 
-77.0	 0.0051621497856042635	 2.31579408031709E-4	 NaN	 0.0	 0.0	 0.0	 NaN	 NaN	 NaN	 NaN	 NaN	 0.0	 0.0	 NaN	 
-76.5	 0.005203780025810749	 2.2954083862079496E-4	 NaN	 0.0	 0.0	 0.0	 NaN	 NaN	 NaN	 NaN	 NaN	 0.0	 0.0	 NaN	 
-76.0	 0.005245410266017235	 2.2750171080166865E-4	 NaN	 0.0	 0.0	 0.0	 NaN	 NaN	 NaN	 NaN	 NaN	 0.0	 0.0	 NaN	 
-75.5	 0.005287040506223722	 2.2546221335361416E-4	 NaN	 0.0	 0.0	 0.0	 NaN	 NaN	 NaN	 NaN	 NaN	 0.0	 0.0	 NaN	 
-75.0	 0.005328670746430207	 2.234225361698815E-4	 NaN	 0.0	 0.0	 0.0	 NaN	 NaN	 NaN	 NaN	 NaN	 0.0	 0.0	 NaN	 
-74.50000000000001	 0.005370300986636693	 2.2138287022960943E-4	 NaN	 0.0	 0.0	 0.0	 NaN	 NaN	 NaN	 NaN	 NaN	 0.0	 0.0	 NaN	 
-74.0	 0.00541193122684318	 2.1934340756927777E-4	 NaN	 0.0	 0.0	 0.0	 NaN	 NaN	 NaN	 NaN	 NaN	 0.0	 0.0	 NaN	 
-73.5	 0.0054535614670496654	 2.1730434125370192E-4	 NaN	 0.0	 0.0	 0.0	 NaN	 NaN	 NaN	 NaN	 NaN	 0.0	 0.0	 NaN	 
-73.0	 0.005495191707256151	 2.1526586534657754E-4	 NaN	 0.0	 0.0	 0.0	 NaN	 NaN	 NaN	 NaN	 NaN	 0.0	 0.0	 NaN	 
-72.50000000000001	 0.005536821947462637	 2.1322817488059114E-4	 NaN	 0.0	 0.0	 0.0	 NaN	 NaN	 NaN	 NaN	 NaN	 0.0	 0.0	 NaN	 
-72.0	 0.0055784521876691235	 2.1119146582710208E-4	 NaN	 0.0	 0.0	 0.0	 NaN	 NaN	 NaN	 NaN	 NaN	 0.0	 0.0	 NaN	 
-71.5	 0.005620082427875609	 2.0915593506541433E-4	 NaN	 0.0	 0.0	 0.0	 NaN	 NaN	 NaN	 NaN	 NaN	 0.0	 0.0	 NaN	 
-71.00000000000001	 0.005661712668082095	 2.071217803516443E-4	 NaN	 0.0	 0.0	 0.0	 NaN	 NaN	 NaN	 NaN	 NaN	 0.0	 0.0	 NaN	 
-70.5	 0.005703342908288582	 2.050892002871988E-4	 NaN	 0.0	 0.0	 0.0	 NaN	 NaN	 NaN	 NaN	 NaN	 0.0	 0.0	 NaN	 
-70.0	 0.005744973148495067	 2.0305839428687772E-4	 NaN	 0.0	 0.0	 0.0	 NaN	 NaN	 NaN	 NaN	 NaN	 0.0	 0.0	 NaN	 
-69.5	 0.005786603388701553	 2.0102956254660788E-4	 NaN	 0.0	 0.0	 0.0	 NaN	 NaN	 NaN	 NaN	 NaN	 0.0	 0.0	 NaN	 
-69.00000000000001	 0.005828233628908039	 1.9900290601082606E-4	 NaN	 0.0	 0.0	 0.0	 NaN	 NaN	 NaN	 NaN	 NaN	 0.0	 0.0	 NaN	 
-68.5	 0.0058698638691145255	 1.9697862633952088E-4	 NaN	 0.0	 0.0	 0.0	 NaN	 NaN	 NaN	 NaN	 NaN	 0.0	 0.0	 NaN	 
-68.0	 0.005911494109321011	 1.9495692587494692E-4	 NaN	 0.0	 0.0	 0.0	 NaN	 NaN	 NaN	 NaN	 NaN	 0.0	 0.0	 NaN	 
-67.50000000000001	 0.005953124349527497	 1.929380076080232E-4	 NaN	 0.0	 0.0	 0.0	 NaN	 NaN	 NaN	 NaN	 NaN	 0.0	 0.0	 NaN	 
-67.0	 0.005994754589733984	 1.909220751444298E-4	 NaN	 0.0	 0.0	 0.0	 NaN	 NaN	 NaN	 NaN	 NaN	 0.0	 0.0	 NaN	 
-66.5	 0.006036384829940469	 1.8890933267041418E-4	 NaN	 0.0	 0.0	 0.0	 NaN	 NaN	 NaN	 NaN	 NaN	 0.0	 0.0	 NaN	 
-66.00000000000001	 0.006078015070146955	 1.8689998491832181E-4	 NaN	 0.0	 0.0	 0.0	 NaN	 NaN	 NaN	 NaN	 NaN	 0.0	 0.0	 NaN	 
-65.50000000000001	 0.006119645310353441	 1.848942371318619E-4	 NaN	 0.0	 0.0	 0.0	 NaN	 NaN	 NaN	 NaN	 NaN	 0.0	 0.0	 NaN	 
-65.0	 0.006161275550559927	 1.8289229503112408E-4	 NaN	 0.0	 0.0	 0.0	 NaN	 NaN	 NaN	 NaN	 NaN	 0.0	 0.0	 NaN	 
-64.5	 0.006202905790766413	 1.8089436477735493E-4	 NaN	 0.0	 0.0	 0.0	 NaN	 NaN	 NaN	 NaN	 NaN	 0.0	 0.0	 NaN	 
-64.00000000000001	 0.006244536030972899	 1.7890065293751413E-4	 NaN	 0.0	 0.0	 0.0	 NaN	 NaN	 NaN	 NaN	 NaN	 0.0	 0.0	 NaN	 
-63.5	 0.0062861662711793855	 1.769113664486137E-4	 NaN	 0.0	 0.0	 0.0	 NaN	 NaN	 NaN	 NaN	 NaN	 0.0	 0.0	 NaN	 
-63.0	 0.006327796511385871	 1.7492671258186388E-4	 NaN	 0.0	 0.0	 0.0	 NaN	 NaN	 NaN	 NaN	 NaN	 0.0	 0.0	 NaN	 
-62.500000000000014	 0.006369426751592357	 1.729468989066307E-4	 NaN	 0.0	 0.0	 0.0	 NaN	 NaN	 NaN	 NaN	 NaN	 0.0	 0.0	 NaN	 
-62.0	 0.006411056991798844	 1.7097213325422184E-4	 NaN	 0.0	 0.0	 0.0	 NaN	 NaN	 NaN	 NaN	 NaN	 0.0	 0.0	 NaN	 
-61.5	 0.006452687232005329	 1.6900262368151365E-4	 NaN	 0.0	 0.0	 0.0	 NaN	 NaN	 NaN	 NaN	 NaN	 0.0	 0.0	 NaN	 
-61.0	 0.006494317472211815	 1.6703857843443237E-4	 NaN	 0.0	 0.0	 0.0	 NaN	 NaN	 NaN	 NaN	 NaN	 0.0	 0.0	 NaN	 
-60.500000000000014	 0.006535947712418301	 1.6508020591130023E-4	 NaN	 0.0	 0.0	 0.0	 NaN	 NaN	 NaN	 NaN	 NaN	 0.0	 0.0	 NaN	 
-60.0	 0.0065775779526247875	 1.6312771462606213E-4	 NaN	 0.0	 0.0	 0.0	 NaN	 NaN	 NaN	 NaN	 NaN	 0.0	 0.0	 NaN	 
-59.5	 0.006619208192831273	 1.6118131317140603E-4	 NaN	 0.0	 0.0	 0.0	 NaN	 NaN	 NaN	 NaN	 NaN	 0.0	 0.0	 NaN	 
-59.000000000000014	 0.006660838433037759	 1.5924121018178502E-4	 NaN	 0.0	 0.0	 0.0	 NaN	 NaN	 NaN	 NaN	 NaN	 0.0	 0.0	 NaN	 
-58.5	 0.0067024686732442456	 1.5730761429635963E-4	 NaN	 0.0	 0.0	 0.0	 NaN	 NaN	 NaN	 NaN	 NaN	 0.0	 0.0	 NaN	 
-58.0	 0.006744098913450731	 1.553807341218711E-4	 NaN	 0.0	 0.0	 0.0	 NaN	 NaN	 NaN	 NaN	 NaN	 0.0	 0.0	 NaN	 
-57.5	 0.006785729153657217	 1.5346077819545386E-4	 NaN	 0.0	 0.0	 0.0	 NaN	 NaN	 NaN	 NaN	 NaN	 0.0	 0.0	 NaN	 
-57.000000000000014	 0.006827359393863703	 1.5154795494740658E-4	 NaN	 0.0	 0.0	 0.0	 NaN	 NaN	 NaN	 NaN	 NaN	 0.0	 0.0	 NaN	 
-56.5	 0.006868989634070189	 1.496424726639287E-4	 NaN	 0.0	 0.0	 0.0	 NaN	 NaN	 NaN	 NaN	 NaN	 0.0	 0.0	 NaN	 
-56.0	 0.006910619874276675	 1.4774453944983745E-4	 NaN	 0.0	 0.0	 0.0	 NaN	 NaN	 NaN	 NaN	 NaN	 0.0	 0.0	 NaN	 
-55.500000000000014	 0.006952250114483161	 1.4585436319127477E-4	 NaN	 0.0	 0.0	 0.0	 NaN	 NaN	 NaN	 NaN	 NaN	 0.0	 0.0	 NaN	 
-55.0	 0.0069938803546896475	 1.4397215151841944E-4	 NaN	 0.0	 0.0	 0.0	 NaN	 NaN	 NaN	 NaN	 NaN	 0.0	 0.0	 NaN	 
-54.5	 0.007035510594896133	 1.420981117682133E-4	 NaN	 0.0	 0.0	 0.0	 NaN	 NaN	 NaN	 NaN	 NaN	 0.0	 0.0	 NaN	 
-54.000000000000014	 0.007077140835102619	 1.4023245094711394E-4	 NaN	 0.0	 0.0	 0.0	 NaN	 NaN	 NaN	 NaN	 NaN	 0.0	 0.0	 NaN	 
-53.500000000000014	 0.007118771075309105	 1.3837537569388574E-4	 NaN	 0.0	 0.0	 0.0	 NaN	 NaN	 NaN	 NaN	 NaN	 0.0	 0.0	 NaN	 
-53.0	 0.007160401315515591	 1.3652709224244085E-4	 NaN	 0.0	 0.0	 0.0	 NaN	 NaN	 NaN	 NaN	 NaN	 0.0	 0.0	 NaN	 
-52.5	 0.007202031555722077	 1.3468780638474008E-4	 NaN	 0.0	 0.0	 0.0	 NaN	 NaN	 NaN	 NaN	 NaN	 0.0	 0.0	 NaN	 
-52.000000000000014	 0.007243661795928563	 1.328577234337658E-4	 NaN	 0.0	 0.0	 0.0	 NaN	 NaN	 NaN	 NaN	 NaN	 0.0	 0.0	 NaN	 
-51.5	 0.0072852920361350494	 1.310370481865762E-4	 NaN	 0.0	 0.0	 0.0	 NaN	 NaN	 NaN	 NaN	 NaN	 0.0	 0.0	 NaN	 
-51.0	 0.007326922276341535	 1.2922598488745437E-4	 NaN	 0.0	 0.0	 0.0	 NaN	 NaN	 NaN	 NaN	 NaN	 0.0	 0.0	 NaN	 
-50.500000000000014	 0.007368552516548021	 1.2742473719115914E-4	 NaN	 0.0	 0.0	 0.0	 NaN	 NaN	 NaN	 NaN	 NaN	 0.0	 0.0	 NaN	 
-50.000000000000014	 0.007410182756754507	 1.256335081262899E-4	 NaN	 0.0	 0.0	 0.0	 NaN	 NaN	 NaN	 NaN	 NaN	 0.0	 0.0	 NaN	 
-49.5	 0.007451812996960993	 1.2385250005877662E-4	 NaN	 0.0	 0.0	 0.0	 NaN	 NaN	 NaN	 NaN	 NaN	 0.0	 0.0	 NaN	 
-49.0	 0.007493443237167479	 1.220819146555024E-4	 NaN	 0.0	 0.0	 0.0	 NaN	 NaN	 NaN	 NaN	 NaN	 0.0	 0.0	 NaN	 
-48.500000000000014	 0.007535073477373965	 1.2032195284807037E-4	 NaN	 0.0	 0.0	 0.0	 NaN	 NaN	 NaN	 NaN	 NaN	 0.0	 0.0	 NaN	 
-48.0	 0.007576703717580451	 1.1857281479672245E-4	 NaN	 0.0	 0.0	 0.0	 NaN	 NaN	 NaN	 NaN	 NaN	 0.0	 0.0	 NaN	 
-47.5	 0.007618333957786937	 1.1683469985442241E-4	 NaN	 0.0	 0.0	 0.0	 NaN	 NaN	 NaN	 NaN	 NaN	 0.0	 0.0	 NaN	 
-47.000000000000014	 0.007659964197993423	 1.1510780653110912E-4	 NaN	 0.0	 0.0	 0.0	 NaN	 NaN	 NaN	 NaN	 NaN	 0.0	 0.0	 NaN	 
-46.500000000000014	 0.007701594438199909	 1.1339233245813134E-4	 NaN	 0.0	 0.0	 0.0	 NaN	 NaN	 NaN	 NaN	 NaN	 0.0	 0.0	 NaN	 
-46.0	 0.007743224678406395	 1.1168847435287198E-4	 NaN	 0.0	 0.0	 0.0	 NaN	 NaN	 NaN	 NaN	 NaN	 0.0	 0.0	 NaN	 
-45.500000000000014	 0.007784854918612881	 1.0999642798356975E-4	 NaN	 0.0	 0.0	 0.0	 NaN	 NaN	 NaN	 NaN	 NaN	 0.0	 0.0	 NaN	 
-45.000000000000014	 0.007826485158819367	 1.0831638813434778E-4	 NaN	 0.0	 0.0	 0.0	 NaN	 NaN	 NaN	 NaN	 NaN	 0.0	 0.0	 NaN	 
-44.500000000000014	 0.007868115399025852	 1.0664854857045719E-4	 NaN	 0.0	 0.0	 0.0	 NaN	 NaN	 NaN	 NaN	 NaN	 0.0	 0.0	 NaN	 
-44.000000000000014	 0.007909745639232338	 1.0499310200374271E-4	 NaN	 0.0	 0.0	 0.0	 NaN	 NaN	 NaN	 NaN	 NaN	 0.0	 0.0	 NaN	 
-43.5	 0.007951375879438826	 1.0335024005833971E-4	 NaN	 0.0	 0.0	 0.0	 NaN	 NaN	 NaN	 NaN	 NaN	 0.0	 0.0	 NaN	 
-43.0	 0.007993006119645311	 1.0172015323660903E-4	 NaN	 0.0	 0.0	 0.0	 NaN	 NaN	 NaN	 NaN	 NaN	 0.0	 0.0	 NaN	 
-42.5	 0.008034636359851797	 1.001030308853162E-4	 NaN	 0.0	 0.0	 0.0	 NaN	 NaN	 NaN	 NaN	 NaN	 0.0	 0.0	 NaN	 
-42.000000000000014	 0.008076266600058283	 9.849906116206622E-5	 NaN	 0.0	 0.0	 0.0	 NaN	 NaN	 NaN	 NaN	 NaN	 0.0	 0.0	 NaN	 
-41.500000000000014	 0.008117896840264769	 9.690843100199575E-5	 NaN	 0.0	 0.0	 0.0	 NaN	 NaN	 NaN	 NaN	 NaN	 0.0	 0.0	 NaN	 
-41.000000000000014	 0.008159527080471254	 9.533132608473273E-5	 NaN	 0.0	 0.0	 0.0	 NaN	 NaN	 NaN	 NaN	 NaN	 0.0	 0.0	 NaN	 
-40.500000000000014	 0.00820115732067774	 9.376793080163089E-5	 NaN	 0.0	 0.0	 0.0	 NaN	 NaN	 NaN	 NaN	 NaN	 0.0	 0.0	 NaN	 
-40.0	 0.008242787560884228	 9.221842822328203E-5	 NaN	 0.0	 0.0	 0.0	 NaN	 NaN	 NaN	 NaN	 NaN	 0.0	 0.0	 NaN	 
-39.5	 0.008284417801090713	 9.068300006731483E-5	 NaN	 0.0	 0.0	 0.0	 NaN	 NaN	 NaN	 NaN	 NaN	 0.0	 0.0	 NaN	 
-39.0	 0.008326048041297199	 8.916182666648759E-5	 NaN	 0.0	 0.0	 0.0	 NaN	 NaN	 NaN	 NaN	 NaN	 0.0	 0.0	 NaN	 
-38.500000000000014	 0.008367678281503685	 8.76550869370775E-5	 NaN	 0.0	 0.0	 0.0	 NaN	 NaN	 NaN	 NaN	 NaN	 0.0	 0.0	 NaN	 
-38.000000000000014	 0.00840930852171017	 8.61629583475744E-5	 NaN	 0.0	 0.0	 0.0	 NaN	 NaN	 NaN	 NaN	 NaN	 0.0	 0.0	 NaN	 
-37.500000000000014	 0.008450938761916656	 8.46856168876837E-5	 NaN	 0.0	 0.0	 0.0	 NaN	 NaN	 NaN	 NaN	 NaN	 0.0	 0.0	 NaN	 
-37.000000000000014	 0.008492569002123142	 8.322323703764448E-5	 NaN	 0.0	 0.0	 0.0	 NaN	 NaN	 NaN	 NaN	 NaN	 0.0	 0.0	 NaN	 
-36.5	 0.00853419924232963	 8.177599173786766E-5	 NaN	 0.0	 0.0	 0.0	 NaN	 NaN	 NaN	 NaN	 NaN	 0.0	 0.0	 NaN	 
-36.0	 0.008575829482536115	 8.034405235889848E-5	 NaN	 0.0	 0.0	 0.0	 NaN	 NaN	 NaN	 NaN	 NaN	 0.0	 0.0	 NaN	 
-35.5	 0.008617459722742601	 7.892758867171004E-5	 NaN	 0.0	 0.0	 0.0	 NaN	 NaN	 NaN	 NaN	 NaN	 0.0	 0.0	 NaN	 
-35.000000000000014	 0.008659089962949087	 7.752676881832984E-5	 NaN	 0.0	 0.0	 0.0	 NaN	 NaN	 NaN	 NaN	 NaN	 0.0	 0.0	 NaN	 
-34.500000000000014	 0.008700720203155573	 7.614175928280697E-5	 NaN	 0.0	 0.0	 0.0	 NaN	 NaN	 NaN	 NaN	 NaN	 0.0	 0.0	 NaN	 
-34.000000000000014	 0.008742350443362058	 7.477272486252143E-5	 NaN	 0.0	 0.0	 0.0	 NaN	 NaN	 NaN	 NaN	 NaN	 0.0	 0.0	 NaN	 
-33.500000000000014	 0.008783980683568544	 7.341982863984166E-5	 NaN	 0.0	 0.0	 0.0	 NaN	 NaN	 NaN	 NaN	 NaN	 0.0	 0.0	 NaN	 
-33.0	 0.008825610923775032	 7.208323195413352E-5	 NaN	 0.0	 0.0	 0.0	 NaN	 NaN	 NaN	 NaN	 NaN	 0.0	 0.0	 NaN	 
-32.5	 0.008867241163981517	 7.076309437412517E-5	 NaN	 0.0	 0.0	 0.0	 NaN	 NaN	 NaN	 NaN	 NaN	 0.0	 0.0	 NaN	 
-32.0	 0.008908871404188003	 6.94595736706297E-5	 NaN	 0.0	 0.0	 0.0	 NaN	 NaN	 NaN	 NaN	 NaN	 0.0	 0.0	 NaN	 
-31.500000000000014	 0.008950501644394489	 6.817282578963304E-5	 NaN	 0.0	 0.0	 0.0	 NaN	 NaN	 NaN	 NaN	 NaN	 0.0	 0.0	 NaN	 
-31.000000000000014	 0.008992131884600974	 6.690300482574479E-5	 NaN	 0.0	 0.0	 0.0	 NaN	 NaN	 NaN	 NaN	 NaN	 0.0	 0.0	 NaN	 
-30.500000000000014	 0.00903376212480746	 6.565026299602117E-5	 NaN	 0.0	 0.0	 0.0	 NaN	 NaN	 NaN	 NaN	 NaN	 0.0	 0.0	 NaN	 
-30.0	 0.009075392365013948	 6.441475061416063E-5	 NaN	 0.0	 0.0	 0.0	 NaN	 NaN	 NaN	 NaN	 NaN	 0.0	 0.0	 NaN	 
-29.5	 0.009117022605220433	 6.31966160650724E-5	 NaN	 0.0	 0.0	 0.0	 NaN	 NaN	 NaN	 NaN	 NaN	 0.0	 0.0	 NaN	 
-29.0	 0.00915865284542692	 6.199600577982625E-5	 NaN	 0.0	 0.0	 0.0	 NaN	 NaN	 NaN	 NaN	 NaN	 0.0	 0.0	 NaN	 
-28.5	 0.009200283085633405	 6.081306421098168E-5	 NaN	 0.0	 0.0	 0.0	 NaN	 NaN	 NaN	 NaN	 NaN	 0.0	 0.0	 NaN	 
-28.000000000000014	 0.00924191332583989	 5.964793380830333E-5	 NaN	 0.0	 0.0	 0.0	 NaN	 NaN	 NaN	 NaN	 NaN	 0.0	 0.0	 NaN	 
-27.500000000000014	 0.009283543566046376	 5.8500754994859714E-5	 NaN	 0.0	 0.0	 0.0	 NaN	 NaN	 NaN	 NaN	 NaN	 0.0	 0.0	 NaN	 
-27.000000000000014	 0.009325173806252862	 5.737166614351284E-5	 NaN	 0.0	 0.0	 0.0	 NaN	 NaN	 NaN	 NaN	 NaN	 0.0	 0.0	 NaN	 
-26.5	 0.00936680404645935	 5.626080355379732E-5	 NaN	 0.0	 0.0	 0.0	 NaN	 NaN	 NaN	 NaN	 NaN	 0.0	 0.0	 NaN	 
-26.0	 0.009408434286665835	 5.51683014291955E-5	 NaN	 0.0	 0.0	 0.0	 NaN	 NaN	 NaN	 NaN	 NaN	 0.0	 0.0	 NaN	 
-25.5	 0.009450064526872321	 5.409429185480324E-5	 NaN	 0.0	 0.0	 0.0	 NaN	 NaN	 NaN	 NaN	 NaN	 0.0	 0.0	 NaN	 
-25.0	 0.009491694767078807	 5.303890477539717E-5	 NaN	 0.0	 0.0	 0.0	 NaN	 NaN	 NaN	 NaN	 NaN	 0.0	 0.0	 NaN	 
-24.500000000000014	 0.009533325007285293	 5.2002267973898206E-5	 NaN	 0.0	 0.0	 0.0	 NaN	 NaN	 NaN	 NaN	 NaN	 0.0	 0.0	 NaN	 
-24.000000000000014	 0.009574955247491778	 5.0984507050237164E-5	 NaN	 0.0	 0.0	 0.0	 NaN	 NaN	 NaN	 NaN	 NaN	 0.0	 0.0	 NaN	 
-23.500000000000014	 0.009616585487698264	 4.9985745400621655E-5	 NaN	 0.0	 0.0	 0.0	 NaN	 NaN	 NaN	 NaN	 NaN	 0.0	 0.0	 NaN	 
-23.0	 0.009658215727904752	 4.900610419720819E-5	 NaN	 0.0	 0.0	 0.0	 NaN	 NaN	 NaN	 NaN	 NaN	 0.0	 0.0	 NaN	 
-22.5	 0.009699845968111237	 4.804570236817864E-5	 NaN	 0.0	 0.0	 0.0	 NaN	 NaN	 NaN	 NaN	 NaN	 0.0	 0.0	 NaN	 
-22.0	 0.009741476208317723	 4.710465657822327E-5	 NaN	 0.0	 0.0	 0.0	 NaN	 NaN	 NaN	 NaN	 NaN	 0.0	 0.0	 NaN	 
-21.500000000000014	 0.009783106448524209	 4.618308120943314E-5	 NaN	 0.0	 0.0	 0.0	 NaN	 NaN	 NaN	 NaN	 NaN	 0.0	 0.0	 NaN	 
-21.000000000000014	 0.009824736688730695	 4.528108834259991E-5	 NaN	 0.0	 0.0	 0.0	 NaN	 NaN	 NaN	 NaN	 NaN	 0.0	 0.0	 NaN	 
-20.500000000000014	 0.00986636692893718	 4.439878773892817E-5	 NaN	 0.0	 0.0	 0.0	 NaN	 NaN	 NaN	 NaN	 NaN	 0.0	 0.0	 NaN	 
-20.000000000000014	 0.009907997169143666	 4.353628682215733E-5	 NaN	 0.0	 0.0	 0.0	 NaN	 NaN	 NaN	 NaN	 NaN	 0.0	 0.0	 NaN	 
-19.5	 0.009949627409350154	 4.269369066109634E-5	 NaN	 0.0	 0.0	 0.0	 NaN	 NaN	 NaN	 NaN	 NaN	 0.0	 0.0	 NaN	 
-19.0	 0.00999125764955664	 4.187110195257389E-5	 NaN	 0.0	 0.0	 0.0	 NaN	 NaN	 NaN	 NaN	 NaN	 0.0	 0.0	 NaN	 
-18.5	 0.010032887889763125	 4.106862100479953E-5	 NaN	 0.0	 0.0	 0.0	 NaN	 NaN	 NaN	 NaN	 NaN	 0.0	 0.0	 NaN	 
-18.000000000000014	 0.01007451812996961	 4.028634572114167E-5	 NaN	 0.0	 0.0	 0.0	 NaN	 NaN	 NaN	 NaN	 NaN	 0.0	 0.0	 NaN	 
-17.500000000000014	 0.010116148370176097	 3.952437158432247E-5	 NaN	 0.0	 0.0	 0.0	 NaN	 NaN	 NaN	 NaN	 NaN	 0.0	 0.0	 NaN	 
-17.000000000000014	 0.010157778610382582	 3.87827916410272E-5	 NaN	 0.0	 0.0	 0.0	 NaN	 NaN	 NaN	 NaN	 NaN	 0.0	 0.0	 NaN	 
-16.500000000000014	 0.010199408850589068	 3.8061696486931056E-5	 NaN	 0.0	 0.0	 0.0	 NaN	 NaN	 NaN	 NaN	 NaN	 0.0	 0.0	 NaN	 
-16.0	 0.010241039090795555	 3.7361174252145804E-5	 NaN	 0.0	 0.0	 0.0	 NaN	 NaN	 NaN	 NaN	 NaN	 0.0	 0.0	 NaN	 
-15.5	 0.010282669331002041	 3.668131058708153E-5	 NaN	 0.0	 0.0	 0.0	 NaN	 NaN	 NaN	 NaN	 NaN	 0.0	 0.0	 NaN	 
-15.0	 0.010324299571208527	 3.602218864873006E-5	 NaN	 0.0	 0.0	 0.0	 NaN	 NaN	 NaN	 NaN	 NaN	 0.0	 0.0	 NaN	 
-14.500000000000014	 0.010365929811415013	 3.538388908736533E-5	 NaN	 0.0	 0.0	 0.0	 NaN	 NaN	 NaN	 NaN	 NaN	 0.0	 0.0	 NaN	 
-14.000000000000014	 0.010407560051621498	 3.4766490033665744E-5	 NaN	 0.0	 0.0	 0.0	 NaN	 NaN	 NaN	 NaN	 NaN	 0.0	 0.0	 NaN	 
-13.500000000000014	 0.010449190291827984	 3.417006708625422E-5	 NaN	 0.0	 0.0	 0.0	 NaN	 NaN	 NaN	 NaN	 NaN	 0.0	 0.0	 NaN	 
-13.000000000000014	 0.01049082053203447	 3.359469329966065E-5	 NaN	 0.0	 0.0	 0.0	 NaN	 NaN	 NaN	 NaN	 NaN	 0.0	 0.0	 NaN	 
-12.5	 0.010532450772240957	 3.30404391727029E-5	 NaN	 0.0	 0.0	 0.0	 NaN	 NaN	 NaN	 NaN	 NaN	 0.0	 0.0	 NaN	 
-12.0	 0.010574081012447443	 3.25073726372917E-5	 NaN	 0.0	 0.0	 0.0	 NaN	 NaN	 NaN	 NaN	 NaN	 0.0	 0.0	 NaN	 
-11.5	 0.010615711252653929	 3.199555904765391E-5	 NaN	 0.0	 0.0	 0.0	 NaN	 NaN	 NaN	 NaN	 NaN	 0.0	 0.0	 NaN	 
-11.000000000000014	 0.010657341492860415	 3.150506116997893E-5	 NaN	 0.0	 0.0	 0.0	 NaN	 NaN	 NaN	 NaN	 NaN	 0.0	 0.0	 NaN	 
-10.5	 0.0106989717330669	 3.103593917248655E-5	 NaN	 0.0	 0.0	 0.0	 NaN	 NaN	 NaN	 NaN	 NaN	 0.0	 0.0	 NaN	 
-10.000000000000028	 0.010740601973273386	 3.058825061591619E-5	 NaN	 0.0	 0.0	 0.0	 NaN	 NaN	 NaN	 NaN	 NaN	 0.0	 0.0	 NaN	 
-9.500000000000028	 0.010782232213479872	 3.0162050444438205E-5	 NaN	 0.0	 0.0	 0.0	 NaN	 NaN	 NaN	 NaN	 NaN	 0.0	 0.0	 NaN	 
-9.0	 0.01082386245368636	 2.975739097698807E-5	 NaN	 0.0	 0.0	 0.0	 NaN	 NaN	 NaN	 NaN	 NaN	 0.0	 0.0	 NaN	 
-8.5	 0.010865492693892845	 2.937432189902192E-5	 NaN	 0.0	 0.0	 0.0	 NaN	 NaN	 NaN	 NaN	 NaN	 0.0	 0.0	 NaN	 
-8.0	 0.010907122934099331	 2.9012890254695503E-5	 NaN	 0.0	 0.0	 0.0	 NaN	 NaN	 NaN	 NaN	 NaN	 0.0	 0.0	 NaN	 
-7.5	 0.010948753174305817	 2.867314043946384E-5	 NaN	 0.0	 0.0	 0.0	 NaN	 NaN	 NaN	 NaN	 NaN	 0.0	 0.0	 NaN	 
-7.0	 0.010990383414512302	 2.835511419310579E-5	 NaN	 0.0	 0.0	 0.0	 NaN	 NaN	 NaN	 NaN	 NaN	 0.0	 0.0	 NaN	 
-6.500000000000028	 0.011032013654718788	 2.8058850593169522E-5	 NaN	 0.0	 0.0	 0.0	 NaN	 NaN	 NaN	 NaN	 NaN	 0.0	 0.0	 NaN	 
-6.000000000000028	 0.011073643894925274	 2.77843860488409E-5	 NaN	 0.0	 0.0	 0.0	 NaN	 NaN	 NaN	 NaN	 NaN	 0.0	 0.0	 NaN	 
-5.5	 0.011115274135131761	 2.7531754295235333E-5	 NaN	 0.0	 0.0	 0.0	 NaN	 NaN	 NaN	 NaN	 NaN	 0.0	 0.0	 NaN	 
-5.0	 0.011156904375338247	 2.730098638811179E-5	 NaN	 0.0	 0.0	 0.0	 NaN	 NaN	 NaN	 NaN	 NaN	 0.0	 0.0	 NaN	 
-4.5	 0.011198534615544733	 2.7092110699009107E-5	 NaN	 0.0	 0.0	 0.0	 NaN	 NaN	 NaN	 NaN	 NaN	 0.0	 0.0	 NaN	 
-4.0	 0.011240164855751219	 2.6905152910807108E-5	 NaN	 0.0	 0.0	 0.0	 NaN	 NaN	 NaN	 NaN	 NaN	 0.0	 0.0	 NaN	 
-3.5	 0.011281795095957704	 2.6740136013707795E-5	 NaN	 0.0	 0.0	 0.0	 NaN	 NaN	 NaN	 NaN	 NaN	 0.0	 0.0	 NaN	 
-3.0000000000000284	 0.01132342533616419	 2.6597080301641675E-5	 NaN	 0.0	 0.0	 0.0	 NaN	 NaN	 NaN	 NaN	 NaN	 0.0	 0.0	 NaN	 
-2.5000000000000284	 0.011365055576370676	 2.6476003369095617E-5	 NaN	 0.0	 0.0	 0.0	 NaN	 NaN	 NaN	 NaN	 NaN	 0.0	 0.0	 NaN	 
-2.0	 0.011406685816577163	 2.6376920108364204E-5	 NaN	 0.0	 0.0	 0.0	 NaN	 NaN	 NaN	 NaN	 NaN	 0.0	 0.0	 NaN	 
-1.5	 0.011448316056783649	 2.6299842707223847E-5	 NaN	 0.0	 0.0	 0.0	 NaN	 NaN	 NaN	 NaN	 NaN	 0.0	 0.0	 NaN	 
-1.0	 0.011489946296990135	 2.6244780647029897E-5	 NaN	 0.0	 0.0	 0.0	 NaN	 NaN	 NaN	 NaN	 NaN	 0.0	 0.0	 NaN	 
-0.5	 0.01153157653719662	 2.6211740701235946E-5	 NaN	 0.0	 0.0	 0.0	 NaN	 NaN	 NaN	 NaN	 NaN	 0.0	 0.0	 NaN	 
0.0	 0.011573206777403106	 2.620072693433704E-5	 NaN	 0.0	 0.0	 0.0	 NaN	 NaN	 NaN	 NaN	 NaN	 0.0	 0.0	 NaN	 
0.4999999999999716	 0.011614837017609592	 2.6211740701235946E-5	 NaN	 0.0	 0.0	 0.0	 NaN	 NaN	 NaN	 NaN	 NaN	 0.0	 0.0	 NaN	 
0.9999999999999716	 0.011656467257816078	 2.6244780647029897E-5	 NaN	 0.0	 0.0	 0.0	 NaN	 NaN	 NaN	 NaN	 NaN	 0.0	 0.0	 NaN	 
1.5	 0.011698097498022565	 2.6299842707223847E-5	 NaN	 0.0	 0.0	 0.0	 NaN	 NaN	 NaN	 NaN	 NaN	 0.0	 0.0	 NaN	 
2.0	 0.011739727738229051	 2.6376920108364204E-5	 NaN	 0.0	 0.0	 0.0	 NaN	 NaN	 NaN	 NaN	 NaN	 0.0	 0.0	 NaN	 
2.5	 0.011781357978435537	 2.6476003369095617E-5	 NaN	 0.0	 0.0	 0.0	 NaN	 NaN	 NaN	 NaN	 NaN	 0.0	 0.0	 NaN	 
3.0	 0.011822988218642022	 2.6597080301641675E-5	 NaN	 0.0	 0.0	 0.0	 NaN	 NaN	 NaN	 NaN	 NaN	 0.0	 0.0	 NaN	 
3.5	 0.011864618458848508	 2.6740136013707795E-5	 NaN	 0.0	 0.0	 0.0	 NaN	 NaN	 NaN	 NaN	 NaN	 0.0	 0.0	 NaN	 
3.9999999999999716	 0.011906248699054994	 2.6905152910807108E-5	 NaN	 0.0	 0.0	 0.0	 NaN	 NaN	 NaN	 NaN	 NaN	 0.0	 0.0	 NaN	 
4.499999999999972	 0.01194787893926148	 2.7092110699009107E-5	 NaN	 0.0	 0.0	 0.0	 NaN	 NaN	 NaN	 NaN	 NaN	 0.0	 0.0	 NaN	 
5.0	 0.011989509179467967	 2.730098638811179E-5	 NaN	 0.0	 0.0	 0.0	 NaN	 NaN	 NaN	 NaN	 NaN	 0.0	 0.0	 NaN	 
5.5	 0.012031139419674453	 2.7531754295235333E-5	 NaN	 0.0	 0.0	 0.0	 NaN	 NaN	 NaN	 NaN	 NaN	 0.0	 0.0	 NaN	 
6.0	 0.012072769659880939	 2.77843860488409E-5	 NaN	 0.0	 0.0	 0.0	 NaN	 NaN	 NaN	 NaN	 NaN	 0.0	 0.0	 NaN	 
6.5	 0.012114399900087424	 2.8058850593169522E-5	 NaN	 0.0	 0.0	 0.0	 NaN	 NaN	 NaN	 NaN	 NaN	 0.0	 0.0	 NaN	 
6.999999999999972	 0.01215603014029391	 2.835511419310579E-5	 NaN	 0.0	 0.0	 0.0	 NaN	 NaN	 NaN	 NaN	 NaN	 0.0	 0.0	 NaN	 
7.499999999999972	 0.012197660380500396	 2.867314043946369E-5	 NaN	 0.0	 0.0	 0.0	 NaN	 NaN	 NaN	 NaN	 NaN	 0.0	 0.0	 NaN	 
7.999999999999972	 0.012239290620706882	 2.9012890254695503E-5	 NaN	 0.0	 0.0	 0.0	 NaN	 NaN	 NaN	 NaN	 NaN	 0.0	 0.0	 NaN	 
8.5	 0.012280920860913369	 2.937432189902192E-5	 NaN	 0.0	 0.0	 0.0	 NaN	 NaN	 NaN	 NaN	 NaN	 0.0	 0.0	 NaN	 
9.0	 0.012322551101119855	 2.975739097698807E-5	 NaN	 0.0	 0.0	 0.0	 NaN	 NaN	 NaN	 NaN	 NaN	 0.0	 0.0	 NaN	 
9.5	 0.01236418134132634	 3.0162050444438205E-5	 NaN	 0.0	 0.0	 0.0	 NaN	 NaN	 NaN	 NaN	 NaN	 0.0	 0.0	 NaN	 
10.0	 0.012405811581532826	 3.058825061591619E-5	 NaN	 0.0	 0.0	 0.0	 NaN	 NaN	 NaN	 NaN	 NaN	 0.0	 0.0	 NaN	 
10.499999999999972	 0.012447441821739312	 3.103593917248655E-5	 NaN	 0.0	 0.0	 0.0	 NaN	 NaN	 NaN	 NaN	 NaN	 0.0	 0.0	 NaN	 
10.999999999999972	 0.012489072061945798	 3.150506116997893E-5	 NaN	 0.0	 0.0	 0.0	 NaN	 NaN	 NaN	 NaN	 NaN	 0.0	 0.0	 NaN	 
11.5	 0.012530702302152285	 3.199555904765391E-5	 NaN	 0.0	 0.0	 0.0	 NaN	 NaN	 NaN	 NaN	 NaN	 0.0	 0.0	 NaN	 
12.0	 0.012572332542358771	 3.25073726372917E-5	 NaN	 0.0	 0.0	 0.0	 NaN	 NaN	 NaN	 NaN	 NaN	 0.0	 0.0	 NaN	 
12.5	 0.012613962782565257	 3.30404391727029E-5	 NaN	 0.0	 0.0	 0.0	 NaN	 NaN	 NaN	 NaN	 NaN	 0.0	 0.0	 NaN	 
13.0	 0.012655593022771743	 3.359469329966065E-5	 NaN	 0.0	 0.0	 0.0	 NaN	 NaN	 NaN	 NaN	 NaN	 0.0	 0.0	 NaN	 
13.5	 0.012697223262978228	 3.417006708625422E-5	 NaN	 0.0	 0.0	 0.0	 NaN	 NaN	 NaN	 NaN	 NaN	 0.0	 0.0	 NaN	 
13.999999999999972	 0.012738853503184714	 3.4766490033665744E-5	 NaN	 0.0	 0.0	 0.0	 NaN	 NaN	 NaN	 NaN	 NaN	 0.0	 0.0	 NaN	 
14.499999999999972	 0.0127804837433912	 3.538388908736518E-5	 NaN	 0.0	 0.0	 0.0	 NaN	 NaN	 NaN	 NaN	 NaN	 0.0	 0.0	 NaN	 
15.0	 0.012822113983597687	 3.602218864873006E-5	 NaN	 0.0	 0.0	 0.0	 NaN	 NaN	 NaN	 NaN	 NaN	 0.0	 0.0	 NaN	 
15.5	 0.012863744223804173	 3.668131058708153E-5	 NaN	 0.0	 0.0	 0.0	 NaN	 NaN	 NaN	 NaN	 NaN	 0.0	 0.0	 NaN	 
16.0	 0.012905374464010659	 3.7361174252145804E-5	 NaN	 0.0	 0.0	 0.0	 NaN	 NaN	 NaN	 NaN	 NaN	 0.0	 0.0	 NaN	 
16.5	 0.012947004704217144	 3.8061696486931056E-5	 NaN	 0.0	 0.0	 0.0	 NaN	 NaN	 NaN	 NaN	 NaN	 0.0	 0.0	 NaN	 
17.0	 0.01298863494442363	 3.87827916410272E-5	 NaN	 0.0	 0.0	 0.0	 NaN	 NaN	 NaN	 NaN	 NaN	 0.0	 0.0	 NaN	 
17.49999999999997	 0.013030265184630116	 3.952437158432247E-5	 NaN	 0.0	 0.0	 0.0	 NaN	 NaN	 NaN	 NaN	 NaN	 0.0	 0.0	 NaN	 
17.99999999999997	 0.013071895424836602	 4.028634572114152E-5	 NaN	 0.0	 0.0	 0.0	 NaN	 NaN	 NaN	 NaN	 NaN	 0.0	 0.0	 NaN	 
18.5	 0.01311352566504309	 4.106862100479953E-5	 NaN	 0.0	 0.0	 0.0	 NaN	 NaN	 NaN	 NaN	 NaN	 0.0	 0.0	 NaN	 
19.0	 0.013155155905249575	 4.187110195257389E-5	 NaN	 0.0	 0.0	 0.0	 NaN	 NaN	 NaN	 NaN	 NaN	 0.0	 0.0	 NaN	 
19.5	 0.01319678614545606	 4.269369066109634E-5	 NaN	 0.0	 0.0	 0.0	 NaN	 NaN	 NaN	 NaN	 NaN	 0.0	 0.0	 NaN	 
20.0	 0.013238416385662546	 4.353628682215718E-5	 NaN	 0.0	 0.0	 0.0	 NaN	 NaN	 NaN	 NaN	 NaN	 0.0	 0.0	 NaN	 
20.5	 0.013280046625869032	 4.439878773892817E-5	 NaN	 0.0	 0.0	 0.0	 NaN	 NaN	 NaN	 NaN	 NaN	 0.0	 0.0	 NaN	 
20.99999999999997	 0.013321676866075518	 4.528108834259991E-5	 NaN	 0.0	 0.0	 0.0	 NaN	 NaN	 NaN	 NaN	 NaN	 0.0	 0.0	 NaN	 
21.49999999999997	 0.013363307106282004	 4.618308120943299E-5	 NaN	 0.0	 0.0	 0.0	 NaN	 NaN	 NaN	 NaN	 NaN	 0.0	 0.0	 NaN	 
22.0	 0.013404937346488491	 4.710465657822327E-5	 NaN	 0.0	 0.0	 0.0	 NaN	 NaN	 NaN	 NaN	 NaN	 0.0	 0.0	 NaN	 
22.5	 0.013446567586694977	 4.804570236817864E-5	 NaN	 0.0	 0.0	 0.0	 NaN	 NaN	 NaN	 NaN	 NaN	 0.0	 0.0	 NaN	 
23.0	 0.013488197826901463	 4.900610419720819E-5	 NaN	 0.0	 0.0	 0.0	 NaN	 NaN	 NaN	 NaN	 NaN	 0.0	 0.0	 NaN	 
23.5	 0.013529828067107948	 4.9985745400621655E-5	 NaN	 0.0	 0.0	 0.0	 NaN	 NaN	 NaN	 NaN	 NaN	 0.0	 0.0	 NaN	 
24.0	 0.013571458307314434	 5.0984507050237164E-5	 NaN	 0.0	 0.0	 0.0	 NaN	 NaN	 NaN	 NaN	 NaN	 0.0	 0.0	 NaN	 
24.49999999999997	 0.01361308854752092	 5.2002267973898206E-5	 NaN	 0.0	 0.0	 0.0	 NaN	 NaN	 NaN	 NaN	 NaN	 0.0	 0.0	 NaN	 
24.99999999999997	 0.013654718787727406	 5.303890477539702E-5	 NaN	 0.0	 0.0	 0.0	 NaN	 NaN	 NaN	 NaN	 NaN	 0.0	 0.0	 NaN	 
25.5	 0.013696349027933893	 5.409429185480324E-5	 NaN	 0.0	 0.0	 0.0	 NaN	 NaN	 NaN	 NaN	 NaN	 0.0	 0.0	 NaN	 
26.0	 0.013737979268140379	 5.51683014291955E-5	 NaN	 0.0	 0.0	 0.0	 NaN	 NaN	 NaN	 NaN	 NaN	 0.0	 0.0	 NaN	 
26.5	 0.013779609508346865	 5.626080355379732E-5	 NaN	 0.0	 0.0	 0.0	 NaN	 NaN	 NaN	 NaN	 NaN	 0.0	 0.0	 NaN	 
27.0	 0.01382123974855335	 5.737166614351269E-5	 NaN	 0.0	 0.0	 0.0	 NaN	 NaN	 NaN	 NaN	 NaN	 0.0	 0.0	 NaN	 
27.49999999999997	 0.013862869988759836	 5.8500754994859714E-5	 NaN	 0.0	 0.0	 0.0	 NaN	 NaN	 NaN	 NaN	 NaN	 0.0	 0.0	 NaN	 
27.99999999999997	 0.013904500228966322	 5.964793380830333E-5	 NaN	 0.0	 0.0	 0.0	 NaN	 NaN	 NaN	 NaN	 NaN	 0.0	 0.0	 NaN	 
28.49999999999997	 0.013946130469172808	 6.081306421098153E-5	 NaN	 0.0	 0.0	 0.0	 NaN	 NaN	 NaN	 NaN	 NaN	 0.0	 0.0	 NaN	 
29.0	 0.013987760709379295	 6.199600577982625E-5	 NaN	 0.0	 0.0	 0.0	 NaN	 NaN	 NaN	 NaN	 NaN	 0.0	 0.0	 NaN	 
29.5	 0.01402939094958578	 6.31966160650724E-5	 NaN	 0.0	 0.0	 0.0	 NaN	 NaN	 NaN	 NaN	 NaN	 0.0	 0.0	 NaN	 
30.0	 0.014071021189792267	 6.441475061416063E-5	 NaN	 0.0	 0.0	 0.0	 NaN	 NaN	 NaN	 NaN	 NaN	 0.0	 0.0	 NaN	 
30.5	 0.014112651429998752	 6.565026299602117E-5	 NaN	 0.0	 0.0	 0.0	 NaN	 NaN	 NaN	 NaN	 NaN	 0.0	 0.0	 NaN	 
30.99999999999997	 0.014154281670205238	 6.690300482574464E-5	 NaN	 0.0	 0.0	 0.0	 NaN	 NaN	 NaN	 NaN	 NaN	 0.0	 0.0	 NaN	 
31.49999999999997	 0.014195911910411724	 6.817282578963304E-5	 NaN	 0.0	 0.0	 0.0	 NaN	 NaN	 NaN	 NaN	 NaN	 0.0	 0.0	 NaN	 
31.99999999999997	 0.01423754215061821	 6.94595736706297E-5	 NaN	 0.0	 0.0	 0.0	 NaN	 NaN	 NaN	 NaN	 NaN	 0.0	 0.0	 NaN	 
32.5	 0.014279172390824697	 7.076309437412517E-5	 NaN	 0.0	 0.0	 0.0	 NaN	 NaN	 NaN	 NaN	 NaN	 0.0	 0.0	 NaN	 
33.0	 0.014320802631031183	 7.208323195413352E-5	 NaN	 0.0	 0.0	 0.0	 NaN	 NaN	 NaN	 NaN	 NaN	 0.0	 0.0	 NaN	 
33.5	 0.014362432871237668	 7.341982863984166E-5	 NaN	 0.0	 0.0	 0.0	 NaN	 NaN	 NaN	 NaN	 NaN	 0.0	 0.0	 NaN	 
34.0	 0.014404063111444154	 7.477272486252129E-5	 NaN	 0.0	 0.0	 0.0	 NaN	 NaN	 NaN	 NaN	 NaN	 0.0	 0.0	 NaN	 
34.49999999999997	 0.01444569335165064	 7.614175928280682E-5	 NaN	 0.0	 0.0	 0.0	 NaN	 NaN	 NaN	 NaN	 NaN	 0.0	 0.0	 NaN	 
34.99999999999997	 0.014487323591857126	 7.752676881832984E-5	 NaN	 0.0	 0.0	 0.0	 NaN	 NaN	 NaN	 NaN	 NaN	 0.0	 0.0	 NaN	 
35.49999999999997	 0.014528953832063611	 7.892758867170989E-5	 NaN	 0.0	 0.0	 0.0	 NaN	 NaN	 NaN	 NaN	 NaN	 0.0	 0.0	 NaN	 
36.0	 0.014570584072270099	 8.034405235889848E-5	 NaN	 0.0	 0.0	 0.0	 NaN	 NaN	 NaN	 NaN	 NaN	 0.0	 0.0	 NaN	 
36.5	 0.014612214312476585	 8.177599173786766E-5	 NaN	 0.0	 0.0	 0.0	 NaN	 NaN	 NaN	 NaN	 NaN	 0.0	 0.0	 NaN	 
37.0	 0.01465384455268307	 8.322323703764448E-5	 NaN	 0.0	 0.0	 0.0	 NaN	 NaN	 NaN	 NaN	 NaN	 0.0	 0.0	 NaN	 
37.5	 0.014695474792889556	 8.468561688768355E-5	 NaN	 0.0	 0.0	 0.0	 NaN	 NaN	 NaN	 NaN	 NaN	 0.0	 0.0	 NaN	 
37.99999999999997	 0.014737105033096042	 8.61629583475744E-5	 NaN	 0.0	 0.0	 0.0	 NaN	 NaN	 NaN	 NaN	 NaN	 0.0	 0.0	 NaN	 
38.49999999999997	 0.014778735273302528	 8.765508693707736E-5	 NaN	 0.0	 0.0	 0.0	 NaN	 NaN	 NaN	 NaN	 NaN	 0.0	 0.0	 NaN	 
38.99999999999997	 0.014820365513509013	 8.916182666648744E-5	 NaN	 0.0	 0.0	 0.0	 NaN	 NaN	 NaN	 NaN	 NaN	 0.0	 0.0	 NaN	 
39.5	 0.0148619957537155	 9.068300006731483E-5	 NaN	 0.0	 0.0	 0.0	 NaN	 NaN	 NaN	 NaN	 NaN	 0.0	 0.0	 NaN	 
40.0	 0.014903625993921987	 9.221842822328203E-5	 NaN	 0.0	 0.0	 0.0	 NaN	 NaN	 NaN	 NaN	 NaN	 0.0	 0.0	 NaN	 
40.5	 0.014945256234128472	 9.376793080163089E-5	 NaN	 0.0	 0.0	 0.0	 NaN	 NaN	 NaN	 NaN	 NaN	 0.0	 0.0	 NaN	 
41.0	 0.014986886474334958	 9.533132608473273E-5	 NaN	 0.0	 0.0	 0.0	 NaN	 NaN	 NaN	 NaN	 NaN	 0.0	 0.0	 NaN	 
41.49999999999997	 0.015028516714541444	 9.690843100199545E-5	 NaN	 0.0	 0.0	 0.0	 NaN	 NaN	 NaN	 NaN	 NaN	 0.0	 0.0	 NaN	 
41.99999999999997	 0.01507014695474793	 9.849906116206607E-5	 NaN	 0.0	 0.0	 0.0	 NaN	 NaN	 NaN	 NaN	 NaN	 0.0	 0.0	 NaN	 
42.49999999999997	 0.015111777194954415	 1.0010303088531605E-4	 NaN	 0.0	 0.0	 0.0	 NaN	 NaN	 NaN	 NaN	 NaN	 0.0	 0.0	 NaN	 
43.0	 0.015153407435160903	 1.0172015323660903E-4	 NaN	 0.0	 0.0	 0.0	 NaN	 NaN	 NaN	 NaN	 NaN	 0.0	 0.0	 NaN	 
43.5	 0.015195037675367389	 1.0335024005833971E-4	 NaN	 0.0	 0.0	 0.0	 NaN	 NaN	 NaN	 NaN	 NaN	 0.0	 0.0	 NaN	 
44.0	 0.015236667915573874	 1.0499310200374271E-4	 NaN	 0.0	 0.0	 0.0	 NaN	 NaN	 NaN	 NaN	 NaN	 0.0	 0.0	 NaN	 
44.5	 0.01527829815578036	 1.0664854857045719E-4	 NaN	 0.0	 0.0	 0.0	 NaN	 NaN	 NaN	 NaN	 NaN	 0.0	 0.0	 NaN	 
44.99999999999997	 0.015319928395986846	 1.0831638813434763E-4	 NaN	 0.0	 0.0	 0.0	 NaN	 NaN	 NaN	 NaN	 NaN	 0.0	 0.0	 NaN	 
45.49999999999997	 0.015361558636193332	 1.0999642798356975E-4	 NaN	 0.0	 0.0	 0.0	 NaN	 NaN	 NaN	 NaN	 NaN	 0.0	 0.0	 NaN	 
45.99999999999997	 0.015403188876399817	 1.1168847435287198E-4	 NaN	 0.0	 0.0	 0.0	 NaN	 NaN	 NaN	 NaN	 NaN	 0.0	 0.0	 NaN	 
46.5	 0.015444819116606305	 1.1339233245813134E-4	 NaN	 0.0	 0.0	 0.0	 NaN	 NaN	 NaN	 NaN	 NaN	 0.0	 0.0	 NaN	 
47.0	 0.01548644935681279	 1.1510780653110912E-4	 NaN	 0.0	 0.0	 0.0	 NaN	 NaN	 NaN	 NaN	 NaN	 0.0	 0.0	 NaN	 
47.5	 0.015528079597019276	 1.1683469985442241E-4	 NaN	 0.0	 0.0	 0.0	 NaN	 NaN	 NaN	 NaN	 NaN	 0.0	 0.0	 NaN	 
47.99999999999997	 0.015569709837225762	 1.1857281479672245E-4	 NaN	 0.0	 0.0	 0.0	 NaN	 NaN	 NaN	 NaN	 NaN	 0.0	 0.0	 NaN	 
48.49999999999997	 0.015611340077432248	 1.2032195284807022E-4	 NaN	 0.0	 0.0	 0.0	 NaN	 NaN	 NaN	 NaN	 NaN	 0.0	 0.0	 NaN	 
48.99999999999997	 0.015652970317638733	 1.220819146555024E-4	 NaN	 0.0	 0.0	 0.0	 NaN	 NaN	 NaN	 NaN	 NaN	 0.0	 0.0	 NaN	 
49.5	 0.01569460055784522	 1.2385250005877662E-4	 NaN	 0.0	 0.0	 0.0	 NaN	 NaN	 NaN	 NaN	 NaN	 0.0	 0.0	 NaN	 
49.99999999999997	 0.015736230798051705	 1.2563350812628974E-4	 NaN	 0.0	 0.0	 0.0	 NaN	 NaN	 NaN	 NaN	 NaN	 0.0	 0.0	 NaN	 
50.5	 0.015777861038258192	 1.2742473719115898E-4	 NaN	 0.0	 0.0	 0.0	 NaN	 NaN	 NaN	 NaN	 NaN	 0.0	 0.0	 NaN	 
50.99999999999997	 0.015819491278464676	 1.2922598488745437E-4	 NaN	 0.0	 0.0	 0.0	 NaN	 NaN	 NaN	 NaN	 NaN	 0.0	 0.0	 NaN	 
51.49999999999997	 0.015861121518671164	 1.310370481865762E-4	 NaN	 0.0	 0.0	 0.0	 NaN	 NaN	 NaN	 NaN	 NaN	 0.0	 0.0	 NaN	 
52.0	 0.01590275175887765	 1.328577234337658E-4	 NaN	 0.0	 0.0	 0.0	 NaN	 NaN	 NaN	 NaN	 NaN	 0.0	 0.0	 NaN	 
52.49999999999997	 0.015944381999084135	 1.3468780638473994E-4	 NaN	 0.0	 0.0	 0.0	 NaN	 NaN	 NaN	 NaN	 NaN	 0.0	 0.0	 NaN	 
53.0	 0.015986012239290623	 1.3652709224244085E-4	 NaN	 0.0	 0.0	 0.0	 NaN	 NaN	 NaN	 NaN	 NaN	 0.0	 0.0	 NaN	 
53.49999999999997	 0.016027642479497107	 1.383753756938856E-4	 NaN	 0.0	 0.0	 0.0	 NaN	 NaN	 NaN	 NaN	 NaN	 0.0	 0.0	 NaN	 
54.0	 0.016069272719703594	 1.402324509471138E-4	 NaN	 0.0	 0.0	 0.0	 NaN	 NaN	 NaN	 NaN	 NaN	 0.0	 0.0	 NaN	 
54.49999999999997	 0.01611090295991008	 1.420981117682133E-4	 NaN	 0.0	 0.0	 0.0	 NaN	 NaN	 NaN	 NaN	 NaN	 0.0	 0.0	 NaN	 
54.99999999999997	 0.016152533200116566	 1.439721515184193E-4	 NaN	 0.0	 0.0	 0.0	 NaN	 NaN	 NaN	 NaN	 NaN	 0.0	 0.0	 NaN	 
55.5	 0.016194163440323053	 1.4585436319127464E-4	 NaN	 0.0	 0.0	 0.0	 NaN	 NaN	 NaN	 NaN	 NaN	 0.0	 0.0	 NaN	 
55.99999999999997	 0.016235793680529537	 1.4774453944983729E-4	 NaN	 0.0	 0.0	 0.0	 NaN	 NaN	 NaN	 NaN	 NaN	 0.0	 0.0	 NaN	 
56.5	 0.016277423920736025	 1.496424726639287E-4	 NaN	 0.0	 0.0	 0.0	 NaN	 NaN	 NaN	 NaN	 NaN	 0.0	 0.0	 NaN	 
56.99999999999997	 0.01631905416094251	 1.5154795494740645E-4	 NaN	 0.0	 0.0	 0.0	 NaN	 NaN	 NaN	 NaN	 NaN	 0.0	 0.0	 NaN	 
57.5	 0.016360684401148996	 1.5346077819545386E-4	 NaN	 0.0	 0.0	 0.0	 NaN	 NaN	 NaN	 NaN	 NaN	 0.0	 0.0	 NaN	 
57.99999999999997	 0.01640231464135548	 1.5538073412187093E-4	 NaN	 0.0	 0.0	 0.0	 NaN	 NaN	 NaN	 NaN	 NaN	 0.0	 0.0	 NaN	 
58.49999999999997	 0.016443944881561968	 1.5730761429635963E-4	 NaN	 0.0	 0.0	 0.0	 NaN	 NaN	 NaN	 NaN	 NaN	 0.0	 0.0	 NaN	 
59.0	 0.016485575121768455	 1.5924121018178486E-4	 NaN	 0.0	 0.0	 0.0	 NaN	 NaN	 NaN	 NaN	 NaN	 0.0	 0.0	 NaN	 
59.49999999999997	 0.01652720536197494	 1.611813131714059E-4	 NaN	 0.0	 0.0	 0.0	 NaN	 NaN	 NaN	 NaN	 NaN	 0.0	 0.0	 NaN	 
60.0	 0.016568835602181427	 1.6312771462606213E-4	 NaN	 0.0	 0.0	 0.0	 NaN	 NaN	 NaN	 NaN	 NaN	 0.0	 0.0	 NaN	 
60.49999999999997	 0.01661046584238791	 1.650802059113001E-4	 NaN	 0.0	 0.0	 0.0	 NaN	 NaN	 NaN	 NaN	 NaN	 0.0	 0.0	 NaN	 
61.0	 0.016652096082594398	 1.6703857843443237E-4	 NaN	 0.0	 0.0	 0.0	 NaN	 NaN	 NaN	 NaN	 NaN	 0.0	 0.0	 NaN	 
61.49999999999997	 0.016693726322800882	 1.690026236815135E-4	 NaN	 0.0	 0.0	 0.0	 NaN	 NaN	 NaN	 NaN	 NaN	 0.0	 0.0	 NaN	 
61.99999999999997	 0.01673535656300737	 1.7097213325422154E-4	 NaN	 0.0	 0.0	 0.0	 NaN	 NaN	 NaN	 NaN	 NaN	 0.0	 0.0	 NaN	 
62.5	 0.016776986803213857	 1.729468989066307E-4	 NaN	 0.0	 0.0	 0.0	 NaN	 NaN	 NaN	 NaN	 NaN	 0.0	 0.0	 NaN	 
62.99999999999997	 0.01681861704342034	 1.749267125818637E-4	 NaN	 0.0	 0.0	 0.0	 NaN	 NaN	 NaN	 NaN	 NaN	 0.0	 0.0	 NaN	 
63.5	 0.01686024728362683	 1.769113664486137E-4	 NaN	 0.0	 0.0	 0.0	 NaN	 NaN	 NaN	 NaN	 NaN	 0.0	 0.0	 NaN	 
63.99999999999997	 0.016901877523833313	 1.7890065293751396E-4	 NaN	 0.0	 0.0	 0.0	 NaN	 NaN	 NaN	 NaN	 NaN	 0.0	 0.0	 NaN	 
64.5	 0.0169435077640398	 1.8089436477735493E-4	 NaN	 0.0	 0.0	 0.0	 NaN	 NaN	 NaN	 NaN	 NaN	 0.0	 0.0	 NaN	 
64.99999999999997	 0.016985138004246284	 1.8289229503112378E-4	 NaN	 0.0	 0.0	 0.0	 NaN	 NaN	 NaN	 NaN	 NaN	 0.0	 0.0	 NaN	 
65.49999999999997	 0.01702676824445277	 1.848942371318619E-4	 NaN	 0.0	 0.0	 0.0	 NaN	 NaN	 NaN	 NaN	 NaN	 0.0	 0.0	 NaN	 
66.0	 0.01706839848465926	 1.8689998491832181E-4	 NaN	 0.0	 0.0	 0.0	 NaN	 NaN	 NaN	 NaN	 NaN	 0.0	 0.0	 NaN	 
66.49999999999997	 0.017110028724865743	 1.8890933267041418E-4	 NaN	 0.0	 0.0	 0.0	 NaN	 NaN	 NaN	 NaN	 NaN	 0.0	 0.0	 NaN	 
67.0	 0.01715165896507223	 1.909220751444298E-4	 NaN	 0.0	 0.0	 0.0	 NaN	 NaN	 NaN	 NaN	 NaN	 0.0	 0.0	 NaN	 
67.49999999999997	 0.017193289205278715	 1.9293800760802305E-4	 NaN	 0.0	 0.0	 0.0	 NaN	 NaN	 NaN	 NaN	 NaN	 0.0	 0.0	 NaN	 
68.0	 0.017234919445485202	 1.9495692587494692E-4	 NaN	 0.0	 0.0	 0.0	 NaN	 NaN	 NaN	 NaN	 NaN	 0.0	 0.0	 NaN	 
68.49999999999997	 0.017276549685691686	 1.9697862633952088E-4	 NaN	 0.0	 0.0	 0.0	 NaN	 NaN	 NaN	 NaN	 NaN	 0.0	 0.0	 NaN	 
68.99999999999997	 0.017318179925898174	 1.9900290601082592E-4	 NaN	 0.0	 0.0	 0.0	 NaN	 NaN	 NaN	 NaN	 NaN	 0.0	 0.0	 NaN	 
69.5	 0.01735981016610466	 2.0102956254660788E-4	 NaN	 0.0	 0.0	 0.0	 NaN	 NaN	 NaN	 NaN	 NaN	 0.0	 0.0	 NaN	 
69.99999999999997	 0.017401440406311145	 2.0305839428687772E-4	 NaN	 0.0	 0.0	 0.0	 NaN	 NaN	 NaN	 NaN	 NaN	 0.0	 0.0	 NaN	 
70.5	 0.017443070646517633	 2.050892002871988E-4	 NaN	 0.0	 0.0	 0.0	 NaN	 NaN	 NaN	 NaN	 NaN	 0.0	 0.0	 NaN	 
70.99999999999997	 0.017484700886724117	 2.0712178035164414E-4	 NaN	 0.0	 0.0	 0.0	 NaN	 NaN	 NaN	 NaN	 NaN	 0.0	 0.0	 NaN	 
71.5	 0.017526331126930604	 2.0915593506541433E-4	 NaN	 0.0	 0.0	 0.0	 NaN	 NaN	 NaN	 NaN	 NaN	 0.0	 0.0	 NaN	 
71.99999999999997	 0.017567961367137088	 2.1119146582710208E-4	 NaN	 0.0	 0.0	 0.0	 NaN	 NaN	 NaN	 NaN	 NaN	 0.0	 0.0	 NaN	 
72.49999999999997	 0.017609591607343576	 2.13228174880591E-4	 NaN	 0.0	 0.0	 0.0	 NaN	 NaN	 NaN	 NaN	 NaN	 0.0	 0.0	 NaN	 
73.0	 0.017651221847550063	 2.1526586534657754E-4	 NaN	 0.0	 0.0	 0.0	 NaN	 NaN	 NaN	 NaN	 NaN	 0.0	 0.0	 NaN	 
73.49999999999997	 0.017692852087756547	 2.1730434125370176E-4	 NaN	 0.0	 0.0	 0.0	 NaN	 NaN	 NaN	 NaN	 NaN	 0.0	 0.0	 NaN	 
74.0	 0.017734482327963035	 2.1934340756927777E-4	 NaN	 0.0	 0.0	 0.0	 NaN	 NaN	 NaN	 NaN	 NaN	 0.0	 0.0	 NaN	 
74.49999999999997	 0.01777611256816952	 2.213828702296093E-4	 NaN	 0.0	 0.0	 0.0	 NaN	 NaN	 NaN	 NaN	 NaN	 0.0	 0.0	 NaN	 
75.0	 0.017817742808376006	 2.234225361698815E-4	 NaN	 0.0	 0.0	 0.0	 NaN	 NaN	 NaN	 NaN	 NaN	 0.0	 0.0	 NaN	 
75.5	 0.017859373048582493	 2.2546221335361416E-4	 NaN	 0.0	 0.0	 0.0	 NaN	 NaN	 NaN	 NaN	 NaN	 0.0	 0.0	 NaN	 
75.99999999999997	 0.017901003288788978	 2.2750171080166852E-4	 NaN	 0.0	 0.0	 0.0	 NaN	 NaN	 NaN	 NaN	 NaN	 0.0	 0.0	 NaN	 
76.5	 0.017942633528995465	 2.2954083862079496E-4	 NaN	 0.0	 0.0	 0.0	 NaN	 NaN	 NaN	 NaN	 NaN	 0.0	 0.0	 NaN	 
76.99999999999997	 0.01798426376920195	 2.3157940803170886E-4	 NaN	 0.0	 0.0	 0.0	 NaN	 NaN	 NaN	 NaN	 NaN	 0.0	 0.0	 NaN	 
77.5	 0.018025894009408436	 2.3361723139668977E-4	 NaN	 0.0	 0.0	 0.0	 NaN	 NaN	 NaN	 NaN	 NaN	 0.0	 0.0	 NaN	 
77.99999999999997	 0.01806752424961492	 2.356541222466852E-4	 NaN	 0.0	 0.0	 0.0	 NaN	 NaN	 NaN	 NaN	 NaN	 0.0	 0.0	 NaN	 
78.5	 0.018109154489821408	 2.3768989530791805E-4	 NaN	 0.0	 0.0	 0.0	 NaN	 NaN	 NaN	 NaN	 NaN	 0.0	 0.0	 NaN	 
79.0	 0.018150784730027895	 2.3972436652797838E-4	 NaN	 0.0	 0.0	 0.0	 NaN	 NaN	 NaN	 NaN	 NaN	 0.0	 0.0	 NaN	 
79.49999999999997	 0.01819241497023438	 2.4175735310139954E-4	 NaN	 0.0	 0.0	 0.0	 NaN	 NaN	 NaN	 NaN	 NaN	 0.0	 0.0	 NaN	 
80.0	 0.018234045210440867	 2.437886734947007E-4	 NaN	 0.0	 0.0	 0.0	 NaN	 NaN	 NaN	 NaN	 NaN	 0.0	 0.0	 NaN	 
80.49999999999997	 0.01827567545064735	 2.4581814747089256E-4	 NaN	 0.0	 0.0	 0.0	 NaN	 NaN	 NaN	 NaN	 NaN	 0.0	 0.0	 NaN	 
81.0	 0.01831730569085384	 2.478455961134353E-4	 NaN	 0.0	 0.0	 0.0	 NaN	 NaN	 NaN	 NaN	 NaN	 0.0	 0.0	 NaN	 
81.49999999999997	 0.018358935931060322	 2.498708418496393E-4	 NaN	 0.0	 0.0	 0.0	 NaN	 NaN	 NaN	 NaN	 NaN	 0.0	 0.0	 NaN	 
82.0	 0.01840056617126681	 2.518937084735033E-4	 NaN	 0.0	 0.0	 0.0	 NaN	 NaN	 NaN	 NaN	 NaN	 0.0	 0.0	 NaN	 
82.5	 0.018442196411473297	 2.539140211679791E-4	 NaN	 0.0	 0.0	 0.0	 NaN	 NaN	 NaN	 NaN	 NaN	 0.0	 0.0	 NaN	 
82.99999999999997	 0.01848382665167978	 2.559316065266587E-4	 NaN	 0.0	 0.0	 0.0	 NaN	 NaN	 NaN	 NaN	 NaN	 0.0	 0.0	 NaN	 
83.5	 0.01852545689188627	 2.579462925748723E-4	 NaN	 0.0	 0.0	 0.0	 NaN	 NaN	 NaN	 NaN	 NaN	 0.0	 0.0	 NaN	 
83.99999999999997	 0.018567087132092753	 2.599579087901946E-4	 NaN	 0.0	 0.0	 0.0	 NaN	 NaN	 NaN	 NaN	 NaN	 0.0	 0.0	 NaN	 
84.5	 0.01860871737229924	 2.619662861223516E-4	 NaN	 0.0	 0.0	 0.0	 NaN	 NaN	 NaN	 NaN	 NaN	 0.0	 0.0	 NaN	 
84.99999999999997	 0.018650347612505724	 2.6397125701251966E-4	 NaN	 0.0	 0.0	 0.0	 NaN	 NaN	 NaN	 NaN	 NaN	 0.0	 0.0	 NaN	 
85.5	 0.018691977852712212	 2.6597265541201406E-4	 NaN	 0.0	 0.0	 0.0	 NaN	 NaN	 NaN	 NaN	 NaN	 0.0	 0.0	 NaN	 
86.0	 0.0187336080929187	 2.679703168003602E-4	 NaN	 0.0	 0.0	 0.0	 NaN	 NaN	 NaN	 NaN	 NaN	 0.0	 0.0	 NaN	 
86.49999999999997	 0.018775238333125183	 2.699640782027429E-4	 NaN	 0.0	 0.0	 0.0	 NaN	 NaN	 NaN	 NaN	 NaN	 0.0	 0.0	 NaN	 
87.0	 0.01881686857333167	 2.7195377820682875E-4	 NaN	 0.0	 0.0	 0.0	 NaN	 NaN	 NaN	 NaN	 NaN	 0.0	 0.0	 NaN	 
87.49999999999997	 0.018858498813538155	 2.7393925697895684E-4	 NaN	 0.0	 0.0	 0.0	 NaN	 NaN	 NaN	 NaN	 NaN	 0.0	 0.0	 NaN	 
88.0	 0.018900129053744642	 2.7592035627969685E-4	 NaN	 0.0	 0.0	 0.0	 NaN	 NaN	 NaN	 NaN	 NaN	 0.0	 0.0	 NaN	 
88.49999999999997	 0.018941759293951126	 2.778969194787654E-4	 NaN	 0.0	 0.0	 0.0	 NaN	 NaN	 NaN	 NaN	 NaN	 0.0	 0.0	 NaN	 
89.0	 0.018983389534157614	 2.7986879156930523E-4	 NaN	 0.0	 0.0	 0.0	 NaN	 NaN	 NaN	 NaN	 NaN	 0.0	 0.0	 NaN	 
89.5	 0.0190250197743641	 2.818358191815164E-4	 NaN	 0.0	 0.0	 0.0	 NaN	 NaN	 NaN	 NaN	 NaN	 0.0	 0.0	 NaN	 
89.99999999999997	 0.019066650014570585	 2.837978505956441E-4	 NaN	 0.0	 0.0	 0.0	 NaN	 NaN	 NaN	 NaN	 NaN	 0.0	 0.0	 NaN	 
90.5	 0.019108280254777073	 2.8575473575431765E-4	 NaN	 0.0	 0.0	 0.0	 NaN	 NaN	 NaN	 NaN	 NaN	 0.0	 0.0	 NaN	 
90.99999999999997	 0.019149910494983557	 2.8770632627423814E-4	 NaN	 0.0	 0.0	 0.0	 NaN	 NaN	 NaN	 NaN	 NaN	 0.0	 0.0	 NaN	 
91.5	 0.019191540735190044	 2.896524754572182E-4	 NaN	 0.0	 0.0	 0.0	 NaN	 NaN	 NaN	 NaN	 NaN	 0.0	 0.0	 NaN	 
91.99999999999997	 0.019233170975396528	 2.9159303830056783E-4	 NaN	 0.0	 0.0	 0.0	 NaN	 NaN	 NaN	 NaN	 NaN	 0.0	 0.0	 NaN	 
92.49999999999997	 0.019274801215603016	 2.9352787150683124E-4	 NaN	 0.0	 0.0	 0.0	 NaN	 NaN	 NaN	 NaN	 NaN	 0.0	 0.0	 NaN	 
93.0	 0.019316431455809503	 2.9545683349286965E-4	 NaN	 0.0	 0.0	 0.0	 NaN	 NaN	 NaN	 NaN	 NaN	 0.0	 0.0	 NaN	 
93.49999999999997	 0.019358061696015987	 2.9737978439829465E-4	 NaN	 0.0	 0.0	 0.0	 NaN	 NaN	 NaN	 NaN	 NaN	 0.0	 0.0	 NaN	 
94.0	 0.019399691936222475	 2.9929658609325173E-4	 NaN	 0.0	 0.0	 0.0	 NaN	 NaN	 NaN	 NaN	 NaN	 0.0	 0.0	 NaN	 
94.49999999999997	 0.01944132217642896	 3.0120710218555397E-4	 NaN	 0.0	 0.0	 0.0	 NaN	 NaN	 NaN	 NaN	 NaN	 0.0	 0.0	 NaN	 
95.0	 0.019482952416635446	 3.0311119802717057E-4	 NaN	 0.0	 0.0	 0.0	 NaN	 NaN	 NaN	 NaN	 NaN	 0.0	 0.0	 NaN	 
95.49999999999997	 0.01952458265684193	 3.0500874072006873E-4	 NaN	 0.0	 0.0	 0.0	 NaN	 NaN	 NaN	 NaN	 NaN	 0.0	 0.0	 NaN	 
95.99999999999997	 0.019566212897048418	 3.068995991214146E-4	 NaN	 0.0	 0.0	 0.0	 NaN	 NaN	 NaN	 NaN	 NaN	 0.0	 0.0	 NaN	 
96.5	 0.019607843137254905	 3.087836438481345E-4	 NaN	 0.0	 0.0	 0.0	 NaN	 NaN	 NaN	 NaN	 NaN	 0.0	 0.0	 NaN	 
96.99999999999997	 0.01964947337746139	 3.1066074728083886E-4	 NaN	 0.0	 0.0	 0.0	 NaN	 NaN	 NaN	 NaN	 NaN	 0.0	 0.0	 NaN	 
97.5	 0.019691103617667877	 3.1253078356711635E-4	 NaN	 0.0	 0.0	 0.0	 NaN	 NaN	 NaN	 NaN	 NaN	 0.0	 0.0	 NaN	 
97.99999999999997	 0.01973273385787436	 3.143936286241966E-4	 NaN	 0.0	 0.0	 0.0	 NaN	 NaN	 NaN	 NaN	 NaN	 0.0	 0.0	 NaN	 
98.5	 0.019774364098080848	 3.162491601409913E-4	 NaN	 0.0	 0.0	 0.0	 NaN	 NaN	 NaN	 NaN	 NaN	 0.0	 0.0	 NaN	 
98.99999999999997	 0.019815994338287332	 3.180972575795137E-4	 NaN	 0.0	 0.0	 0.0	 NaN	 NaN	 NaN	 NaN	 NaN	 0.0	 0.0	 NaN	 
99.49999999999997	 0.01985762457849382	 3.199378021756865E-4	 NaN	 0.0	 0.0	 0.0	 NaN	 NaN	 NaN	 NaN	 NaN	 0.0	 0.0	 NaN	 
100.0	 0.019899254818700307	 3.2177067693953836E-4	 NaN	 0.0	 0.0	 0.0	 NaN	 NaN	 NaN	 NaN	 NaN	 0.0	 0.0	 NaN	 
100.49999999999997	 0.01994088505890679	 3.235957666547991E-4	 NaN	 0.0	 0.0	 0.0	 NaN	 NaN	 NaN	 NaN	 NaN	 0.0	 0.0	 NaN	 
101.0	 0.01998251529911328	 3.254129578778976E-4	 NaN	 0.0	 0.0	 0.0	 NaN	 NaN	 NaN	 NaN	 NaN	 0.0	 0.0	 NaN	 
101.49999999999997	 0.020024145539319763	 3.2722213893636844E-4	 NaN	 0.0	 0.0	 0.0	 NaN	 NaN	 NaN	 NaN	 NaN	 0.0	 0.0	 NaN	 
102.0	 0.02006577577952625	 3.2902319992667673E-4	 NaN	 0.0	 0.0	 0.0	 NaN	 NaN	 NaN	 NaN	 NaN	 0.0	 0.0	 NaN	 
102.49999999999997	 0.020107406019732734	 3.308160327114635E-4	 NaN	 0.0	 0.0	 0.0	 NaN	 NaN	 NaN	 NaN	 NaN	 0.0	 0.0	 NaN	 
102.99999999999997	 0.02014903625993922	 3.326005309162246E-4	 NaN	 0.0	 0.0	 0.0	 NaN	 NaN	 NaN	 NaN	 NaN	 0.0	 0.0	 NaN	 
103.5	 0.02019066650014571	 3.343765899254255E-4	 NaN	 0.0	 0.0	 0.0	 NaN	 NaN	 NaN	 NaN	 NaN	 0.0	 0.0	 NaN	 
103.99999999999997	 0.020232296740352193	 3.3614410687806415E-4	 NaN	 0.0	 0.0	 0.0	 NaN	 NaN	 NaN	 NaN	 NaN	 0.0	 0.0	 NaN	 
104.5	 0.02027392698055868	 3.3790298066268745E-4	 NaN	 0.0	 0.0	 0.0	 NaN	 NaN	 NaN	 NaN	 NaN	 0.0	 0.0	 NaN	 
104.99999999999997	 0.020315557220765165	 3.396531119118696E-4	 NaN	 0.0	 0.0	 0.0	 NaN	 NaN	 NaN	 NaN	 NaN	 0.0	 0.0	 NaN	 
105.5	 0.020357187460971652	 3.41394402996165E-4	 NaN	 0.0	 0.0	 0.0	 NaN	 NaN	 NaN	 NaN	 NaN	 0.0	 0.0	 NaN	 
105.99999999999997	 0.020398817701178136	 3.431267580175368E-4	 NaN	 0.0	 0.0	 0.0	 NaN	 NaN	 NaN	 NaN	 NaN	 0.0	 0.0	 NaN	 
106.49999999999997	 0.020440447941384624	 3.4485008280228104E-4	 NaN	 0.0	 0.0	 0.0	 NaN	 NaN	 NaN	 NaN	 NaN	 0.0	 0.0	 NaN	 
107.0	 0.02048207818159111	 3.4656428489344466E-4	 NaN	 0.0	 0.0	 0.0	 NaN	 NaN	 NaN	 NaN	 NaN	 0.0	 0.0	 NaN	 
107.49999999999997	 0.020523708421797595	 3.4826927354275497E-4	 NaN	 0.0	 0.0	 0.0	 NaN	 NaN	 NaN	 NaN	 NaN	 0.0	 0.0	 NaN	 
108.0	 0.020565338662004082	 3.499649597020669E-4	 NaN	 0.0	 0.0	 0.0	 NaN	 NaN	 NaN	 NaN	 NaN	 0.0	 0.0	 NaN	 
108.49999999999997	 0.020606968902210566	 3.5165125601433796E-4	 NaN	 0.0	 0.0	 0.0	 NaN	 NaN	 NaN	 NaN	 NaN	 0.0	 0.0	 NaN	 
109.0	 0.020648599142417054	 3.5332807680414326E-4	 NaN	 0.0	 0.0	 0.0	 NaN	 NaN	 NaN	 NaN	 NaN	 0.0	 0.0	 NaN	 
109.49999999999997	 0.020690229382623538	 3.5499533806773796E-4	 NaN	 0.0	 0.0	 0.0	 NaN	 NaN	 NaN	 NaN	 NaN	 0.0	 0.0	 NaN	 
109.99999999999997	 0.020731859622830025	 3.5665295746267967E-4	 NaN	 0.0	 0.0	 0.0	 NaN	 NaN	 NaN	 NaN	 NaN	 0.0	 0.0	 NaN	 
110.5	 0.020773489863036513	 3.583008542970213E-4	 NaN	 0.0	 0.0	 0.0	 NaN	 NaN	 NaN	 NaN	 NaN	 0.0	 0.0	 NaN	 
110.99999999999997	 0.020815120103242997	 3.599389495180833E-4	 NaN	 0.0	 0.0	 0.0	 NaN	 NaN	 NaN	 NaN	 NaN	 0.0	 0.0	 NaN	 
111.5	 0.020856750343449484	 3.6156716570082E-4	 NaN	 0.0	 0.0	 0.0	 NaN	 NaN	 NaN	 NaN	 NaN	 0.0	 0.0	 NaN	 
111.99999999999997	 0.02089838058365597	 3.6318542703578464E-4	 NaN	 0.0	 0.0	 0.0	 NaN	 NaN	 NaN	 NaN	 NaN	 0.0	 0.0	 NaN	 
112.5	 0.020940010823862456	 3.647936593167135E-4	 NaN	 0.0	 0.0	 0.0	 NaN	 NaN	 NaN	 NaN	 NaN	 0.0	 0.0	 NaN	 
112.99999999999997	 0.02098164106406894	 3.663917899277286E-4	 NaN	 0.0	 0.0	 0.0	 NaN	 NaN	 NaN	 NaN	 NaN	 0.0	 0.0	 NaN	 
113.49999999999997	 0.021023271304275427	 3.679797478301823E-4	 NaN	 0.0	 0.0	 0.0	 NaN	 NaN	 NaN	 NaN	 NaN	 0.0	 0.0	 NaN	 
114.0	 0.021064901544481915	 3.6955746354914537E-4	 NaN	 0.0	 0.0	 0.0	 NaN	 NaN	 NaN	 NaN	 NaN	 0.0	 0.0	 NaN	 
114.49999999999997	 0.0211065317846884	 3.7112486915955603E-4	 NaN	 0.0	 0.0	 0.0	 NaN	 NaN	 NaN	 NaN	 NaN	 0.0	 0.0	 NaN	 
115.0	 0.021148162024894886	 3.726818982720386E-4	 NaN	 0.0	 0.0	 0.0	 NaN	 NaN	 NaN	 NaN	 NaN	 0.0	 0.0	 NaN	 
115.49999999999997	 0.02118979226510137	 3.742284860184028E-4	 NaN	 0.0	 0.0	 0.0	 NaN	 NaN	 NaN	 NaN	 NaN	 0.0	 0.0	 NaN	 
116.0	 0.021231422505307858	 3.757645690368394E-4	 NaN	 0.0	 0.0	 0.0	 NaN	 NaN	 NaN	 NaN	 NaN	 0.0	 0.0	 NaN	 
116.49999999999997	 0.021273052745514342	 3.772900854568155E-4	 NaN	 0.0	 0.0	 0.0	 NaN	 NaN	 NaN	 NaN	 NaN	 0.0	 0.0	 NaN	 
116.99999999999997	 0.02131468298572083	 3.7880497488369233E-4	 NaN	 0.0	 0.0	 0.0	 NaN	 NaN	 NaN	 NaN	 NaN	 0.0	 0.0	 NaN	 
117.5	 0.021356313225927317	 3.803091783830646E-4	 NaN	 0.0	 0.0	 0.0	 NaN	 NaN	 NaN	 NaN	 NaN	 0.0	 0.0	 NaN	 
118.0	 0.0213979434661338	 3.818026384648433E-4	 NaN	 0.0	 0.0	 0.0	 NaN	 NaN	 NaN	 NaN	 NaN	 0.0	 0.0	 NaN	 
118.5	 0.02143957370634029	 3.832852990670876E-4	 NaN	 0.0	 0.0	 0.0	 NaN	 NaN	 NaN	 NaN	 NaN	 0.0	 0.0	 NaN	 
118.99999999999994	 0.021481203946546772	 3.847571055395987E-4	 NaN	 0.0	 0.0	 0.0	 NaN	 NaN	 NaN	 NaN	 NaN	 0.0	 0.0	 NaN	 
119.5	 0.02152283418675326	 3.862180046272887E-4	 NaN	 0.0	 0.0	 0.0	 NaN	 NaN	 NaN	 NaN	 NaN	 0.0	 0.0	 NaN	 
119.99999999999994	 0.021564464426959744	 3.876679444533306E-4	 NaN	 0.0	 0.0	 0.0	 NaN	 NaN	 NaN	 NaN	 NaN	 0.0	 0.0	 NaN	 
120.5	 0.02160609466716623	 3.8910687450211033E-4	 NaN	 0.0	 0.0	 0.0	 NaN	 NaN	 NaN	 NaN	 NaN	 0.0	 0.0	 NaN	 
121.0	 0.02164772490737272	 3.9053474560197984E-4	 NaN	 0.0	 0.0	 0.0	 NaN	 NaN	 NaN	 NaN	 NaN	 0.0	 0.0	 NaN	 
121.5	 0.021689355147579203	 3.9195150990783376E-4	 NaN	 0.0	 0.0	 0.0	 NaN	 NaN	 NaN	 NaN	 NaN	 0.0	 0.0	 NaN	 
