Kurbelwinkel	dQb
[KWnZOT]	 [J/s]
-165	0
-164.9	-18273.80473
-164.8	-18273.80473
-164.7	-18273.80473
-164.6	-6712.942413
-164.5	-6712.942413
-164.4	-6712.942413
-164.3	-6712.942413
-164.2	-6712.942413
-164.1	3148.658521
-164	3148.658521
-163.9	3148.658521
-163.8	3148.658521
-163.7	3148.658521
-163.6	3148.658521
-163.5	3148.658521
-163.4	3148.658521
-163.3	14017.1981
-163.2	14017.1981
-163.1	-1315.870087
-163	-1315.870087
-162.9	13784.47018
-162.8	13784.47018
-162.7	1302.743167
-162.6	1302.743167
-162.5	1302.743167
-162.4	1302.743167
-162.3	11492.05052
-162.2	11492.05052
-162.1	798.2684681
-162	798.2684681
-161.9	12845.82368
-161.8	12845.82368
-161.7	-3445.56081
-161.6	7348.21346
-161.5	7348.21346
-161.4	7348.21346
-161.3	-3170.764622
-161.2	-3170.764622
-161.1	13378.7224
-161	13378.7224
-160.9	-6828.343804
-160.8	-6828.343804
-160.7	2342.176317
-160.6	2342.176317
-160.5	-12419.02754
-160.4	-12419.02754
-160.3	-12419.02754
-160.2	-12419.02754
-160.1	-12419.02754
-160	-21784.79498
-159.9	-21784.79498
-159.8	-21784.79498
-159.7	-11255.90615
-159.6	-11255.90615
-159.5	-26854.34179
-159.4	-13172.75002
-159.3	-13172.75002
-159.2	-13172.75002
-159.1	-13172.75002
-159	-13172.75002
-158.9	-13172.75002
-158.8	-3321.374215
-158.7	-3321.374215
-158.6	-3321.374215
-158.5	-3321.374215
-158.4	8382.789802
-158.3	8382.789802
-158.2	8382.789802
-158.1	8382.789802
-158	24913.89063
-157.9	24913.89063
-157.8	24913.89063
-157.7	9845.675013
-157.6	9845.675013
-157.5	31127.96843
-157.4	31127.96843
-157.3	12297.01504
-157.2	12297.01504
-157.1	21726.91566
-157	11115.38549
-156.9	11115.38549
-156.8	731.3476782
-156.7	731.3476782
-156.6	731.3476782
-156.5	-12992.47737
-156.4	-12992.47737
-156.3	-12992.47737
-156.2	-22300.8612
-156.1	-22300.8612
-156	-22300.8612
-155.9	-22300.8612
-155.8	-31353.18299
-155.7	-31353.18299
-155.6	-22347.65396
-155.5	-22347.65396
-155.4	-33437.05844
-155.3	-24156.09994
-155.2	-24156.09994
-155.1	-10485.1881
-155	-10485.1881
-154.9	-10485.1881
-154.8	-10485.1881
-154.7	7520.729564
-154.6	7520.729564
-154.5	7520.729564
-154.4	18690.33957
-154.3	18690.33957
-154.2	18690.33957
-154.1	18690.33957
-154	18690.33957
-153.9	18690.33957
-153.8	18690.33957
-153.7	8919.300122
-153.6	18960.38166
-153.5	18960.38166
-153.4	18960.38166
-153.3	18960.38166
-153.2	9311.377151
-153.1	9311.377151
-153	9311.377151
-152.9	9311.377151
-152.8	9311.377151
-152.7	9311.377151
-152.6	9311.377151
-152.5	9311.377151
-152.4	279.1533192
-152.3	279.1533192
-152.2	279.1533192
-152.1	9938.073697
-152	9938.073697
-151.9	9938.073697
-151.8	-4807.995355
-151.7	-4807.995355
-151.6	5399.511532
-151.5	5399.511532
-151.4	5399.511532
-151.3	5399.511532
-151.2	-8116.329094
-151.1	-8116.329094
-151	-8116.329094
-150.9	-8116.329094
-150.8	-8116.329094
-150.7	-8116.329094
-150.6	-23124.9706
-150.5	-23124.9706
-150.4	-23124.9706
-150.3	-23124.9706
-150.2	-23124.9706
-150.1	-23124.9706
-150	-23124.9706
-149.9	-34771.89217
-149.8	-15544.58804
-149.7	-15544.58804
-149.6	-15544.58804
-149.5	-15544.58804
-149.4	-6610.338606
-149.3	-6610.338606
-149.2	10309.42559
-149.1	10309.42559
-149	10309.42559
-148.9	10309.42559
-148.8	10309.42559
-148.7	-10511.79713
-148.6	-287.0298477
-148.5	-287.0298477
-148.4	-287.0298477
-148.3	-16308.44033
-148.2	-16308.44033
-148.1	-16308.44033
-148	-2882.405401
-147.9	-2882.405401
-147.8	-15256.96338
-147.7	-3824.814647
-147.6	-3824.814647
-147.5	8923.395091
-147.4	8923.395091
-147.3	36088.70427
-147.2	36088.70427
-147.1	36088.70427
-147	36088.70427
-146.9	36088.70427
-146.8	46349.83065
-146.7	46349.83065
-146.6	30737.21992
-146.5	30737.21992
-146.4	30737.21992
-146.3	15407.83401
-146.2	15407.83401
-146.1	-9823.38157
-146	-9823.38157
-145.9	-39017.27067
-145.8	-39017.27067
-145.7	-39017.27067
-145.6	-57101.32079
-145.5	-57101.32079
-145.4	-57101.32079
-145.3	-57101.32079
-145.2	-47296.33583
-145.1	-47296.33583
-145	-29360.05001
-144.9	-29360.05001
-144.8	-4901.393246
-144.7	10988.67604
-144.6	19822.21905
-144.5	48623.54817
-144.4	48623.54817
-144.3	48623.54817
-144.2	48623.54817
-144.1	62914.50965
-144	52455.84723
-143.9	52455.84723
-143.8	52455.84723
-143.7	28414.55814
-143.6	28414.55814
-143.5	3156.188325
-143.4	3156.188325
-143.3	-23672.90106
-143.2	-23672.90106
-143.1	-39824.16385
-143	-39824.16385
-142.9	-56479.05361
-142.8	-47070.87563
-142.7	-47070.87563
-142.6	-47070.87563
-142.5	-29532.99805
-142.4	-29532.99805
-142.3	-29532.99805
-142.2	-29532.99805
-142.1	9064.204123
-142	9064.204123
-141.9	23565.03381
-141.8	35334.17774
-141.7	50532.79328
-141.6	50532.79328
-141.5	50532.79328
-141.4	60590.74716
-141.3	46480.54385
-141.2	46480.54385
-141.1	46480.54385
-141	30770.5468
-140.9	30770.5468
-140.8	14209.4642
-140.7	3252.565807
-140.6	-8866.198913
-140.5	-24738.38493
-140.4	-24738.38493
-140.3	-46036.09425
-140.2	-46036.09425
-140.1	-31411.38676
-140	-31411.38676
-139.9	-39963.59037
-139.8	-39963.59037
-139.7	-30382.2132
-139.6	-30382.2132
-139.5	-30382.2132
-139.4	-18351.43173
-139.3	-5437.589308
-139.2	-5437.589308
-139.1	9288.046662
-139	642.5742372
-138.9	642.5742372
-138.8	10553.36779
-138.7	10553.36779
-138.6	10553.36779
-138.5	10553.36779
-138.4	26631.49349
-138.3	17026.92271
-138.2	17026.92271
-138.1	26229.56233
-138	26229.56233
-137.9	14393.82774
-137.8	23521.35894
-137.7	13121.99942
-137.6	13121.99942
-137.5	22142.58244
-137.4	22142.58244
-137.3	22142.58244
-137.2	1627.704004
-137.1	18390.36846
-137	2541.979636
-136.9	2541.979636
-136.8	-6762.883651
-136.7	-6762.883651
-136.6	2097.731286
-136.5	-13086.58546
-136.4	-1390.493868
-136.3	-1390.493868
-136.2	-1390.493868
-136.1	-1390.493868
-136	-15139.9355
-135.9	-15139.9355
-135.8	-15139.9355
-135.7	-15139.9355
-135.6	-15139.9355
-135.5	-1932.463623
-135.4	-14694.85028
-135.3	-14694.85028
-135.2	-23122.18078
-135.1	-23122.18078
-135	-13812.2911
-134.9	-13812.2911
-134.8	-13812.2911
-134.7	-13812.2911
-134.6	10778.25589
-134.5	10778.25589
-134.4	10778.25589
-134.3	10778.25589
-134.2	10778.25589
-134.1	10778.25589
-134	31641.03397
-133.9	31641.03397
-133.8	21710.20916
-133.7	21710.20916
-133.6	30342.57333
-133.5	17193.59067
-133.4	17193.59067
-133.3	3610.659633
-133.2	3610.659633
-133.1	3610.659633
-133	-17705.71965
-132.9	-17705.71965
-132.8	-17705.71965
-132.7	-17705.71965
-132.6	-17705.71965
-132.5	-33111.29572
-132.4	-33111.29572
-132.3	-33111.29572
-132.2	-24007.45035
-132.1	-24007.45035
-132	-24007.45035
-131.9	-14065.89788
-131.8	-14065.89788
-131.7	-4272.344055
-131.6	4587.125456
-131.5	4587.125456
-131.4	14431.09126
-131.3	14431.09126
-131.2	24785.39583
-131.1	24785.39583
-131	37299.4046
-130.9	37299.4046
-130.8	27015.90574
-130.7	27015.90574
-130.6	27015.90574
-130.5	27015.90574
-130.4	18025.58398
-130.3	18025.58398
-130.2	2874.435588
-130.1	2874.435588
-130	-7378.781558
-129.9	-7378.781558
-129.8	-20402.19039
-129.7	-20402.19039
-129.6	-20402.19039
-129.5	-36445.0667
-129.4	-36445.0667
-129.3	-19094.58994
-129.2	-19094.58994
-129.1	-19094.58994
-129	-19094.58994
-128.9	-19094.58994
-128.8	-19094.58994
-128.7	-240.6744036
-128.6	-240.6744036
-128.5	8073.459124
-128.4	8073.459124
-128.3	23257.67344
-128.2	23257.67344
-128.1	23257.67344
-128	23257.67344
-127.9	23257.67344
-127.8	23257.67344
-127.7	23257.67344
-127.6	23257.67344
-127.5	11078.5402
-127.4	19327.30146
-127.3	19327.30146
-127.2	3073.121807
-127.1	3073.121807
-127	3073.121807
-126.9	3073.121807
-126.8	3073.121807
-126.7	-13571.06829
-126.6	-13571.06829
-126.5	-5570.644829
-126.4	-5570.644829
-126.3	-18311.11441
-126.2	-18311.11441
-126.1	-9138.441318
-126	-9138.441318
-125.9	-9138.441318
-125.8	-9138.441318
-125.7	-9138.441318
-125.6	-9138.441318
-125.5	2786.575834
-125.4	2786.575834
-125.3	2786.575834
-125.2	-5598.673212
-125.1	3226.335781
-125	3226.335781
-124.9	3226.335781
-124.8	3226.335781
-124.7	3226.335781
-124.6	3226.335781
-124.5	3226.335781
-124.4	3226.335781
-124.3	3226.335781
-124.2	3226.335781
-124.1	-9056.430943
-124	-9056.430943
-123.9	-1026.825241
-123.8	-1026.825241
-123.7	-1026.825241
-123.6	-11626.41323
-123.5	-2221.736036
-123.4	-2221.736036
-123.3	-2221.736036
-123.2	6111.429776
-123.1	6111.429776
-123	6111.429776
-122.9	6111.429776
-122.8	6111.429776
-122.7	6111.429776
-122.6	6111.429776
-122.5	6111.429776
-122.4	6111.429776
-122.3	6111.429776
-122.2	6111.429776
-122.1	6111.429776
-122	-3137.297922
-121.9	-3137.297922
-121.8	-3137.297922
-121.7	-15675.84817
-121.6	-15675.84817
-121.5	-7659.042882
-121.4	-7659.042882
-121.3	-23348.03377
-121.2	-13803.20446
-121.1	-13803.20446
-121	-13803.20446
-120.9	-5832.455917
-120.8	-5832.455917
-120.7	-5832.455917
-120.6	-5832.455917
-120.5	-5832.455917
-120.4	12120.04601
-120.3	12120.04601
-120.2	12120.04601
-120.1	12120.04601
-120	12120.04601
-119.9	12120.04601
-119.8	25514.95923
-119.7	25514.95923
-119.6	9520.547015
-119.5	9520.547015
-119.4	18022.05792
-119.3	9213.619084
-119.2	9213.619084
-119.1	-1203.883848
-119	-1203.883848
-118.9	-9745.439703
-118.8	-9745.439703
-118.7	-9745.439703
-118.6	-9745.439703
-118.5	-9745.439703
-118.4	-20495.58238
-118.3	-20495.58238
-118.2	-20495.58238
-118.1	-8584.96814
-118	-8584.96814
-117.9	-8584.96814
-117.8	-8584.96814
-117.7	4174.623556
-117.6	4174.623556
-117.5	4174.623556
-117.4	4174.623556
-117.3	19326.10341
-117.2	10934.84318
-117.1	10934.84318
-117	10934.84318
-116.9	22015.75922
-116.8	22015.75922
-116.7	8039.812003
-116.6	8039.812003
-116.5	8039.812003
-116.4	8039.812003
-116.3	8039.812003
-116.2	-5138.357873
-116.1	-5138.357873
-116	-5138.357873
-115.9	-5138.357873
-115.8	-5138.357873
-115.7	-12690.98702
-115.6	-12690.98702
-115.5	-12690.98702
-115.4	-12690.98702
-115.3	-12690.98702
-115.2	-12690.98702
-115.1	-3511.736427
-115	-3511.736427
-114.9	-3511.736427
-114.8	-3511.736427
-114.7	-3511.736427
-114.6	-3511.736427
-114.5	-3511.736427
-114.4	8841.513294
-114.3	8841.513294
-114.2	8841.513294
-114.1	8841.513294
-114	8841.513294
-113.9	8841.513294
-113.8	8841.513294
-113.7	8841.513294
-113.6	8841.513294
-113.5	8841.513294
-113.4	-993.8698145
-113.3	-993.8698145
-113.2	6648.710936
-113.1	6648.710936
-113	-7754.716887
-112.9	323.2116818
-112.8	323.2116818
-112.7	323.2116818
-112.6	-10298.13699
-112.5	-10298.13699
-112.4	2030.473938
-112.3	2030.473938
-112.2	2030.473938
-112.1	-9559.023019
-112	-1106.258496
-111.9	-1106.258496
-111.8	-1106.258496
-111.7	-1106.258496
-111.6	8092.220077
-111.5	8092.220077
-111.4	-609.3838218
-111.3	-609.3838218
-111.2	10119.13903
-111.1	10119.13903
-111	-587.427295
-110.9	-587.427295
-110.8	9386.331641
-110.7	1961.863184
-110.6	1961.863184
-110.5	1961.863184
-110.4	1961.863184
-110.3	1961.863184
-110.2	-10326.62679
-110.1	-10326.62679
-110	-10326.62679
-109.9	-10326.62679
-109.8	-10326.62679
-109.7	-10326.62679
-109.6	-10326.62679
-109.5	-10326.62679
-109.4	-10326.62679
-109.3	-10326.62679
-109.2	-424.717333
-109.1	-424.717333
-109	-424.717333
-108.9	-424.717333
-108.8	-424.717333
-108.7	-424.717333
-108.6	12889.88846
-108.5	12889.88846
-108.4	2923.956345
-108.3	2923.956345
-108.2	14373.72474
-108.1	14373.72474
-108	5546.171444
-107.9	5546.171444
-107.8	5546.171444
-107.7	5546.171444
-107.6	-1923.502924
-107.5	-1923.502924
-107.4	-1923.502924
-107.3	-9413.917998
-107.2	-9413.917998
-107.1	-9413.917998
-107	-9413.917998
-106.9	-9413.917998
-106.8	2107.127179
-106.7	-10348.18039
-106.6	-10348.18039
-106.5	-10348.18039
-106.4	1743.975165
-106.3	1743.975165
-106.2	-7089.065921
-106.1	3423.70584
-106	3423.70584
-105.9	3423.70584
-105.8	3423.70584
-105.7	3423.70584
-105.6	3423.70584
-105.5	3423.70584
-105.4	3423.70584
-105.3	3423.70584
-105.2	3423.70584
-105.1	3423.70584
-105	3423.70584
-104.9	3423.70584
-104.8	-4062.629922
-104.7	-4062.629922
-104.6	-4062.629922
-104.5	-4062.629922
-104.4	-4062.629922
-104.3	-4062.629922
-104.2	-4062.629922
-104.1	-4062.629922
-104	-4062.629922
-103.9	-4062.629922
-103.8	6542.827631
-103.7	6542.827631
-103.6	-1448.097278
-103.5	-1448.097278
-103.4	13477.08392
-103.3	13477.08392
-103.2	13477.08392
-103.1	2160.318571
-103	8892.710985
-102.9	8892.710985
-102.8	806.7619426
-102.7	806.7619426
-102.6	806.7619426
-102.5	8297.113243
-102.4	198.586687
-102.3	198.586687
-102.2	198.586687
-102.1	198.586687
-102	-11063.80365
-101.9	-11063.80365
-101.8	-11063.80365
-101.7	563.6466275
-101.6	-8426.467711
-101.5	-8426.467711
-101.4	-8426.467711
-101.3	-8426.467711
-101.2	-8426.467711
-101.1	-8426.467711
-101	-8426.467711
-100.9	-8426.467711
-100.8	-1857.056984
-100.7	-1857.056984
-100.6	-1857.056984
-100.5	-1857.056984
-100.4	4987.168482
-100.3	4987.168482
-100.2	-4224.503458
-100.1	4608.414812
-100	4608.414812
-99.9	4608.414812
-99.8	4608.414812
-99.7	-3415.297361
-99.6	3744.874888
-99.5	3744.874888
-99.4	3744.874888
-99.3	-3020.768134
-99.2	-3020.768134
-99.1	3538.224708
-99	3538.224708
-98.9	3538.224708
-98.8	-5226.346398
-98.7	4034.347091
-98.6	4034.347091
-98.5	4034.347091
-98.4	4034.347091
-98.3	-3378.475329
-98.2	-3378.475329
-98.1	5851.566786
-98	5851.566786
-97.9	-954.0036452
-97.8	-954.0036452
-97.7	-954.0036452
-97.6	-954.0036452
-97.5	-954.0036452
-97.4	-954.0036452
-97.3	-954.0036452
-97.2	-954.0036452
-97.1	-954.0036452
-97	-8027.869267
-96.9	-1277.160176
-96.8	-1277.160176
-96.7	-9569.785581
-96.6	-9569.785581
-96.5	-1427.156894
-96.4	-1427.156894
-96.3	-1427.156894
-96.2	-1427.156894
-96.1	-1427.156894
-96	5450.861206
-95.9	5450.861206
-95.8	5450.861206
-95.7	5450.861206
-95.6	5450.861206
-95.5	5450.861206
-95.4	5450.861206
-95.3	5450.861206
-95.2	11857.46043
-95.1	11857.46043
-95	11857.46043
-94.9	2549.558804
-94.8	2549.558804
-94.7	9364.963376
-94.6	9364.963376
-94.5	-3926.613879
-94.4	-3926.613879
-94.3	2160.532775
-94.2	2160.532775
-94.1	-11243.93776
-94	-11243.93776
-93.9	-3419.985454
-93.8	-11425.87007
-93.7	-11425.87007
-93.6	-11425.87007
-93.5	-11425.87007
-93.4	-11425.87007
-93.3	-11425.87007
-93.2	-11425.87007
-93.1	-11425.87007
-93	-1862.415951
-92.9	-1862.415951
-92.8	-1862.415951
-92.7	-1862.415951
-92.6	-1862.415951
-92.5	11698.22091
-92.4	11698.22091
-92.3	5354.540539
-92.2	5354.540539
-92.1	14246.17221
-92	14246.17221
-91.9	4725.792737
-91.8	4725.792737
-91.7	12172.31432
-91.6	12172.31432
-91.5	3426.632777
-91.4	3426.632777
-91.3	3426.632777
-91.2	3426.632777
-91.1	3426.632777
-91	-8669.052158
-90.9	-8669.052158
-90.8	-8669.052158
-90.7	-8669.052158
-90.6	-8669.052158
-90.5	-8669.052158
-90.4	-8669.052158
-90.3	-8669.052158
-90.2	-8669.052158
-90.1	-8669.052158
-90	-8669.052158
-89.9	-8669.052158
-89.8	-2344.087355
-89.7	-2344.087355
-89.6	-2344.087355
-89.5	6332.183596
-89.4	6332.183596
-89.3	6332.183596
-89.2	6332.183596
-89.1	6332.183596
-89	6332.183596
-88.9	6332.183596
-88.8	6332.183596
-88.7	6332.183596
-88.6	6332.183596
-88.5	6332.183596
-88.4	-1065.155557
-88.3	-1065.155557
-88.2	-1065.155557
-88.1	-1065.155557
-88	-1065.155557
-87.9	-1065.155557
-87.8	-1065.155557
-87.7	-1065.155557
-87.6	-12220.18509
-87.5	-12220.18509
-87.4	567.5372323
-87.3	567.5372323
-87.2	-8982.300498
-87.1	-1852.21665
-87	-1852.21665
-86.9	-1852.21665
-86.8	5292.56789
-86.7	5292.56789
-86.6	5292.56789
-86.5	5292.56789
-86.4	5292.56789
-86.3	5292.56789
-86.2	5292.56789
-86.1	5292.56789
-86	5292.56789
-85.9	5292.56789
-85.8	5292.56789
-85.7	-2556.074052
-85.6	2929.139662
-85.5	2929.139662
-85.4	2929.139662
-85.3	-7874.910739
-85.2	-7874.910739
-85.1	163.2393837
-85	163.2393837
-84.9	-11700.2408
-84.8	-11700.2408
-84.7	-1739.7211
-84.6	-1739.7211
-84.5	-8702.155129
-84.4	-8702.155129
-84.3	-2134.200385
-84.2	-2134.200385
-84.1	-2134.200385
-84	-2134.200385
-83.9	-2134.200385
-83.8	6815.924542
-83.7	6815.924542
-83.6	6815.924542
-83.5	6815.924542
-83.4	6815.924542
-83.3	1240.893708
-83.2	1240.893708
-83.1	10804.12754
-83	3414.072644
-82.9	3414.072644
-82.8	3414.072644
-82.7	3414.072644
-82.6	3414.072644
-82.5	-5552.351707
-82.4	-5552.351707
-82.3	-5552.351707
-82.2	-5552.351707
-82.1	-5552.351707
-82	-5552.351707
-81.9	-5552.351707
-81.8	-5552.351707
-81.7	-11501.13211
-81.6	-11501.13211
-81.5	-444.0167291
-81.4	-444.0167291
-81.3	-444.0167291
-81.2	-5958.253687
-81.1	1343.060423
-81	1343.060423
-80.9	1343.060423
-80.8	1343.060423
-80.7	9912.360863
-80.6	9912.360863
-80.5	1526.746998
-80.4	1526.746998
-80.3	10314.08822
-80.2	3256.403012
-80.1	3256.403012
-80	3256.403012
-79.9	3256.403012
-79.8	3256.403012
-79.7	-4908.693888
-79.6	-4908.693888
-79.5	264.808218
-79.4	264.808218
-79.3	-8103.66763
-79.2	-8103.66763
-79.1	-8103.66763
-79	-2032.887748
-78.9	-2032.887748
-78.8	-8843.121346
-78.7	-3387.28693
-78.6	-3387.28693
-78.5	-3387.28693
-78.4	-3387.28693
-78.3	5876.660405
-78.2	5876.660405
-78.1	346.6761526
-78	346.6761526
-77.9	11058.01905
-77.8	5637.16264
-77.7	5637.16264
-77.6	5637.16264
-77.5	5637.16264
-77.4	5637.16264
-77.3	5637.16264
-77.2	10753.80746
-77.1	4884.422171
-77	4884.422171
-76.9	4884.422171
-76.8	-2381.384514
-76.7	-2381.384514
-76.6	6762.711311
-76.5	-676.5107987
-76.4	-676.5107987
-76.3	-676.5107987
-76.2	-676.5107987
-76.1	-6155.454914
-76	-6155.454914
-75.9	1793.94289
-75.8	1793.94289
-75.7	-7770.373914
-75.6	-7770.373914
-75.5	1291.640754
-75.4	-4785.806309
-75.3	-4785.806309
-75.2	-4785.806309
-75.1	3777.00702
-75	-2188.781797
-74.9	-2188.781797
-74.8	-2188.781797
-74.7	5173.77019
-74.6	-617.4884429
-74.5	-617.4884429
-74.4	-617.4884429
-74.3	-617.4884429
-74.2	-617.4884429
-74.1	4327.83549
-74	4327.83549
-73.9	4327.83549
-73.8	-2426.002613
-73.7	3265.896168
-73.6	3265.896168
-73.5	3265.896168
-73.4	3265.896168
-73.3	3265.896168
-73.2	3265.896168
-73.1	3265.896168
-73	-1784.119243
-72.9	-1784.119243
-72.8	3430.882434
-72.7	3430.882434
-72.6	-5260.171023
-72.5	80.39351365
-72.4	80.39351365
-72.3	80.39351365
-72.2	-6516.238908
-72.1	-6516.238908
-72	300.6979034
-71.9	300.6979034
-71.8	-6338.738796
-71.7	-6338.738796
-71.6	-1170.849457
-71.5	-1170.849457
-71.4	-1170.849457
-71.3	-1170.849457
-71.2	-1170.849457
-71.1	-1170.849457
-71	-1170.849457
-70.9	-1170.849457
-70.8	4928.828948
-70.7	4928.828948
-70.6	-673.2257897
-70.5	4599.186226
-70.4	4599.186226
-70.3	4599.186226
-70.2	4599.186226
-70.1	4599.186226
-70	4599.186226
-69.9	-870.7412822
-69.8	-870.7412822
-69.7	3447.688609
-69.6	3447.688609
-69.5	-4563.628393
-69.4	-419.3258555
-69.3	-419.3258555
-69.2	-419.3258555
-69.1	-419.3258555
-69	-8991.565003
-68.9	-3144.634169
-68.8	-3144.634169
-68.7	-3144.634169
-68.6	-3144.634169
-68.5	-8933.443861
-68.4	-4669.949706
-68.3	-4669.949706
-68.2	-4669.949706
-68.1	2268.04191
-68	2268.04191
-67.9	-2372.638165
-67.8	-2372.638165
-67.7	6642.602162
-67.6	6642.602162
-67.5	6642.602162
-67.4	1821.547401
-67.3	1821.547401
-67.2	9870.161906
-67.1	5231.272341
-67	5231.272341
-66.9	5231.272341
-66.8	5231.272341
-66.7	5231.272341
-66.6	5231.272341
-66.5	-3137.086288
-66.4	928.2884826
-66.3	928.2884826
-66.2	928.2884826
-66.1	928.2884826
-66	-5648.162641
-65.9	-5648.162641
-65.8	-5648.162641
-65.7	-5648.162641
-65.6	-5648.162641
-65.5	-5648.162641
-65.4	-5648.162641
-65.3	-5648.162641
-65.2	-5648.162641
-65.1	-5648.162641
-65	-5648.162641
-64.9	-5648.162641
-64.8	572.7520457
-64.7	572.7520457
-64.6	572.7520457
-64.5	572.7520457
-64.4	5023.473559
-64.3	5023.473559
-64.2	5023.473559
-64.1	5023.473559
-64	8786.167818
-63.9	8786.167818
-63.8	4498.24288
-63.7	4498.24288
-63.6	10968.82727
-63.5	5467.056199
-63.4	5467.056199
-63.3	5467.056199
-63.2	5467.056199
-63.1	5467.056199
-63	-1027.108417
-62.9	-1027.108417
-62.8	3698.788057
-62.7	-1140.215829
-62.6	-1140.215829
-62.5	-1140.215829
-62.4	-7180.650019
-62.3	-7180.650019
-62.2	-2173.606843
-62.1	-2173.606843
-62	-6285.033289
-61.9	-6285.033289
-61.8	-1362.395729
-61.7	-1362.395729
-61.6	-1362.395729
-61.5	-1362.395729
-61.4	-1362.395729
-61.3	-1362.395729
-61.2	-1362.395729
-61.1	2594.924024
-61	2594.924024
-60.9	-3302.28547
-60.8	280.8570046
-60.7	280.8570046
-60.6	280.8570046
-60.5	280.8570046
-60.4	280.8570046
-60.3	280.8570046
-60.2	280.8570046
-60.1	3835.379112
-60	3835.379112
-59.9	-162.0349571
-59.8	-162.0349571
-59.7	-162.0349571
-59.6	5030.422674
-59.5	5030.422674
-59.4	118.4092486
-59.3	118.4092486
-59.2	118.4092486
-59.1	118.4092486
-59	4934.495066
-58.9	4934.495066
-58.8	-386.5878354
-58.7	-386.5878354
-58.6	4407.551295
-58.5	4407.551295
-58.4	-411.0753542
-58.3	-411.0753542
-58.2	-411.0753542
-58.1	-411.0753542
-58	2861.686323
-57.9	2861.686323
-57.8	-5169.895168
-57.7	-718.1016604
-57.6	-718.1016604
-57.5	-718.1016604
-57.4	-718.1016604
-57.3	-718.1016604
-57.2	-718.1016604
-57.1	-6230.269202
-57	-1937.569337
-56.9	-1937.569337
-56.8	3610.481081
-56.7	3610.481081
-56.6	3610.481081
-56.5	-1029.626766
-56.4	3366.652768
-56.3	3366.652768
-56.2	3366.652768
-56.1	3366.652768
-56	3366.652768
-55.9	6915.915811
-55.8	6915.915811
-55.7	-1509.784735
-55.6	-1509.784735
-55.5	4491.074333
-55.4	4491.074333
-55.3	-4187.79396
-55.2	-663.6160875
-55.1	-663.6160875
-55	-663.6160875
-54.9	-5388.629278
-54.8	-5388.629278
-54.7	-5388.629278
-54.6	-2339.420082
-54.5	-2339.420082
-54.4	-8200.651435
-54.3	-3448.103204
-54.2	-3448.103204
-54.1	-498.8294731
-54	-498.8294731
-53.9	-498.8294731
-53.8	3901.514588
-53.7	3901.514588
-53.6	3901.514588
-53.5	3901.514588
-53.4	7229.494314
-53.3	7229.494314
-53.2	7229.494314
-53.1	12915.32547
-53	12915.32547
-52.9	6849.675579
-52.8	9983.098112
-52.7	9983.098112
-52.6	5132.057605
-52.5	5132.057605
-52.4	5132.057605
-52.3	437.4822199
-52.2	437.4822199
-52.1	437.4822199
-52	437.4822199
-51.9	-6358.530713
-51.8	-6358.530713
-51.7	-6358.530713
-51.6	-6358.530713
-51.5	-6358.530713
-51.4	-6358.530713
-51.3	-6358.530713
-51.2	-6358.530713
-51.1	-6358.530713
-51	-2434.071643
-50.9	-2434.071643
-50.8	-2434.071643
-50.7	3078.358479
-50.6	3078.358479
-50.5	3078.358479
-50.4	3078.358479
-50.3	6476.06226
-50.2	6476.06226
-50.1	6476.06226
-50	6476.06226
-49.9	2903.370799
-49.8	5532.061788
-49.7	5532.061788
-49.6	5532.061788
-49.5	1022.667018
-49.4	1022.667018
-49.3	1022.667018
-49.2	1022.667018
-49.1	-3676.532541
-49	-3676.532541
-48.9	-3676.532541
-48.8	-3676.532541
-48.7	-7886.401247
-48.6	-4538.061703
-48.5	-4538.061703
-48.4	-4538.061703
-48.3	-4538.061703
-48.2	-2017.370596
-48.1	-2017.370596
-48	-2017.370596
-47.9	2336.43769
-47.8	2336.43769
-47.7	2336.43769
-47.6	2336.43769
-47.5	7272.9942
-47.4	7272.9942
-47.3	3910.789379
-47.2	3910.789379
-47.1	6831.438751
-47	6831.438751
-46.9	2189.175848
-46.8	2189.175848
-46.7	2189.175848
-46.6	2189.175848
-46.5	-3827.668539
-46.4	-3827.668539
-46.3	-3827.668539
-46.2	-3827.668539
-46.1	-3827.668539
-46	-8542.838381
-45.9	-5363.476926
-45.8	-5363.476926
-45.7	-5363.476926
-45.6	-5363.476926
-45.5	-5363.476926
-45.4	-5363.476926
-45.3	24.59469258
-45.2	24.59469258
-45.1	24.59469258
-45	5646.63466
-44.9	5646.63466
-44.8	5646.63466
-44.7	5646.63466
-44.6	5646.63466
-44.5	5646.63466
-44.4	9281.084691
-44.3	9281.084691
-44.2	9281.084691
-44.1	9281.084691
-44	6000.724122
-43.9	6000.724122
-43.8	6000.724122
-43.7	2157.878966
-43.6	2157.878966
-43.5	2157.878966
-43.4	-1991.432568
-43.3	-1991.432568
-43.2	-1991.432568
-43.1	-1991.432568
-43	-1991.432568
-42.9	-1991.432568
-42.8	-8748.961105
-42.7	-4922.534548
-42.6	-4922.534548
-42.5	-4922.534548
-42.4	-4922.534548
-42.3	-617.7938637
-42.2	-617.7938637
-42.1	-617.7938637
-42	-617.7938637
-41.9	-617.7938637
-41.8	1598.547894
-41.7	1598.547894
-41.6	1598.547894
-41.5	1598.547894
-41.4	1598.547894
-41.3	4839.300806
-41.2	4839.300806
-41.1	218.762633
-41	2235.284484
-40.9	2235.284484
-40.8	2235.284484
-40.7	2235.284484
-40.6	2235.284484
-40.5	2235.284484
-40.4	2235.284484
-40.3	-1075.011774
-40.2	1412.097192
-40.1	1412.097192
-40	1412.097192
-39.9	1412.097192
-39.8	1412.097192
-39.7	1412.097192
-39.6	4052.520142
-39.5	4052.520142
-39.4	4052.520142
-39.3	4052.520142
-39.2	4052.520142
-39.1	4052.520142
-39	4052.520142
-38.9	4052.520142
-38.8	4052.520142
-38.7	4052.520142
-38.6	703.6348083
-38.5	2420.73139
-38.4	2420.73139
-38.3	2420.73139
-38.2	-1160.485566
-38.1	-1160.485566
-38	-1160.485566
-37.9	-1160.485566
-37.8	-1160.485566
-37.7	-4377.069097
-37.6	-4377.069097
-37.5	-1721.640243
-37.4	-1721.640243
-37.3	-1721.640243
-37.2	-1721.640243
-37.1	-1721.640243
-37	-1721.640243
-36.9	-1721.640243
-36.8	-168.7099189
-36.7	-168.7099189
-36.6	3765.74467
-36.5	3765.74467
-36.4	3765.74467
-36.3	737.501203
-36.2	4321.765459
-36.1	4321.765459
-36	4321.765459
-35.9	4321.765459
-35.8	4321.765459
-35.7	4321.765459
-35.6	4321.765459
-35.5	4321.765459
-35.4	-257.6828172
-35.3	2129.575032
-35.2	2129.575032
-35.1	2129.575032
-35	-1411.572262
-34.9	398.3742122
-34.8	398.3742122
-34.7	398.3742122
-34.6	398.3742122
-34.5	398.3742122
-34.4	398.3742122
-34.3	-3058.776484
-34.2	478.0914308
-34.1	478.0914308
-34	2368.377638
-33.9	2368.377638
-33.8	2368.377638
-33.7	2368.377638
-33.6	5016.981338
-33.5	5016.981338
-33.4	5016.981338
-33.3	2320.417191
-33.2	3806.249475
-33.1	3806.249475
-33	3806.249475
-32.9	-1567.495626
-32.8	602.5292845
-32.7	602.5292845
-32.6	602.5292845
-32.5	602.5292845
-32.4	-3841.494308
-32.3	-2104.784193
-32.2	-2104.784193
-32.1	-2104.784193
-32	-2104.784193
-31.9	-5144.762067
-31.8	-2179.562763
-31.7	-2179.562763
-31.6	-2179.562763
-31.5	-89.48888453
-31.4	-89.48888453
-31.3	1185.795367
-31.2	1185.795367
-31.1	2566.844915
-31	2566.844915
-30.9	3882.440915
-30.8	3882.440915
-30.7	3882.440915
-30.6	3882.440915
-30.5	3882.440915
-30.4	3882.440915
-30.3	3882.440915
-30.2	3882.440915
-30.1	3882.440915
-30	3882.440915
-29.9	3882.440915
-29.8	-203.8536058
-29.7	891.500775
-29.6	891.500775
-29.5	891.500775
-29.4	891.500775
-29.3	891.500775
-29.2	891.500775
-29.1	-2436.777876
-29	-442.2832105
-28.9	989.4353884
-28.8	989.4353884
-28.7	989.4353884
-28.6	2621.79167
-28.5	2621.79167
-28.4	2621.79167
-28.3	2621.79167
-28.2	2621.79167
-28.1	2621.79167
-28	3576.429846
-27.9	3576.429846
-27.8	3576.429846
-27.7	3576.429846
-27.6	411.6997992
-27.5	411.6997992
-27.4	1638.542841
-27.3	1638.542841
-27.2	1638.542841
-27.1	-3191.812168
-27	-794.4032805
-26.9	-794.4032805
-26.8	-794.4032805
-26.7	-794.4032805
-26.6	-794.4032805
-26.5	-794.4032805
-26.4	-794.4032805
-26.3	-794.4032805
-26.2	-794.4032805
-26.1	-794.4032805
-26	473.6415695
-25.9	473.6415695
-25.8	2137.40194
-25.7	2137.40194
-25.6	2137.40194
-25.5	2137.40194
-25.4	2137.40194
-25.3	3178.913936
-25.2	3178.913936
-25.1	3178.913936
-25	3178.913936
-24.9	3178.913936
-24.8	649.6545426
-24.7	1612.917172
-24.6	1612.917172
-24.5	1612.917172
-24.4	1612.917172
-24.3	-1590.334692
-24.2	47.6154497
-24.1	47.6154497
-24	47.6154497
-23.9	47.6154497
-23.8	47.6154497
-23.7	47.6154497
-23.6	-3434.222105
-23.5	-574.6554369
-23.4	-574.6554369
-23.3	-86.04537193
-23.2	-86.04537193
-23.1	-86.04537193
-23	-86.04537193
-22.9	337.2477314
-22.8	337.2477314
-22.7	337.2477314
-22.6	1826.677668
-22.5	1826.677668
-22.4	1826.677668
-22.3	1826.677668
-22.2	1826.677668
-22.1	1826.677668
-22	1826.677668
-21.9	1826.677668
-21.8	1826.677668
-21.7	-1488.053558
-21.6	1076.851379
-21.5	1076.851379
-21.4	1076.851379
-21.3	-1405.636562
-21.2	419.3430706
-21.1	419.3430706
-21	419.3430706
-20.9	419.3430706
-20.8	419.3430706
-20.7	1571.349551
-20.6	1571.349551
-20.5	1571.349551
-20.4	1571.349551
-20.3	1571.349551
-20.2	1571.349551
-20.1	1571.349551
-20	1571.349551
-19.9	1571.349551
-19.8	1571.349551
-19.7	-1269.817882
-19.6	552.9718885
-19.5	844.9824676
-19.4	844.9824676
-19.3	844.9824676
-19.2	844.9824676
-19.1	844.9824676
-19	-2618.664386
-18.9	112.0538022
-18.8	112.0538022
-18.7	112.0538022
-18.6	-2500.598354
-18.5	-1579.442813
-18.4	-1388.434815
-18.3	-1388.434815
-18.2	-1388.434815
-18.1	-1388.434815
-18	-1388.434815
-17.9	-1388.434815
-17.8	-1388.434815
-17.7	-1388.434815
-17.6	-1388.434815
-17.5	-359.4446235
-17.4	-359.4446235
-17.3	-359.4446235
-17.2	1024.975275
-17.1	1024.975275
-17	1024.975275
-16.9	1024.975275
-16.8	-454.1145074
-16.7	-454.1145074
-16.6	1105.029868
-16.5	1105.029868
-16.4	-553.5000511
-16.3	-553.5000511
-16.2	-553.5000511
-16.1	-553.5000511
-16	-166.8172762
-15.9	-166.8172762
-15.8	-166.8172762
-15.7	-166.8172762
-15.6	-166.8172762
-15.5	-166.8172762
-15.4	-166.8172762
-15.3	-166.8172762
-15.2	-80.75829598
-15.1	1760.851212
-15	1760.851212
-14.9	1760.851212
-14.8	1760.851212
-14.7	2697.132357
-14.6	2697.132357
-14.5	2697.132357
-14.4	3168.90762
-14.3	3168.90762
-14.2	3353.992548
-14.1	4534.647637
-14	4534.647637
-13.9	1828.594553
-13.8	1828.594553
-13.7	1828.594553
-13.6	1828.594553
-13.5	1828.594553
-13.4	1828.594553
-13.3	-428.0932381
-13.2	-428.0932381
-13.1	-428.0932381
-13	-428.0932381
-12.9	-428.0932381
-12.8	-428.0932381
-12.7	-976.1192185
-12.6	-976.1192185
-12.5	-369.0836772
-12.4	983.2967759
-12.3	983.2967759
-12.2	2237.719261
-12.1	3121.193476
-12	4739.14711
-11.9	4739.14711
-11.8	6661.25759
-11.7	6661.25759
-11.6	7998.308329
-11.5	8509.378469
-11.4	8927.532441
-11.3	10059.45729
-11.2	10059.45729
-11.1	10943.14889
-11	10943.14889
-10.9	10943.14889
-10.8	10943.14889
-10.7	10943.14889
-10.6	10943.14889
-10.5	11227.46834
-10.4	11467.09679
-10.3	11773.94687
-10.2	11773.94687
-10.1	11773.94687
-10	12102.71835
-9.9	12515.68326
-9.8	13026.93704
-9.7	13686.51607
-9.6	15263.32622
-9.5	15263.32622
-9.4	16491.26161
-9.3	16491.26161
-9.2	18316.34516
-9.1	18316.34516
-9	19459.96068
-8.9	20411.45124
-8.8	21329.65482
-8.7	21627.47803
-8.6	22974.2326
-8.5	24006.84676
-8.4	24408.77358
-8.3	25446.57102
-8.2	26496.46704
-8.1	26995.3815
-8	27927.33328
-7.9	28666.44616
-7.8	29888.84018
-7.7	30675.85432
-7.6	31433.12807
-7.5	32164.08795
-7.4	33857.16793
-7.3	34655.31812
-7.2	35601.78389
-7.1	37018.43682
-7	37981.09167
-6.9	39489.96133
-6.8	40946.45743
-6.7	42071.71013
-6.6	43835.40387
-6.5	45637.02167
-6.4	46928.10244
-6.3	48680.8362
-6.2	50288.76052
-6.1	51811.55164
-6	53282.81045
-5.9	55081.23311
-5.8	55972.43505
-5.7	57274.47423
-5.6	58966.83781
-5.5	60517.11805
-5.4	61408.67243
-5.3	63244.9315
-5.2	64530.45435
-5.1	64530.45435
-5	67653.52283
-4.9	67653.52283
-4.8	69908.99254
-4.7	70917.43748
-4.6	72277.70014
-4.5	73570.99434
-4.4	75130.73507
-4.3	76735.69683
-4.2	78182.41933
-4.1	80137.43602
-4	81387.16495
-3.9	83605.29959
-3.8	85278.0207
-3.7	87111.92757
-3.6	88861.33592
-3.5	90917.93502
-3.4	93017.90289
-3.3	94653.6365
-3.2	96824.48846
-3.1	98628.6789
-3	100468.9948
-2.9	102354.6918
-2.8	104651.6673
-2.7	106817.614
-2.6	108604.6386
-2.5	108604.6386
-2.4	112737.5691
-2.3	114589.973
-2.2	115956.0642
-2.1	118315.9011
-2	120252.0047
-1.9	122106.0264
-1.8	124482.7406
-1.7	126550.9799
-1.6	128665.0661
-1.5	130858.9986
-1.4	133170.0856
-1.3	135057.4972
-1.2	137753.9366
-1.1	139543.4031
-1	141330.5122
-0.9	143705.8431
-0.8	146155.5009
-0.7	148167.3746
-0.6	150092.6533
-0.5	151959.021
-0.4	153797.4309
-0.3	155388.6524
-0.2	157354.3776
-0.1	158878.8847
2.84E-14	160004.1962
0.1	161974.6575
0.2	163405.0909
0.3	164348.9578
0.4	165730.298
0.5	167288.649
0.6	168179.0439
0.7	169618.3081
0.8	171056.792
0.9	172786.6521
1	174268.9777
1.1	176165.7357
1.2	177875.5904
1.3	179741.5746
1.4	181527.8523
1.5	183592.9813
1.6	184824.9426
1.7	186331.7285
1.8	188359.3053
1.9	190025.7012
2	192254.9487
2.1	193584.0236
2.2	195224.6289
2.3	196852.2347
2.4	198143.6374
2.5	199734.853
2.6	200717.2712
2.7	202252.6678
2.8	203106.0432
2.9	204477.8093
3	205769.2394
3.1	206643.3157
3.2	207650.5946
3.3	208755.9255
3.4	209933.5095
3.5	211168.917
3.6	212117.3569
3.7	212117.3569
3.8	214793.3799
3.9	214793.3799
4	216581.0818
4.1	216581.0818
4.2	219162.6915
4.3	219162.6915
4.4	220764.6303
4.5	221420.3202
4.6	222101.0366
4.7	222735.1411
4.8	222735.1411
4.9	224859.8053
5	224859.8053
5.1	224859.8053
5.2	223186.8616
5.3	223186.8616
5.4	223974.5398
5.5	223974.5398
5.6	223974.5398
5.7	221275.5608
5.8	222407.1255
5.9	222407.1255
6	222407.1255
6.1	221675.2288
6.2	221047.7811
6.3	221047.7811
6.4	221047.7811
6.5	220363.1208
6.6	220363.1208
6.7	221969.0872
6.8	221969.0872
6.9	220161.603
7	221593.9901
7.1	221593.9901
7.2	221593.9901
7.3	221593.9901
7.4	220224.4369
7.5	220224.4369
7.6	220224.4369
7.7	220224.4369
7.8	220224.4369
7.9	216750.3354
8	217483.0801
8.1	217483.0801
8.2	214807.7282
8.3	214807.7282
8.4	212076.9246
8.5	212076.9246
8.6	210330.8788
8.7	208755.0465
8.8	207286.2927
8.9	207286.2927
9	204605.9739
9.1	204605.9739
9.2	202603.4006
9.3	202603.4006
9.4	200143.9495
9.5	200143.9495
9.6	200143.9495
9.7	198372.3606
9.8	198372.3606
9.9	198372.3606
10	195501.591
10.1	195501.591
10.2	195501.591
10.3	195501.591
10.4	192798.0402
10.5	192798.0402
10.6	190557.1877
10.7	190557.1877
10.8	188312.9241
10.9	188312.9241
11	183719.4189
11.1	184038.8581
11.2	184038.8581
11.3	179710.694
11.4	179710.694
11.5	177579.5429
11.6	177579.5429
11.7	173058.7803
11.8	173300.8087
11.9	171171.7049
12	171171.7049
12.1	166099.1678
12.2	166099.1678
12.3	166099.1678
12.4	161684.7029
12.5	162188.3593
12.6	162188.3593
12.7	157560.685
12.8	157878.3262
12.9	157878.3262
13	153556.6345
13.1	153556.6345
13.2	153556.6345
13.3	150978.5707
13.4	150978.5707
13.5	148210.6066
13.6	148210.6066
13.7	145691.6719
13.8	145691.6719
13.9	142611.8693
14	142611.8693
14.1	140380.8771
14.2	140380.8771
14.3	137361.9219
14.4	137361.9219
14.5	137361.9219
14.6	133177.0525
14.7	133749.3422
14.8	133749.3422
14.9	130085.995
15	130085.995
15.1	130085.995
15.2	125790.5981
15.3	125790.5981
15.4	125790.5981
15.5	122601.7851
15.6	122601.7851
15.7	119181.8073
15.8	119181.8073
15.9	116247.0876
16	116247.0876
16.1	113527.5052
16.2	113527.5052
16.3	110001.7225
16.4	110001.7225
16.5	110001.7225
16.6	104756.0581
16.7	104756.0581
16.8	104756.0581
16.9	102389.4719
17	102389.4719
17.1	99678.11134
17.2	99678.11134
17.3	99678.11134
17.4	95180.16611
17.5	96057.35302
17.6	96057.35302
17.7	92751.09585
17.8	92751.09585
17.9	92751.09585
18	90163.65407
18.1	90163.65407
18.2	87741.04056
18.3	87741.04056
18.4	84795.39956
18.5	84795.39956
18.6	82514.33976
18.7	82514.33976
18.8	79674.45671
18.9	79674.45671
19	77783.69196
19.1	77783.69196
19.2	77783.69196
19.3	73731.00384
19.4	73731.00384
19.5	75121.48916
19.6	75121.48916
19.7	71286.88771
19.8	72372.78167
19.9	72372.78167
20	70104.7454
20.1	70104.7454
20.2	70104.7454
20.3	70104.7454
20.4	67507.94553
20.5	67507.94553
20.6	67507.94553
20.7	63989.60653
20.8	63989.60653
20.9	63989.60653
21	60054.05483
21.1	60863.43735
21.2	60863.43735
21.3	56624.1606
21.4	56624.1606
21.5	56624.1606
21.6	56624.1606
21.7	52689.57462
21.8	53609.0971
21.9	53609.0971
22	53609.0971
22.1	48895.29088
22.2	50967.93911
22.3	50967.93911
22.4	50967.93911
22.5	50967.93911
22.6	50967.93911
22.7	50967.93911
22.8	50967.93911
22.9	47847.59486
23	50124.71168
23.1	50124.71168
23.2	50124.71168
23.3	47357.55362
23.4	48342.52078
23.5	48342.52078
23.6	44160.52585
23.7	45212.96871
23.8	45212.96871
23.9	41619.43696
24	41619.43696
24.1	41619.43696
24.2	38835.1182
24.3	38835.1182
24.4	38835.1182
24.5	38835.1182
24.6	35542.10632
24.7	36573.64197
24.8	36573.64197
24.9	36573.64197
25	36573.64197
25.1	36573.64197
25.2	36573.64197
25.3	36573.64197
25.4	36573.64197
25.5	36573.64197
25.6	36573.64197
25.7	36573.64197
25.8	36573.64197
25.9	36573.64197
26	33365.02209
26.1	34329.48435
26.2	34329.48435
26.3	34329.48435
26.4	31522.40817
26.5	31522.40817
26.6	31522.40817
26.7	27927.13316
26.8	27927.13316
26.9	27927.13316
27	27927.13316
27.1	24054.26514
27.2	25705.16443
27.3	25705.16443
27.4	25705.16443
27.5	25705.16443
27.6	25705.16443
27.7	25705.16443
27.8	28447.31367
27.9	28447.31367
28	28447.31367
28.1	28447.31367
28.2	28447.31367
28.3	30141.74982
28.4	30141.74982
28.5	30141.74982
28.6	30141.74982
28.7	30141.74982
28.8	26352.53636
28.9	28060.48265
29	28060.48265
29.1	23173.08429
29.2	24339.51499
29.3	24339.51499
29.4	21313.16905
29.5	21313.16905
29.6	21313.16905
29.7	21313.16905
29.8	21313.16905
29.9	17527.17974
30	19526.15721
30.1	19526.15721
30.2	19706.24815
30.3	20038.64505
30.4	20659.82051
30.5	21085.17167
30.6	22414.306
30.7	22466.87596
30.8	24771.33219
30.9	24771.33219
31	24771.33219
31.1	24771.33219
31.2	26620.70275
31.3	26620.70275
31.4	26620.70275
31.5	21670.13798
31.6	23416.25184
31.7	23416.25184
31.8	23416.25184
31.9	17556.03003
32	19481.498
32.1	19481.498
32.2	14308.09755
32.3	15676.2121
32.4	15676.2121
32.5	12302.0572
32.6	12302.0572
32.7	12302.0572
32.8	12302.0572
32.9	12302.0572
33	12302.0572
33.1	12302.0572
33.2	12302.0572
33.3	14068.62937
33.4	14933.19583
33.5	16483.06215
33.6	18197.96794
33.7	18815.48929
33.8	20039.91292
33.9	21978.55431
34	21978.55431
34.1	22941.65772
34.2	23640.62452
34.3	23976.79076
34.4	23976.79076
34.5	23976.79076
34.6	19335.2429
34.7	19903.21455
34.8	19903.21455
34.9	19903.21455
35	13897.94124
35.1	13897.94124
35.2	13897.94124
35.3	13897.94124
35.4	7940.131749
35.5	7940.131749
35.6	7940.131749
35.7	7940.131749
35.8	7940.131749
35.9	3170.702314
36	8627.586184
36.1	8627.586184
36.2	8627.586184
36.3	8627.586184
36.4	8627.586184
36.5	8627.586184
36.6	11574.45354
36.7	12926.66748
36.8	12926.66748
36.9	15434.37226
37	15434.37226
37.1	17342.66487
37.2	17342.66487
37.3	17342.66487
37.4	17342.66487
37.5	17342.66487
37.6	17342.66487
37.7	17342.66487
37.8	13739.52014
37.9	15707.64803
38	15707.64803
38.1	11565.10141
38.2	11565.10141
38.3	11565.10141
38.4	11565.10141
38.5	11565.10141
38.6	11565.10141
38.7	8103.029789
38.8	9957.164358
38.9	11425.38463
39	11425.38463
39.1	13057.05017
39.2	13057.05017
39.3	13057.05017
39.4	15890.10428
39.5	15890.10428
39.6	17031.82688
39.7	17031.82688
39.8	17031.82688
39.9	17031.82688
40	17031.82688
40.1	17031.82688
40.2	17031.82688
40.3	11134.4341
40.4	13215.52025
40.5	13215.52025
40.6	7905.30831
40.7	7905.30831
40.8	7905.30831
40.9	7905.30831
41	7905.30831
41.1	1586.801332
41.2	3745.412635
41.3	3745.412635
41.4	3745.412635
41.5	3745.412635
41.6	3745.412635
41.7	3745.412635
41.8	-67.79144954
41.9	2979.510758
42	2979.510758
42.1	4274.683235
42.2	4274.683235
42.3	8521.430831
42.4	8521.430831
42.5	8521.430831
42.6	8521.430831
42.7	10450.34418
42.8	10450.34418
42.9	10450.34418
43	12867.03114
43.1	12867.03114
43.2	15974.55068
43.3	15974.55068
43.4	15974.55068
43.5	15974.55068
43.6	11498.67944
43.7	14659.36717
43.8	14659.36717
43.9	14659.36717
44	16513.17398
44.1	16513.17398
44.2	16513.17398
44.3	11892.64341
44.4	14627.34629
44.5	14627.34629
44.6	14627.34629
44.7	14627.34629
44.8	10640.56985
44.9	10640.56985
45	10640.56985
45.1	5170.091541
45.2	5836.834249
45.3	5836.834249
45.4	5836.834249
45.5	-2569.373463
45.6	-1968.99919
45.7	-1968.99919
45.8	-1920.582997
45.9	-1920.582997
46	-1920.582997
46.1	-1920.582997
46.2	-3892.955146
46.3	-3892.955146
46.4	-3892.955146
46.5	1054.380496
46.6	1054.380496
46.7	3548.690768
46.8	3548.690768
46.9	7038.768303
47	11010.6547
47.1	11010.6547
47.2	14601.46631
47.3	14601.46631
47.4	17543.00848
47.5	17543.00848
47.6	17543.00848
47.7	17543.00848
47.8	20951.44973
47.9	20951.44973
48	20951.44973
48.1	20951.44973
48.2	14898.2325
48.3	17386.78691
48.4	17386.78691
48.5	17386.78691
48.6	11234.25405
48.7	11234.25405
48.8	14217.10695
48.9	14217.10695
49	4681.383674
49.1	8693.280355
49.2	9092.074753
49.3	9092.074753
49.4	9092.074753
49.5	9092.074753
49.6	1818.884679
49.7	4061.172516
49.8	4061.172516
49.9	6317.485416
50	6317.485416
50.1	6317.485416
50.2	6317.485416
50.3	1525.786197
50.4	1525.786197
50.5	4298.736458
50.6	4298.736458
50.7	4298.736458
50.8	4298.736458
50.9	4298.736458
51	-2210.193441
51.1	1554.613994
51.2	1554.613994
51.3	1554.613994
51.4	1554.613994
51.5	1554.613994
51.6	1554.613994
51.7	1554.613994
51.8	3815.506049
51.9	5359.651791
52	7008.840952
52.1	7008.840952
52.2	7008.840952
52.3	8621.785341
52.4	10194.74213
52.5	14637.5748
52.6	14637.5748
52.7	14637.5748
52.8	7358.728734
52.9	14275.77276
53	14275.77276
53.1	14275.77276
53.2	14275.77276
53.3	14275.77276
53.4	14275.77276
53.5	7841.120826
53.6	15002.07741
53.7	15002.07741
53.8	6518.956327
53.9	10086.60862
54	10086.60862
54.1	10086.60862
54.2	10086.60862
54.3	4118.379202
54.4	4118.379202
54.5	4118.379202
54.6	4118.379202
54.7	4118.379202
54.8	4118.379202
54.9	-2233.861402
55	-2233.861402
55.1	-851.7031778
55.2	-851.7031778
55.3	-851.7031778
55.4	2895.318498
55.5	2895.318498
55.6	-2124.623992
55.7	-2124.623992
55.8	2067.389263
55.9	2067.389263
56	2067.389263
56.1	2067.389263
56.2	2067.389263
56.3	2067.389263
56.4	2067.389263
56.5	2067.389263
56.6	8055.904159
56.7	8055.904159
56.8	8055.904159
56.9	10050.66285
57	10951.92503
57.1	15415.61484
57.2	15415.61484
57.3	15415.61484
57.4	15415.61484
57.5	15415.61484
57.6	18951.44623
57.7	18951.44623
57.8	18951.44623
57.9	18951.44623
58	18951.44623
58.1	18951.44623
58.2	18951.44623
58.3	18951.44623
58.4	18951.44623
58.5	10179.19149
58.6	16163.82439
58.7	16163.82439
58.8	8023.089576
58.9	11008.62568
59	11008.62568
59.1	11008.62568
59.2	11008.62568
59.3	-978.0954238
59.4	6006.139894
59.5	6006.139894
59.6	6006.139894
59.7	-1701.455153
59.8	-1701.455153
59.9	2656.000759
60	2656.000759
60.1	-2335.348289
60.2	-2335.348289
60.3	-2335.348289
60.4	-2335.348289
60.5	-2335.348289
60.6	-2335.348289
60.7	-2335.348289
60.8	-2335.348289
60.9	-2335.348289
61	-2335.348289
61.1	-2335.348289
61.2	-2335.348289
61.3	3217.529328
61.4	3217.529328
61.5	3217.529328
61.6	3217.529328
61.7	6640.214249
61.8	6640.214249
61.9	10097.19733
62	10097.19733
62.1	10097.19733
62.2	12857.14115
62.3	18156.02118
62.4	18156.02118
62.5	10316.17424
62.6	18295.01167
62.7	18295.01167
62.8	18295.01167
62.9	18295.01167
63	9649.936128
63.1	13594.03798
63.2	13594.03798
63.3	13594.03798
63.4	13594.03798
63.5	-317.7771072
63.6	6375.590976
63.7	6375.590976
63.8	-1883.817288
63.9	-1883.817288
64	-1883.817288
64.1	-1883.817288
64.2	-3314.175907
64.3	-10496.61194
64.4	-8138.948954
64.5	-5532.190277
64.6	-5212.124892
64.7	-2943.19098
64.8	-2943.19098
64.9	-2943.19098
65	-993.693557
65.1	142.2431577
65.2	1400.436248
65.3	4467.323343
65.4	5053.247007
65.5	5909.611522
65.6	8564.983356
65.7	8564.983356
65.8	10757.30446
65.9	10757.30446
66	10757.30446
66.1	11598.10303
66.2	11598.10303
66.3	11598.10303
66.4	1676.8749
66.5	7603.031413
66.6	7603.031413
66.7	7603.031413
66.8	7603.031413
66.9	7603.031413
67	-1672.485995
67.1	3871.018989
67.2	3871.018989
67.3	3871.018989
67.4	6507.969942
67.5	8849.151867
67.6	8849.151867
67.7	10190.45811
67.8	11010.70458
67.9	12499.25425
68	16046.12923
68.1	16046.12923
68.2	16046.12923
68.3	16046.12923
68.4	16046.12923
68.5	16046.12923
68.6	16046.12923
68.7	5444.843221
68.8	11862.13476
68.9	11862.13476
69	11862.13476
69.1	-246.3471566
69.2	3990.145938
69.3	3990.145938
69.4	3990.145938
69.5	-7534.054616
69.6	-4305.52358
69.7	-4305.52358
69.8	-4305.52358
69.9	-4305.52358
70	-4305.52358
70.1	-4305.52358
70.2	-4305.52358
70.3	-4305.52358
70.4	-4305.52358
70.5	1648.241073
70.6	4788.317689
70.7	7175.54253
70.8	9523.851481
70.9	11773.32001
71	11773.32001
71.1	11773.32001
71.2	18090.86992
71.3	18090.86992
71.4	18090.86992
71.5	18090.86992
71.6	18090.86992
71.7	8293.52827
71.8	12955.40221
71.9	12955.40221
72	12955.40221
72.1	2665.129767
72.2	6411.852579
72.3	6411.852579
72.4	6411.852579
72.5	-7705.357571
72.6	-1544.598254
72.7	-63.03758457
72.8	-63.03758457
72.9	-63.03758457
73	2162.818034
73.1	2162.818034
73.2	3779.456598
73.3	3779.456598
73.4	8490.453333
73.5	8490.453333
73.6	14080.92032
73.7	16634.12059
73.8	16634.12059
73.9	19224.37473
74	19224.37473
74.1	19224.37473
74.2	19224.37473
74.3	19224.37473
74.4	19224.37473
74.5	19224.37473
74.6	7900.583556
74.7	10178.80569
74.8	10178.80569
74.9	-2705.349299
75	-625.7286462
75.1	-625.7286462
75.2	-12914.26202
75.3	-12914.26202
75.4	-12914.26202
75.5	-12914.26202
75.6	-12914.26202
75.7	-25906.1327
75.8	-17730.77919
75.9	-14253.86138
76	-14253.86138
76.1	-11128.74471
76.2	-6411.801292
76.3	-508.7486822
76.4	3121.311142
76.5	9543.114857
76.6	13237.54534
76.7	19288.57163
76.8	22157.30646
76.9	26938.7513
77	30066.43799
77.1	30066.43799
77.2	35943.5926
77.3	35943.5926
77.4	35943.5926
77.5	25596.83898
77.6	25596.83898
77.7	25596.83898
77.8	25596.83898
77.9	14443.16702
78	14443.16702
78.1	14443.16702
78.2	-5863.06778
78.3	-3144.553246
78.4	-3144.553246
78.5	-3144.553246
78.6	-15609.99065
78.7	-12765.12767
78.8	-12765.12767
78.9	-12765.12767
79	-12765.12767
79.1	-7199.541018
79.2	-7199.541018
79.3	-4409.581233
79.4	-1324.892455
79.5	3001.105385
79.6	3001.105385
79.7	9727.714705
79.8	9727.714705
79.9	9727.714705
80	9727.714705
80.1	9727.714705
80.2	9727.714705
80.3	9727.714705
80.4	9727.714705
80.5	9727.714705
80.6	-4397.960217
80.7	43.31174723
80.8	43.31174723
80.9	43.31174723
81	-16484.98035
81.1	-7192.609802
81.2	-7192.609802
81.3	-7192.609802
81.4	-7192.609802
81.5	-7192.609802
81.6	-7192.609802
81.7	298.0892829
81.8	4589.40905
81.9	4589.40905
82	11397.16285
82.1	11397.16285
82.2	17587.12761
82.3	17587.12761
82.4	23539.62546
82.5	26655.62474
82.6	26655.62474
82.7	26655.62474
82.8	26655.62474
82.9	26655.62474
83	8504.114019
83.1	8504.114019
83.2	13823.51138
83.3	13823.51138
83.4	-7905.693754
83.5	-7905.693754
83.6	-7905.693754
83.7	-7905.693754
83.8	-23607.74197
83.9	-18699.08199
84	-18699.08199
84.1	-18699.08199
84.2	-29685.57809
84.3	-19738.70711
84.4	-19738.70711
84.5	-10013.61316
84.6	-10013.61316
84.7	-10013.61316
84.8	-246.881686
84.9	-246.881686
85	9106.760258
85.1	9106.760258
85.2	12664.40436
85.3	16979.80847
85.4	16979.80847
85.5	16979.80847
85.6	23090.23559
85.7	23090.23559
85.8	23090.23559
85.9	10235.31026
86	13821.14363
86.1	13821.14363
86.2	13821.14363
86.3	13821.14363
86.4	3872.678939
86.5	8427.542046
86.6	8427.542046
86.7	8427.542046
86.8	-6003.181413
86.9	1844.166493
87	1844.166493
87.1	1844.166493
87.2	6094.411267
87.3	6094.411267
87.4	6094.411267
87.5	6094.411267
87.6	13684.08347
87.7	13684.08347
87.8	13684.08347
87.9	13684.08347
88	13684.08347
88.1	13684.08347
88.2	13684.08347
88.3	-1025.883944
88.4	8737.368369
88.5	8737.368369
88.6	8737.368369
88.7	-3369.41881
88.8	-3369.41881
88.9	-3369.41881
89	-3369.41881
89.1	-3369.41881
89.2	-3369.41881
89.3	-15745.03803
89.4	-9380.104234
89.5	-9380.104234
89.6	-1133.160319
89.7	-1133.160319
89.8	-1133.160319
89.9	-1133.160319
90	-1133.160319
90.1	7138.437193
90.2	7138.437193
90.3	15171.22943
90.4	15171.22943
90.5	15171.22943
90.6	15171.22943
90.7	19987.49847
90.8	19987.49847
90.9	19987.49847
91	19987.49847
91.1	19987.49847
91.2	19987.49847
91.3	3362.58665
91.4	12060.04414
91.5	12060.04414
91.6	1866.224903
91.7	1866.224903
91.8	1866.224903
91.9	1866.224903
92	-13682.87181
92.1	-7728.974562
92.2	-7728.974562
92.3	-7728.974562
92.4	-7728.974562
92.5	-7728.974562
92.6	-2985.964115
92.7	-2985.964115
92.8	-2985.964115
92.9	-2985.964115
93	-2985.964115
93.1	-2985.964115
93.2	6373.882612
93.3	6373.882612
93.4	6373.882612
93.5	11682.54334
93.6	11682.54334
93.7	11682.54334
93.8	11682.54334
93.9	11682.54334
94	11682.54334
94.1	11682.54334
94.2	11682.54334
94.3	11682.54334
94.4	11682.54334
94.5	-1159.942235
94.6	-1159.942235
94.7	6105.176312
94.8	6105.176312
94.9	6105.176312
95	-9133.684123
95.1	-9133.684123
95.2	-1557.894523
95.3	-1557.894523
95.4	-1557.894523
95.5	-16440.9836
95.6	-6667.69405
95.7	-6667.69405
95.8	-6667.69405
95.9	-1679.332595
96	-1679.332595
96.1	-1679.332595
96.2	-1679.332595
96.3	-1679.332595
96.4	4671.171655
96.5	4671.171655
96.6	4671.171655
96.7	12110.55938
96.8	12110.55938
96.9	12110.55938
97	12110.55938
97.1	12110.55938
97.2	12110.55938
97.3	12110.55938
97.4	12110.55938
97.5	12110.55938
97.6	12110.55938
97.7	12110.55938
97.8	12110.55938
97.9	-4545.28154
98	5948.20224
98.1	5948.20224
98.2	5948.20224
98.3	5948.20224
98.4	-5441.109987
98.5	-5441.109987
98.6	3085.043543
98.7	3085.043543
98.8	3085.043543
98.9	3085.043543
99	3085.043543
99.1	3085.043543
99.2	3085.043543
99.3	3085.043543
99.4	3085.043543
99.5	10136.19166
99.6	10136.19166
99.7	10136.19166
99.8	10136.19166
99.9	10136.19166
100	10136.19166
100.1	10136.19166
100.2	16157.73923
100.3	16157.73923
100.4	4380.265209
100.5	4380.265209
100.6	4380.265209
100.7	4380.265209
100.8	4380.265209
100.9	4380.265209
101	4380.265209
101.1	-9443.05253
101.2	-1591.603615
101.3	-1591.603615
101.4	-1591.603615
101.5	-1591.603615
101.6	-1591.603615
101.7	-1591.603615
101.8	-1591.603615
101.9	4848.566524
102	4848.566524
102.1	4848.566524
102.2	4848.566524
102.3	4848.566524
102.4	13636.85047
102.5	13636.85047
102.6	13636.85047
102.7	13636.85047
102.8	13636.85047
102.9	13636.85047
103	13636.85047
103.1	2774.444586
103.2	11050.10842
103.3	11050.10842
103.4	11050.10842
103.5	11050.10842
103.6	-6644.632843
103.7	314.2074366
103.8	314.2074366
103.9	314.2074366
104	-13306.65712
104.1	-13306.65712
104.2	-6539.223285
104.3	-6539.223285
104.4	-23810.83119
104.5	-23810.83119
104.6	-14298.6804
104.7	-14298.6804
104.8	-14298.6804
104.9	-32201.53072
105	-19287.35545
105.1	-19287.35545
105.2	-19287.35545
105.3	-19287.35545
105.4	-7402.72997
105.5	-7402.72997
105.6	3029.53904
105.7	3029.53904
105.8	13329.04102
105.9	13329.04102
106	32013.67977
106.1	32013.67977
106.2	39159.016
106.3	39159.016
106.4	51023.59446
106.5	51023.59446
106.6	51023.59446
106.7	51023.59446
106.8	51023.59446
106.9	33046.51405
107	33046.51405
107.1	33046.51405
107.2	33046.51405
107.3	4685.378086
107.4	4685.378086
107.5	-15882.66288
107.6	-15882.66288
107.7	-37588.68438
107.8	-37588.68438
107.9	-54661.3603
108	-54661.3603
108.1	-67454.16764
108.2	-67454.16764
108.3	-67454.16764
108.4	-55940.80904
108.5	-55940.80904
108.6	-45145.63331
108.7	-34489.0399
108.8	-25860.64598
108.9	-11669.48896
109	2536.877571
109.1	16403.56939
109.2	29576.08965
109.3	41699.22681
109.4	55359.28799
109.5	62511.09816
109.6	62511.09816
109.7	70421.99536
109.8	70421.99536
109.9	70421.99536
110	53309.4393
110.1	53309.4393
110.2	33065.3277
110.3	33065.3277
110.4	4781.410694
110.5	4781.410694
110.6	-24449.82744
110.7	-24449.82744
110.8	-45612.13872
110.9	-45612.13872
111	-62168.92987
111.1	-62168.92987
111.2	-62168.92987
111.3	-62168.92987
111.4	-55265.62786
111.5	-55265.62786
111.6	-31797.10497
111.7	-31797.10497
111.8	-7123.013951
111.9	5997.561165
112	19040.83831
112.1	35346.47896
112.2	46326.38544
112.3	57215.09147
112.4	64660.47161
112.5	73632.18901
112.6	73632.18901
112.7	73632.18901
112.8	73632.18901
112.9	53255.7313
113	53255.7313
113.1	39765.26675
113.2	39765.26675
113.3	6919.857726
113.4	6919.857726
113.5	-21067.06993
113.6	-21067.06993
113.7	-49205.94595
113.8	-49205.94595
113.9	-49205.94595
114	-71432.67087
114.1	-71432.67087
114.2	-59537.44658
114.3	-59537.44658
114.4	-59537.44658
114.5	-47342.90121
114.6	-35807.20573
114.7	-28525.67298
114.8	-15830.88127
114.9	1910.780198
115	10842.5687
115.1	24011.88683
115.2	35527.60194
115.3	44912.1572
115.4	51642.10116
115.5	58247.63739
115.6	58247.63739
115.7	58247.63739
115.8	58247.63739
115.9	58247.63739
116	58247.63739
116.1	27187.06597
116.2	27187.06597
116.3	27187.06597
116.4	11871.13876
116.5	11871.13876
116.6	-13840.42739
116.7	-13840.42739
116.8	-13840.42739
116.9	-35412.39221
117	-35412.39221
117.1	-35412.39221
117.2	-35412.39221
117.3	-35412.39221
117.4	-25155.88762
117.5	-25155.88762
117.6	-25155.88762
117.7	-25155.88762
117.8	-13397.5576
117.9	-5299.976904
118	-5299.976904
118.1	5260.756822
118.2	5260.756822
118.3	5260.756822
118.4	19290.05859
118.5	19290.05859
118.6	19290.05859
118.7	19290.05859
118.8	19290.05859
118.9	19290.05859
119	19290.05859
119.1	490.2957465
119.2	490.2957465
119.3	10824.36928
119.4	10824.36928
119.5	-12549.5782
119.6	-3732.748683
119.7	-3732.748683
119.8	-3732.748683
119.9	-25324.37724
120	-10063.35688
120.1	-10063.35688
120.2	-10063.35688
120.3	-10063.35688
120.4	-10063.35688
120.5	-10063.35688
120.6	1500.936417
120.7	1500.936417
120.8	1500.936417
120.9	1500.936417
121	1500.936417
121.1	12253.2499
121.2	12253.2499
121.3	12253.2499
121.4	12253.2499
121.5	12253.2499
121.6	-3594.060567
121.7	7987.614306
121.8	7987.614306
121.9	7987.614306
122	-8150.220482
122.1	-8150.220482
122.2	2175.788944
122.3	2175.788944
122.4	-14896.36278
122.5	-14896.36278
122.6	-14896.36278
122.7	-6415.414178
122.8	-6415.414178
122.9	-6415.414178
123	-19407.41966
123.1	-11577.07235
123.2	-3964.936723
123.3	-3964.936723
123.4	-3964.936723
123.5	7823.407136
123.6	7823.407136
123.7	16455.44104
123.8	16455.44104
123.9	16455.44104
124	16455.44104
124.1	29287.87999
124.2	29287.87999
124.3	29287.87999
124.4	13054.47166
124.5	13054.47166
124.6	24421.47221
124.7	24421.47221
124.8	829.3748615
124.9	829.3748615
125	829.3748615
125.1	829.3748615
125.2	-16200.16741
125.3	-16200.16741
125.4	-16200.16741
125.5	-16200.16741
125.6	-34719.26796
125.7	-34719.26796
125.8	-25578.48692
125.9	-25578.48692
126	-25578.48692
126.1	-38180.50187
126.2	-28912.0524
126.3	-18867.07601
126.4	-18867.07601
126.5	-8737.661441
126.6	-8737.661441
126.7	10509.42592
126.8	10509.42592
126.9	10509.42592
127	10509.42592
127.1	25298.18858
127.2	25298.18858
127.3	25298.18858
127.4	25298.18858
127.5	25298.18858
127.6	25298.18858
127.7	9253.555058
127.8	9253.555058
127.9	9253.555058
128	9253.555058
128.1	-12154.58167
128.2	-12154.58167
128.3	-4496.871398
128.4	-18047.2959
128.5	-18047.2959
128.6	-18047.2959
128.7	-18047.2959
128.8	-18047.2959
128.9	-34358.56049
129	-20644.54088
129.1	-20644.54088
129.2	-20644.54088
129.3	-9756.014426
129.4	-9756.014426
129.5	-9756.014426
129.6	3700.273119
129.7	3700.273119
129.8	3700.273119
129.9	12377.97987
130	12377.97987
130.1	12377.97987
130.2	12377.97987
130.3	12377.97987
130.4	-2354.540661
130.5	-2354.540661
130.6	-2354.540661
130.7	-2354.540661
130.8	-2354.540661
130.9	-19875.35094
131	-19875.35094
131.1	-19875.35094
131.2	-19875.35094
131.3	-38700.69461
131.4	-25191.86392
131.5	-25191.86392
131.6	-25191.86392
131.7	-25191.86392
131.8	-17003.45526
131.9	-6315.335813
132	-6315.335813
132.1	11761.40144
132.2	11761.40144
132.3	11761.40144
132.4	32045.84231
132.5	32045.84231
132.6	32045.84231
132.7	32045.84231
132.8	32045.84231
132.9	32045.84231
133	32045.84231
133.1	16181.0054
133.2	16181.0054
133.3	16181.0054
133.4	16181.0054
133.5	16181.0054
133.6	-2692.799528
133.7	-2692.799528
133.8	-2692.799528
133.9	-28599.0194
134	-28599.0194
134.1	-20448.51889
134.2	-20448.51889
134.3	-45448.07833
134.4	-32726.41495
134.5	-32726.41495
134.6	-32726.41495
134.7	-32726.41495
134.8	-23547.72849
134.9	-23547.72849
135	-12058.13737
135.1	-12058.13737
135.2	-12058.13737
135.3	8993.03444
135.4	8993.03444
135.5	8993.03444
135.6	19224.23432
135.7	19224.23432
135.8	19224.23432
135.9	19224.23432
136	19224.23432
136.1	19224.23432
136.2	1862.574134
136.3	1862.574134
136.4	13264.48506
136.5	115.4154102
136.6	115.4154102
136.7	115.4154102
136.8	-19734.2654
136.9	-19734.2654
137	-7299.555971
137.1	-7299.555971
137.2	-24943.83897
137.3	-24943.83897
137.4	-9455.276714
137.5	-9455.276714
137.6	-27041.60117
137.7	-15038.83718
137.8	-15038.83718
137.9	-15038.83718
138	-4161.479375
138.1	-4161.479375
138.2	-4161.479375
138.3	-4161.479375
138.4	12530.0742
138.5	12530.0742
138.6	12530.0742
138.7	-5273.591202
138.8	4739.727898
138.9	4739.727898
139	4739.727898
139.1	-15357.11393
139.2	-6267.9863
139.3	-6267.9863
139.4	-19629.56777
139.5	-19629.56777
139.6	-19629.56777
139.7	-19629.56777
139.8	-19629.56777
139.9	-32298.97837
140	-21264.00105
140.1	-21264.00105
140.2	-21264.00105
140.3	-21264.00105
140.4	-21264.00105
140.5	-7271.642604
140.6	-7271.642604
140.7	-7271.642604
140.8	-7271.642604
140.9	7869.488369
141	7869.488369
141.1	7869.488369
141.2	7869.488369
141.3	21587.68429
141.4	21587.68429
141.5	21587.68429
141.6	507.9197478
141.7	10944.73552
141.8	10944.73552
141.9	10944.73552
142	-3341.849815
142.1	-3341.849815
142.2	-3341.849815
142.3	-3341.849815
142.4	-20260.38441
142.5	-20260.38441
142.6	-20260.38441
142.7	-20260.38441
142.8	-34440.32617
142.9	-34440.32617
143	-22455.50553
143.1	-22455.50553
143.2	-22455.50553
143.3	-22455.50553
143.4	-35717.00557
143.5	-19282.84625
143.6	-19282.84625
143.7	-19282.84625
143.8	-3471.563139
143.9	-3471.563139
144	-3471.563139
144.1	8427.333397
144.2	8427.333397
144.3	8427.333397
144.4	8427.333397
144.5	8427.333397
144.6	26720.5851
144.7	26720.5851
144.8	7008.295186
144.9	7008.295186
145	15620.54512
145.1	15620.54512
145.2	-2265.410122
145.3	-2265.410122
145.4	-2265.410122
145.5	-2265.410122
145.6	-15501.2803
145.7	-15501.2803
145.8	-15501.2803
145.9	-35071.79938
146	-26143.82192
146.1	-26143.82192
146.2	-26143.82192
146.3	-26143.82192
146.4	-17154.82078
146.5	-17154.82078
146.6	-17154.82078
146.7	-17154.82078
146.8	-1665.000163
146.9	-1665.000163
147	-1665.000163
147.1	17635.64996
147.2	17635.64996
147.3	3639.991497
147.4	19127.15787
147.5	19127.15787
147.6	19127.15787
147.7	19127.15787
147.8	19127.15787
147.9	19127.15787
148	-879.9657603
148.1	-879.9657603
148.2	-879.9657603
148.3	-879.9657603
148.4	-22206.39704
148.5	-22206.39704
148.6	-22206.39704
148.7	-22206.39704
148.8	-48397.20875
148.9	-48397.20875
149	-37810.3053
149.1	-37810.3053
149.2	-54447.25941
149.3	-42970.80429
149.4	-42970.80429
149.5	-42970.80429
149.6	-24726.76524
149.7	-24726.76524
149.8	-24726.76524
149.9	-11489.05141
150	-11489.05141
150.1	-2889.645025
150.2	-2889.645025
150.3	6749.673188
150.4	6749.673188
150.5	6749.673188
150.6	6749.673188
150.7	6749.673188
150.8	16047.36103
150.9	16047.36103
151	-806.6291422
151.1	-806.6291422
151.2	9025.498549
151.3	9025.498549
151.4	-19933.32172
151.5	-7812.820268
151.6	-7812.820268
151.7	-25274.07623
151.8	-25274.07623
151.9	-25274.07623
152	-25274.07623
152.1	-15640.12012
152.2	-15640.12012
152.3	-34667.14705
152.4	-34667.14705
152.5	-17979.93328
152.6	-17979.93328
152.7	-33980.60083
152.8	-33980.60083
152.9	-19080.09706
153	-19080.09706
153.1	-19080.09706
153.2	-19080.09706
153.3	-32513.14105
153.4	-32513.14105
153.5	-14235.56737
153.6	-14235.56737
153.7	-39082.99554
153.8	-30263.65769
153.9	-30263.65769
154	-43545.19913
154.1	-32571.67942
154.2	-32571.67942
154.3	-32571.67942
154.4	-32571.67942
154.5	-32571.67942
154.6	-32571.67942
154.7	-15526.25273
154.8	-15526.25273
154.9	-15526.25273
155	-15526.25273
155.1	-1740.953003
155.2	-1740.953003
155.3	-1740.953003
155.4	-1740.953003
155.5	10180.30868
155.6	10180.30868
155.7	10180.30868
155.8	10180.30868
155.9	10180.30868
156	10180.30868
156.1	-11400.329
156.2	-11400.329
156.3	-1074.831067
156.4	-17082.43934
156.5	-17082.43934
156.6	-17082.43934
156.7	-40635.66596
156.8	-40635.66596
156.9	-40635.66596
157	-40635.66596
157.1	-40635.66596
157.2	-40635.66596
157.3	-40635.66596
157.4	-40635.66596
157.5	-40635.66596
157.6	-40635.66596
157.7	-40635.66596
157.8	-18658.7672
157.9	-18658.7672
158	-18658.7672
158.1	3663.09874
158.2	3663.09874
158.3	3663.09874
158.4	3663.09874
158.5	3663.09874
158.6	3663.09874
158.7	3663.09874
158.8	3663.09874
158.9	3663.09874
159	3663.09874
159.1	-16116.30705
159.2	-16116.30705
159.3	-16116.30705
159.4	-16116.30705
159.5	-16116.30705
159.6	-37527.17866
159.7	-37527.17866
159.8	-37527.17866
159.9	-37527.17866
160	-37527.17866
