vKurbelwinkel	p_Zyl_1	p_Ein	p_Aus
[KWnZOT]	[bar]	[bar]	[bar]
-360	3.3921	2.0131	3.2789
-359.8	3.3629	2.0196	3.274
-359.6	3.3339	2.0259	3.2692
-359.4	3.305	2.0321	3.2643
-359.2	3.2763	2.0382	3.2595
-359	3.2478	2.0441	3.2548
-358.8	3.2195	2.0498	3.25
-358.6	3.1913	2.0554	3.2453
-358.4	3.1633	2.0609	3.2407
-358.2	3.1354	2.0662	3.236
-358	3.1077	2.0713	3.2314
-357.8	3.0802	2.0764	3.2269
-357.6	3.0528	2.0812	3.2223
-357.4	3.0256	2.086	3.2178
-357.2	2.9986	2.0905	3.2134
-357	2.9718	2.095	3.2089
-356.8	2.9451	2.0992	3.2045
-356.6	2.9185	2.1034	3.2002
-356.4	2.8922	2.1074	3.1958
-356.2	2.866	2.1112	3.1915
-356	2.84	2.1149	3.1873
-355.8	2.8124	2.1191	3.1831
-355.6	2.7867	2.1231	3.1789
-355.4	2.7607	2.127	3.1746
-355.2	2.7346	2.1307	3.1702
-355	2.7085	2.1343	3.1659
-354.8	2.6826	2.1376	3.1617
-354.6	2.6561	2.1407	3.1576
-354.4	2.6306	2.1435	3.1537
-354.2	2.6053	2.146	3.1498
-354	2.5805	2.148	3.1459
-353.8	2.5571	2.1497	3.1421
-353.6	2.5338	2.1511	3.1383
-353.4	2.5097	2.1521	3.1346
-353.2	2.4858	2.1528	3.131
-353	2.4626	2.1533	3.1276
-352.8	2.4386	2.1533	3.124
-352.6	2.4151	2.1532	3.1204
-352.4	2.3933	2.1529	3.1168
-352.2	2.3708	2.1522	3.113
-352	2.3481	2.1513	3.1092
-351.8	2.3265	2.1502	3.1055
-351.6	2.3054	2.149	3.1018
-351.4	2.2836	2.1477	3.0982
-351.2	2.2619	2.1462	3.0945
-351	2.2427	2.1447	3.091
-350.8	2.2242	2.143	3.0874
-350.6	2.205	2.1411	3.0838
-350.4	2.1874	2.1389	3.0804
-350.2	2.1714	2.1363	3.0771
-350	2.1557	2.1335	3.0739
-349.8	2.1399	2.1305	3.0706
-349.6	2.1261	2.1273	3.0673
-349.4	2.1144	2.1241	3.0641
-349.2	2.1017	2.1206	3.0607
-349	2.0886	2.1168	3.0572
-348.8	2.0775	2.1129	3.0538
-348.6	2.0688	2.1087	3.0504
-348.4	2.0594	2.1041	3.0469
-348.2	2.051	2.0994	3.0433
-348	2.044	2.0945	3.0397
-347.8	2.0379	2.0895	3.036
-347.6	2.0317	2.0845	3.0322
-347.4	2.0251	2.0794	3.0284
-347.2	2.0193	2.0741	3.0246
-347	2.0134	2.0687	3.0209
-346.8	2.0083	2.0631	3.0173
-346.6	2.0034	2.0572	3.0138
-346.4	1.9993	2.0512	3.0102
-346.2	1.9957	2.0451	3.0067
-346	1.9924	2.039	3.0032
-345.8	1.9889	2.0329	2.9998
-345.6	1.986	2.0269	2.9965
-345.4	1.9835	2.0209	2.9933
-345.2	1.9806	2.0151	2.99
-345	1.9776	2.0092	2.9868
-344.8	1.9746	2.0035	2.9837
-344.6	1.9724	1.998	2.9807
-344.4	1.9694	1.9926	2.9778
-344.2	1.9671	1.9876	2.9753
-344	1.9661	1.9829	2.9731
-343.8	1.9648	1.9786	2.9711
-343.6	1.9628	1.9744	2.9693
-343.4	1.9618	1.9706	2.9678
-343.2	1.9625	1.9671	2.9665
-343	1.9635	1.9638	2.9654
-342.8	1.9621	1.9607	2.9645
-342.6	1.9626	1.9578	2.9638
-342.4	1.9652	1.9552	2.9635
-342.2	1.9649	1.9528	2.9632
-342	1.9651	1.9505	2.9629
-341.8	1.962	1.9485	2.9627
-341.6	1.9637	1.9467	2.9628
-341.4	1.9628	1.945	2.9628
-341.2	1.9622	1.9432	2.9628
-341	1.9632	1.9416	2.963
-340.8	1.9652	1.94	2.9633
-340.6	1.9667	1.9384	2.9637
-340.4	1.9683	1.9369	2.9643
-340.2	1.9678	1.9355	2.965
-340	1.9648	1.9342	2.9659
-339.8	1.962	1.9329	2.967
-339.6	1.9609	1.9317	2.9684
-339.4	1.9601	1.9304	2.9699
-339.2	1.9618	1.9291	2.9715
-339	1.9628	1.9278	2.9732
-338.8	1.9642	1.9266	2.9751
-338.6	1.9631	1.9254	2.9769
-338.4	1.9599	1.9243	2.9787
-338.2	1.957	1.9232	2.9803
-338	1.9546	1.9222	2.9818
-337.8	1.9537	1.9211	2.9831
-337.6	1.9521	1.92	2.9841
-337.4	1.9492	1.9188	2.9849
-337.2	1.9452	1.9176	2.9856
-337	1.9403	1.9164	2.9862
-336.8	1.9352	1.9152	2.9866
-336.6	1.9319	1.914	2.9869
-336.4	1.9312	1.9129	2.9872
-336.2	1.9323	1.9118	2.9873
-336	1.932	1.9105	2.9872
-335.8	1.9303	1.9091	2.987
-335.6	1.9267	1.9077	2.9868
-335.4	1.9243	1.9061	2.9866
-335.2	1.9221	1.9044	2.9862
-335	1.92	1.9024	2.9855
-334.8	1.9189	1.9004	2.9847
-334.6	1.9186	1.8982	2.9835
-334.4	1.9175	1.896	2.9821
-334.2	1.915	1.8936	2.9804
-334	1.9138	1.891	2.9784
-333.8	1.9105	1.8882	2.9762
-333.6	1.9108	1.8853	2.9736
-333.4	1.9092	1.8823	2.9709
-333.2	1.9112	1.8794	2.9681
-333	1.9118	1.8763	2.9652
-332.8	1.9126	1.8732	2.9623
-332.6	1.9129	1.8701	2.9594
-332.4	1.9132	1.8671	2.9565
-332.2	1.9116	1.8641	2.9535
-332	1.9102	1.8612	2.9506
-331.8	1.9119	1.8582	2.9476
-331.6	1.9156	1.8553	2.9445
-331.4	1.9176	1.8523	2.9411
-331.2	1.9204	1.8494	2.9377
-331	1.922	1.8467	2.9341
-330.8	1.922	1.844	2.9303
-330.6	1.9187	1.8412	2.9263
-330.4	1.9164	1.8384	2.9222
-330.2	1.9155	1.8356	2.9179
-330	1.9139	1.8327	2.9136
-329.8	1.9125	1.8297	2.9091
-329.6	1.9098	1.8268	2.9047
-329.4	1.9081	1.8238	2.9005
-329.2	1.9064	1.821	2.8964
-329	1.9049	1.8181	2.8924
-328.8	1.9039	1.8152	2.8885
-328.6	1.9028	1.8124	2.8847
-328.4	1.9004	1.8095	2.881
-328.2	1.8966	1.8065	2.8775
-328	1.8914	1.8034	2.8742
-327.8	1.8874	1.8001	2.871
-327.6	1.8842	1.7968	2.868
-327.4	1.8822	1.7936	2.865
-327.2	1.8797	1.7902	2.8619
-327	1.8771	1.7869	2.8589
-326.8	1.8738	1.7835	2.8558
-326.6	1.8693	1.7801	2.8529
-326.4	1.8648	1.7766	2.85
-326.2	1.8607	1.7731	2.8472
-326	1.8568	1.7696	2.8444
-325.8	1.8526	1.7661	2.8416
-325.6	1.8487	1.7627	2.8389
-325.4	1.8455	1.7596	2.8363
-325.2	1.8405	1.7566	2.8337
-325	1.8355	1.7537	2.8311
-324.8	1.8317	1.7512	2.8284
-324.6	1.8279	1.7491	2.8257
-324.4	1.8242	1.7473	2.8229
-324.2	1.8202	1.7457	2.82
-324	1.8159	1.7445	2.8171
-323.8	1.813	1.7437	2.8142
-323.6	1.8094	1.7431	2.8111
-323.4	1.805	1.7429	2.8079
-323.2	1.8028	1.7433	2.8048
-323	1.8005	1.744	2.8017
-322.8	1.7964	1.745	2.7985
-322.6	1.7927	1.7464	2.7953
-322.4	1.79	1.7483	2.7921
-322.2	1.786	1.7505	2.7889
-322	1.782	1.753	2.7856
-321.8	1.7799	1.756	2.7825
-321.6	1.7776	1.7593	2.7795
-321.4	1.7749	1.7631	2.7765
-321.2	1.7719	1.7671	2.7736
-321	1.769	1.7714	2.7707
-320.8	1.7651	1.7758	2.7678
-320.6	1.7619	1.7804	2.765
-320.4	1.7594	1.7852	2.7622
-320.2	1.7579	1.7901	2.7596
-320	1.7567	1.795	2.757
-319.8	1.7561	1.8001	2.7544
-319.6	1.7541	1.8051	2.7516
-319.4	1.7517	1.81	2.7488
-319.2	1.7498	1.8148	2.746
-319	1.7484	1.8194	2.7432
-318.8	1.746	1.8238	2.7404
-318.6	1.7439	1.828	2.7375
-318.4	1.7426	1.832	2.7346
-318.2	1.7424	1.8358	2.7317
-318	1.7406	1.8393	2.7287
-317.8	1.7381	1.8427	2.7257
-317.6	1.7369	1.8458	2.7228
-317.4	1.7356	1.8487	2.7198
-317.2	1.7336	1.8512	2.7168
-317	1.7334	1.8535	2.7139
-316.8	1.7344	1.8557	2.7111
-316.6	1.7358	1.8576	2.7082
-316.4	1.738	1.8593	2.7055
-316.2	1.7403	1.8608	2.7029
-316	1.7417	1.8621	2.7003
-315.8	1.7428	1.8631	2.6978
-315.6	1.7452	1.864	2.6955
-315.4	1.7486	1.8648	2.6934
-315.2	1.7528	1.8653	2.6913
-315	1.757	1.8656	2.6894
-314.8	1.7605	1.8657	2.6877
-314.6	1.7643	1.8658	2.6862
-314.4	1.7679	1.8657	2.685
-314.2	1.7711	1.8655	2.6839
-314	1.7753	1.8652	2.6833
-313.8	1.7811	1.8649	2.6828
-313.6	1.7866	1.8645	2.6825
-313.4	1.7916	1.8639	2.6824
-313.2	1.7974	1.8633	2.6825
-313	1.8038	1.8626	2.6828
-312.8	1.8091	1.8619	2.6833
-312.6	1.8149	1.8612	2.6839
-312.4	1.8206	1.8605	2.6846
-312.2	1.8264	1.8598	2.6853
-312	1.8327	1.8592	2.6861
-311.8	1.8391	1.8587	2.687
-311.6	1.845	1.8582	2.6879
-311.4	1.8513	1.8578	2.689
-311.2	1.8585	1.8575	2.6902
-311	1.8644	1.8572	2.6915
-310.8	1.8694	1.8571	2.6927
-310.6	1.875	1.8571	2.6941
-310.4	1.8815	1.8573	2.6955
-310.2	1.8879	1.8577	2.6969
-310	1.8946	1.8582	2.6983
-309.8	1.9024	1.859	2.6997
-309.6	1.9096	1.8598	2.701
-309.4	1.9143	1.8607	2.702
-309.2	1.9191	1.8618	2.703
-309	1.9253	1.8631	2.704
-308.8	1.9312	1.8645	2.7047
-308.6	1.9371	1.8661	2.7054
-308.4	1.9443	1.8678	2.7059
-308.2	1.9499	1.8696	2.7063
-308	1.9538	1.8715	2.7065
-307.8	1.9574	1.8735	2.7066
-307.6	1.9625	1.8757	2.7067
-307.4	1.9663	1.8779	2.7065
-307.2	1.9691	1.8802	2.7062
-307	1.9732	1.8827	2.7058
-306.8	1.9771	1.8852	2.7053
-306.6	1.9799	1.8878	2.7045
-306.4	1.9832	1.8905	2.7036
-306.2	1.9865	1.8933	2.7025
-306	1.9881	1.8961	2.7011
-305.8	1.9899	1.8989	2.6995
-305.6	1.9925	1.9018	2.6977
-305.4	1.9933	1.9048	2.6958
-305.2	1.9945	1.9077	2.6937
-305	1.9973	1.9109	2.6916
-304.8	1.9997	1.9141	2.6893
-304.6	2.0004	1.9171	2.687
-304.4	2.0009	1.9203	2.6846
-304.2	2.0021	1.9234	2.6822
-304	2.0037	1.9265	2.6799
-303.8	2.0049	1.9297	2.6775
-303.6	2.0061	1.9328	2.6751
-303.4	2.0081	1.936	2.6727
-303.2	2.0102	1.9392	2.67
-303	2.0108	1.9424	2.6672
-302.8	2.0119	1.9456	2.6643
-302.6	2.0137	1.9489	2.6613
-302.4	2.0156	1.9522	2.6582
-302.2	2.0167	1.9553	2.655
-302	2.018	1.9584	2.6517
-301.8	2.02	1.9614	2.6483
-301.6	2.0215	1.9644	2.645
-301.4	2.0224	1.9674	2.6417
-301.2	2.024	1.9704	2.6385
-301	2.0268	1.9733	2.6354
-300.8	2.0289	1.9762	2.6324
-300.6	2.031	1.9789	2.6295
-300.4	2.0333	1.9816	2.6266
-300.2	2.0353	1.9841	2.6237
-300	2.037	1.9866	2.6206
-299.8	2.0387	1.9892	2.6177
-299.6	2.0421	1.9917	2.6147
-299.4	2.044	1.9941	2.6117
-299.2	2.0453	1.9965	2.6086
-299	2.0475	1.9989	2.6056
-298.8	2.049	2.0012	2.6025
-298.6	2.0504	2.0035	2.5994
-298.4	2.0528	2.0056	2.5964
-298.2	2.0539	2.0077	2.5935
-298	2.0543	2.0096	2.5908
-297.8	2.056	2.0116	2.5882
-297.6	2.0571	2.0137	2.5857
-297.4	2.0566	2.0155	2.5832
-297.2	2.0583	2.0174	2.5809
-297	2.0615	2.0193	2.5786
-296.8	2.0621	2.0209	2.5763
-296.6	2.0622	2.0223	2.574
-296.4	2.0638	2.0238	2.5717
-296.2	2.065	2.0252	2.5693
-296	2.0642	2.0266	2.5668
-295.8	2.064	2.0279	2.5642
-295.6	2.0648	2.0292	2.5616
-295.4	2.0659	2.0304	2.5589
-295.2	2.0663	2.0316	2.5562
-295	2.0665	2.0328	2.5535
-294.8	2.0669	2.0339	2.5509
-294.6	2.0667	2.0349	2.5483
-294.4	2.0666	2.0358	2.5458
-294.2	2.0669	2.0366	2.5434
-294	2.0678	2.0375	2.5411
-293.8	2.069	2.0384	2.5388
-293.6	2.0696	2.0393	2.5365
-293.4	2.0703	2.0401	2.5343
-293.2	2.0713	2.0408	2.5321
-293	2.0723	2.0414	2.5299
-292.8	2.0729	2.0419	2.5276
-292.6	2.0738	2.0424	2.5252
-292.4	2.075	2.0429	2.5227
-292.2	2.0765	2.0434	2.5201
-292	2.078	2.0439	2.5175
-291.8	2.0799	2.0445	2.5149
-291.6	2.0824	2.045	2.5123
-291.4	2.0845	2.0456	2.5096
-291.2	2.0868	2.0461	2.5069
-291	2.089	2.0467	2.5042
-290.8	2.0919	2.0473	2.5016
-290.6	2.0949	2.0479	2.4989
-290.4	2.0968	2.0485	2.4961
-290.2	2.0988	2.0492	2.4934
-290	2.1014	2.0499	2.4907
-289.8	2.1037	2.0507	2.4879
-289.6	2.1052	2.0515	2.485
-289.4	2.1079	2.0524	2.4822
-289.2	2.1111	2.0533	2.4793
-289	2.1137	2.0541	2.4764
-288.8	2.1144	2.0549	2.4735
-288.6	2.1158	2.0558	2.4707
-288.4	2.1169	2.0567	2.4679
-288.2	2.1178	2.0576	2.4653
-288	2.1177	2.0585	2.4626
-287.8	2.1187	2.0595	2.4602
-287.6	2.12	2.0605	2.4579
-287.4	2.1201	2.0615	2.4557
-287.2	2.1188	2.0626	2.4537
-287	2.1181	2.0636	2.4518
-286.8	2.1182	2.0646	2.4501
-286.6	2.1175	2.0656	2.4486
-286.4	2.1166	2.0666	2.4473
-286.2	2.1165	2.0676	2.4461
-286	2.1158	2.0687	2.4452
-285.8	2.116	2.0697	2.4444
-285.6	2.1167	2.0707	2.4438
-285.4	2.1163	2.0717	2.4433
-285.2	2.1148	2.0725	2.4428
-285	2.1142	2.0734	2.4426
-284.8	2.1148	2.0743	2.4425
-284.6	2.1145	2.0751	2.4424
-284.4	2.1143	2.0759	2.4424
-284.2	2.1158	2.0767	2.4425
-284	2.1172	2.0776	2.4427
-283.8	2.1172	2.0783	2.4429
-283.6	2.1188	2.0791	2.4431
-283.4	2.1209	2.0799	2.4435
-283.2	2.1217	2.0807	2.4438
-283	2.1219	2.0814	2.4441
-282.8	2.1239	2.0821	2.4446
-282.6	2.125	2.0828	2.445
-282.4	2.1255	2.0834	2.4455
-282.2	2.127	2.0841	2.446
-282	2.1289	2.0847	2.4467
-281.8	2.1301	2.0852	2.4473
-281.6	2.1315	2.0856	2.448
-281.4	2.1337	2.086	2.4488
-281.2	2.1349	2.0863	2.4495
-281	2.1359	2.0866	2.4502
-280.8	2.1368	2.0868	2.451
-280.6	2.1387	2.0869	2.4517
-280.4	2.14	2.087	2.4524
-280.2	2.1411	2.0869	2.453
-280	2.1424	2.0868	2.4535
-279.8	2.1444	2.0867	2.4539
-279.6	2.146	2.0865	2.4543
-279.4	2.1475	2.0863	2.4546
-279.2	2.1488	2.086	2.4548
-279	2.1507	2.0856	2.455
-278.8	2.1534	2.0853	2.4551
-278.6	2.1557	2.0849	2.4552
-278.4	2.1576	2.0845	2.4551
-278.2	2.1604	2.084	2.455
-278	2.1622	2.0834	2.4547
-277.8	2.1645	2.0828	2.4543
-277.6	2.1656	2.0821	2.4538
-277.4	2.1651	2.0812	2.4529
-277.2	2.1659	2.0803	2.452
-277	2.1674	2.0795	2.451
-276.8	2.1677	2.0785	2.4497
-276.6	2.1667	2.0774	2.4482
-276.4	2.1673	2.0764	2.4467
-276.2	2.1682	2.0754	2.445
-276	2.1671	2.0742	2.4431
-275.8	2.1667	2.0731	2.4411
-275.6	2.1675	2.072	2.4391
-275.4	2.1663	2.0709	2.4369
-275.2	2.1644	2.0697	2.4346
-275	2.1628	2.0686	2.4323
-274.8	2.1626	2.0675	2.4299
-274.6	2.1613	2.0664	2.4275
-274.4	2.1599	2.0653	2.4249
-274.2	2.1588	2.0643	2.4224
-274	2.1573	2.0632	2.4197
-273.8	2.1549	2.062	2.417
-273.6	2.1533	2.061	2.4143
-273.4	2.152	2.06	2.4116
-273.2	2.1507	2.059	2.4089
-273	2.1502	2.0581	2.4061
-272.8	2.1491	2.0573	2.4033
-272.6	2.1481	2.0564	2.4005
-272.4	2.1472	2.0556	2.3976
-272.2	2.1465	2.0548	2.3947
-272	2.1453	2.0541	2.3919
-271.8	2.145	2.0534	2.389
-271.6	2.1453	2.0527	2.3862
-271.4	2.1461	2.0522	2.3834
-271.2	2.1462	2.0517	2.3807
-271	2.1466	2.0514	2.378
-270.8	2.1474	2.0511	2.3755
-270.6	2.1473	2.0508	2.373
-270.4	2.1475	2.0505	2.3706
-270.2	2.1487	2.0503	2.3684
-270	2.1493	2.0501	2.3662
-269.8	2.1497	2.0499	2.3641
-269.6	2.1493	2.0497	2.3621
-269.4	2.1492	2.0495	2.3601
-269.2	2.1496	2.0494	2.3582
-269	2.1487	2.0493	2.3563
-268.8	2.1478	2.0492	2.3543
-268.6	2.1484	2.0492	2.3524
-268.4	2.1496	2.0492	2.3505
-268.2	2.1494	2.0491	2.3485
-268	2.1477	2.049	2.3464
-267.8	2.1479	2.049	2.3445
-267.6	2.1481	2.0489	2.3424
-267.4	2.1459	2.0488	2.3403
-267.2	2.1439	2.0487	2.3382
-267	2.1439	2.0487	2.3362
-266.8	2.1439	2.0488	2.3343
-266.6	2.1415	2.0487	2.3322
-266.4	2.1397	2.0487	2.3302
-266.2	2.1388	2.0486	2.3282
-266	2.1372	2.0486	2.3261
-265.8	2.1352	2.0485	2.324
-265.6	2.1337	2.0485	2.3218
-265.4	2.1325	2.0485	2.3196
-265.2	2.1311	2.0485	2.3172
-265	2.1291	2.0484	2.3148
-264.8	2.1267	2.0484	2.3124
-264.6	2.1253	2.0484	2.3099
-264.4	2.1237	2.0483	2.3074
-264.2	2.1216	2.0483	2.3049
-264	2.1211	2.0483	2.3025
-263.8	2.1213	2.0483	2.3001
-263.6	2.1198	2.0482	2.2978
-263.4	2.1186	2.0481	2.2955
-263.2	2.1185	2.0481	2.2934
-263	2.1178	2.0481	2.2913
-262.8	2.1167	2.0481	2.2892
-262.6	2.1164	2.0481	2.2872
-262.4	2.1166	2.0481	2.2852
-262.2	2.116	2.0481	2.2831
-262	2.1158	2.048	2.281
-261.8	2.1151	2.048	2.2788
-261.6	2.1143	2.0479	2.2766
-261.4	2.1144	2.0479	2.2742
-261.2	2.1148	2.0479	2.2718
-261	2.115	2.0478	2.2693
-260.8	2.1158	2.0478	2.2669
-260.6	2.1168	2.0478	2.2645
-260.4	2.117	2.0477	2.2621
-260.2	2.1168	2.0476	2.2597
-260	2.1164	2.0474	2.2574
-259.8	2.1176	2.0473	2.2553
-259.6	2.1179	2.0472	2.2532
-259.4	2.1172	2.047	2.2512
-259.2	2.1177	2.0468	2.2493
-259	2.1191	2.0466	2.2475
-258.8	2.1194	2.0464	2.2457
-258.6	2.1186	2.0461	2.2438
-258.4	2.1188	2.0458	2.2419
-258.2	2.1194	2.0454	2.2401
-258	2.1187	2.0451	2.2382
-257.8	2.1175	2.0446	2.2363
-257.6	2.1179	2.0442	2.2346
-257.4	2.1189	2.0438	2.233
-257.2	2.1179	2.0432	2.2315
-257	2.1164	2.0426	2.2301
-256.8	2.1166	2.042	2.229
-256.6	2.1163	2.0415	2.2281
-256.4	2.1148	2.0408	2.2273
-256.2	2.1137	2.04	2.2268
-256	2.1123	2.0392	2.2264
-255.8	2.1099	2.0383	2.2261
-255.6	2.1079	2.0375	2.2259
-255.4	2.1067	2.0366	2.2259
-255.2	2.1058	2.0357	2.2259
-255	2.1039	2.0347	2.2259
-254.8	2.1027	2.0337	2.2259
-254.6	2.1017	2.0327	2.2259
-254.4	2.1008	2.0317	2.226
-254.2	2.1009	2.0308	2.2261
-254	2.1004	2.0298	2.2262
-253.8	2.0982	2.0287	2.2263
-253.6	2.0978	2.0276	2.2264
-253.4	2.099	2.0266	2.2268
-253.2	2.0982	2.0256	2.2271
-253	2.097	2.0245	2.2275
-252.8	2.0969	2.0235	2.2281
-252.6	2.0967	2.0225	2.2287
-252.4	2.0966	2.0215	2.2294
-252.2	2.0973	2.0206	2.2302
-252	2.0972	2.0196	2.2309
-251.8	2.0972	2.0187	2.2316
-251.6	2.0978	2.0177	2.2323
-251.4	2.0989	2.0169	2.2329
-251.2	2.0998	2.0161	2.2335
-251	2.1007	2.0153	2.234
-250.8	2.1018	2.0146	2.2344
-250.6	2.1025	2.0139	2.2347
-250.4	2.1037	2.0132	2.235
-250.2	2.1053	2.0127	2.2352
-250	2.1068	2.0122	2.2354
-249.8	2.1083	2.0118	2.2355
-249.6	2.1099	2.0114	2.2356
-249.4	2.1111	2.0111	2.2355
-249.2	2.1112	2.0108	2.2354
-249	2.1123	2.0106	2.2352
-248.8	2.114	2.0106	2.2349
-248.6	2.1136	2.0105	2.2344
-248.4	2.1127	2.0105	2.2337
-248.2	2.1132	2.0106	2.2328
-248	2.1128	2.0107	2.2318
-247.8	2.112	2.0109	2.2306
-247.6	2.1111	2.0111	2.2293
-247.4	2.1111	2.0114	2.2279
-247.2	2.111	2.0118	2.2263
-247	2.1098	2.0123	2.2246
-246.8	2.1089	2.0127	2.2228
-246.6	2.1082	2.0133	2.221
-246.4	2.1067	2.0139	2.219
-246.2	2.1056	2.0145	2.2171
-246	2.1042	2.0152	2.215
-245.8	2.1031	2.0159	2.2129
-245.6	2.1022	2.0167	2.2108
-245.4	2.1003	2.0174	2.2087
-245.2	2.0978	2.0181	2.2065
-245	2.0974	2.019	2.2043
-244.8	2.0964	2.0198	2.2022
-244.6	2.0947	2.0206	2.2
-244.4	2.0934	2.0214	2.1978
-244.2	2.0919	2.0222	2.1955
-244	2.0898	2.023	2.1933
-243.8	2.089	2.0238	2.1912
-243.6	2.0891	2.0246	2.1891
-243.4	2.0885	2.0253	2.187
-243.2	2.0873	2.0259	2.1849
-243	2.0863	2.0265	2.1828
-242.8	2.0854	2.027	2.1807
-242.6	2.0849	2.0275	2.1786
-242.4	2.0846	2.0279	2.1765
-242.2	2.0845	2.0282	2.1744
-242	2.0842	2.0284	2.1724
-241.8	2.084	2.0286	2.1703
-241.6	2.0849	2.0287	2.1682
-241.4	2.0858	2.0287	2.1662
-241.2	2.0862	2.0286	2.1641
-241	2.0871	2.0284	2.1621
-240.8	2.0881	2.0282	2.1601
-240.6	2.0882	2.0278	2.158
-240.4	2.0889	2.0274	2.156
-240.2	2.0905	2.0269	2.154
-240	2.0902	2.0263	2.152
-239.8	2.0901	2.0255	2.15
-239.6	2.0918	2.0248	2.1482
-239.4	2.0943	2.0241	2.1464
-239.2	2.0943	2.0231	2.1444
-239	2.0946	2.0222	2.1425
-238.8	2.0968	2.0212	2.1407
-238.6	2.0987	2.0203	2.1389
-238.4	2.0995	2.0192	2.137
-238.2	2.102	2.0182	2.1353
-238	2.1042	2.0172	2.1335
-237.8	2.1043	2.016	2.1317
-237.6	2.1045	2.0149	2.1299
-237.4	2.1068	2.0138	2.1282
-237.2	2.1081	2.0128	2.1265
-237	2.1084	2.0118	2.1247
-236.8	2.1089	2.0108	2.123
-236.6	2.1098	2.01	2.1212
-236.4	2.11	2.0091	2.1194
-236.2	2.1109	2.0084	2.1177
-236	2.1116	2.0077	2.1159
-235.8	2.1112	2.007	2.1141
-235.6	2.1103	2.0064	2.1123
-235.4	2.1101	2.0059	2.1105
-235.2	2.1095	2.0055	2.1087
-235	2.1081	2.0051	2.1069
-234.8	2.1078	2.0049	2.1051
-234.6	2.108	2.0049	2.1034
-234.4	2.107	2.0048	2.1016
-234.2	2.1061	2.0049	2.0999
-234	2.1062	2.0051	2.0983
-233.8	2.1065	2.0054	2.0966
-233.6	2.1063	2.0058	2.0949
-233.4	2.1055	2.0062	2.0931
-233.2	2.1059	2.0067	2.0914
-233	2.1065	2.0074	2.0896
-232.8	2.106	2.0081	2.0877
-232.6	2.1054	2.0089	2.0856
-232.4	2.1046	2.0098	2.0836
-232.2	2.104	2.0107	2.0815
-232	2.1025	2.0117	2.0792
-231.8	2.1028	2.0127	2.0771
-231.6	2.1038	2.0139	2.075
-231.4	2.1038	2.015	2.0728
-231.2	2.1033	2.0161	2.0706
-231	2.104	2.0173	2.0685
-230.8	2.1059	2.0186	2.0665
-230.6	2.107	2.0198	2.0644
-230.4	2.1073	2.021	2.0624
-230.2	2.1086	2.0223	2.0604
-230	2.1101	2.0235	2.0585
-229.8	2.1102	2.0247	2.0565
-229.6	2.1109	2.0258	2.0546
-229.4	2.1125	2.0271	2.0527
-229.2	2.1132	2.0283	2.0509
-229	2.1141	2.0294	2.0491
-228.8	2.1161	2.0307	2.0474
-228.6	2.1175	2.0318	2.0456
-228.4	2.1182	2.033	2.0441
-228.2	2.1192	2.0341	2.0426
-228	2.1198	2.0352	2.0413
-227.8	2.1209	2.0364	2.0402
-227.6	2.122	2.0375	2.0393
-227.4	2.1227	2.0385	2.0385
-227.2	2.1233	2.0396	2.0378
-227	2.1243	2.0406	2.0373
-226.8	2.1249	2.0415	2.0369
-226.6	2.1253	2.0425	2.0365
-226.4	2.1253	2.0434	2.0362
-226.2	2.1253	2.0444	2.0359
-226	2.125	2.0453	2.0357
-225.8	2.1241	2.0461	2.0354
-225.6	2.1235	2.0469	2.0351
-225.4	2.1231	2.0478	2.0349
-225.2	2.123	2.0486	2.0347
-225	2.1224	2.0494	2.0344
-224.8	2.1209	2.0501	2.0342
-224.6	2.1199	2.0509	2.0341
-224.4	2.1195	2.0517	2.0341
-224.2	2.1191	2.0524	2.0341
-224	2.1182	2.0532	2.0342
-223.8	2.1186	2.0538	2.0344
-223.6	2.1186	2.0545	2.0347
-223.4	2.1186	2.0552	2.0349
-223.2	2.1185	2.0558	2.0352
-223	2.1182	2.0563	2.0354
-222.8	2.1181	2.0568	2.0356
-222.6	2.1183	2.0572	2.0358
-222.4	2.1181	2.0576	2.0359
-222.2	2.1175	2.058	2.036
-222	2.1175	2.0583	2.0361
-221.8	2.1172	2.0587	2.0362
-221.6	2.1174	2.0589	2.0363
-221.4	2.1183	2.0592	2.0364
-221.2	2.1195	2.0594	2.0366
-221	2.1205	2.0596	2.0367
-220.8	2.1215	2.0598	2.0369
-220.6	2.1231	2.06	2.0371
-220.4	2.1245	2.0601	2.0374
-220.2	2.1254	2.0601	2.0376
-220	2.1269	2.0603	2.0378
-219.8	2.1286	2.0603	2.038
-219.6	2.1296	2.0603	2.0381
-219.4	2.1316	2.0604	2.0381
-219.2	2.1344	2.0604	2.038
-219	2.1355	2.0603	2.0377
-218.8	2.1357	2.0602	2.0372
-218.6	2.1375	2.0602	2.0367
-218.4	2.1391	2.0602	2.036
-218.2	2.14	2.0601	2.0351
-218	2.1417	2.0601	2.0342
-217.8	2.1435	2.0601	2.0332
-217.6	2.1451	2.0601	2.0321
-217.4	2.1467	2.0601	2.0309
-217.2	2.1485	2.0601	2.0297
-217	2.1498	2.0601	2.0285
-216.8	2.1504	2.0602	2.0272
-216.6	2.1514	2.0603	2.0258
-216.4	2.1526	2.0605	2.0244
-216.2	2.153	2.0606	2.023
-216	2.1535	2.0608	2.0215
-215.8	2.1548	2.0611	2.0199
-215.6	2.1549	2.0613	2.0182
-215.4	2.1552	2.0616	2.0165
-215.2	2.1553	2.0619	2.0147
-215	2.1554	2.0622	2.0129
-214.8	2.155	2.0626	2.011
-214.6	2.1552	2.063	2.0091
-214.4	2.1547	2.0635	2.0071
-214.2	2.1539	2.064	2.0052
-214	2.1545	2.0645	2.0033
-213.8	2.1542	2.0651	2.0014
-213.6	2.1536	2.0656	1.9995
-213.4	2.154	2.0663	1.9976
-213.2	2.1548	2.067	1.9958
-213	2.1544	2.0676	1.9939
-212.8	2.1542	2.0683	1.992
-212.6	2.1547	2.069	1.9901
-212.4	2.1544	2.0698	1.9882
-212.2	2.1539	2.0705	1.9863
-212	2.1542	2.0713	1.9844
-211.8	2.1546	2.0721	1.9824
-211.6	2.1546	2.0729	1.9805
-211.4	2.155	2.0738	1.9786
-211.2	2.1553	2.0746	1.9767
-211	2.1553	2.0754	1.9749
-210.8	2.1563	2.0763	1.973
-210.6	2.1579	2.0771	1.9713
-210.4	2.1591	2.078	1.9696
-210.2	2.1604	2.0788	1.9679
-210	2.1615	2.0796	1.9663
-209.8	2.1624	2.0804	1.9647
-209.6	2.1633	2.0812	1.9632
-209.4	2.165	2.082	1.9617
-209.2	2.1668	2.0828	1.9603
-209	2.1683	2.0837	1.9589
-208.8	2.1691	2.0845	1.9576
-208.6	2.17	2.0853	1.9562
-208.4	2.1721	2.0862	1.9549
-208.2	2.174	2.087	1.9536
-208	2.1748	2.0879	1.9523
-207.8	2.1759	2.0888	1.951
-207.6	2.1774	2.0897	1.9497
-207.4	2.1786	2.0906	1.9485
-207.2	2.1798	2.0915	1.9472
-207	2.1812	2.0924	1.9459
-206.8	2.1818	2.0933	1.9445
-206.6	2.1816	2.0941	1.9431
-206.4	2.1819	2.095	1.9417
-206.2	2.1829	2.0959	1.9402
-206	2.1832	2.0968	1.9387
-205.8	2.1828	2.0976	1.9371
-205.6	2.1833	2.0985	1.9355
-205.4	2.1836	2.0994	1.9339
-205.2	2.1827	2.1001	1.9322
-205	2.181	2.1009	1.9305
-204.8	2.1809	2.1017	1.9289
-204.6	2.1809	2.1026	1.9273
-204.4	2.1799	2.1033	1.9256
-204.2	2.1782	2.104	1.9239
-204	2.1777	2.1047	1.9223
-203.8	2.1774	2.1055	1.9208
-203.6	2.1763	2.1062	1.9191
-203.4	2.1752	2.1068	1.9174
-203.2	2.1745	2.1074	1.9158
-203	2.1737	2.1079	1.9141
-202.8	2.1737	2.1084	1.9124
-202.6	2.1734	2.1088	1.9107
-202.4	2.1725	2.1091	1.9089
-202.2	2.172	2.1094	1.9071
-202	2.1714	2.1097	1.9054
-201.8	2.1714	2.1099	1.9037
-201.6	2.1713	2.1101	1.9019
-201.4	2.1715	2.1103	1.9002
-201.2	2.1713	2.1105	1.8985
-201	2.1713	2.1105	1.8968
-200.8	2.1714	2.1105	1.8952
-200.6	2.1731	2.1106	1.8937
-200.4	2.174	2.1107	1.8921
-200.2	2.1735	2.1107	1.8905
-200	2.1739	2.1107	1.889
-199.8	2.1759	2.1107	1.8875
-199.6	2.1765	2.1107	1.8859
-199.4	2.1767	2.1107	1.8844
-199.2	2.1786	2.1107	1.8829
-199	2.1797	2.1107	1.8815
-198.8	2.1803	2.1107	1.88
-198.6	2.1817	2.1107	1.8786
-198.4	2.1848	2.1109	1.8773
-198.2	2.1864	2.1111	1.8761
-198	2.1866	2.1112	1.8749
-197.8	2.1879	2.1115	1.8738
-197.6	2.1892	2.1118	1.8728
-197.4	2.1901	2.1121	1.8719
-197.2	2.1912	2.1125	1.8711
-197	2.1927	2.113	1.8704
-196.8	2.1951	2.1135	1.8698
-196.6	2.1963	2.1141	1.8691
-196.4	2.1963	2.1147	1.8685
-196.2	2.1966	2.1155	1.8679
-196	2.198	2.1163	1.8673
-195.8	2.1981	2.1172	1.8667
-195.6	2.1976	2.118	1.8661
-195.4	2.1973	2.1189	1.8656
-195.2	2.1978	2.1199	1.8651
-195	2.1978	2.121	1.8647
-194.8	2.1976	2.1221	1.8643
-194.6	2.1963	2.1232	1.8639
-194.4	2.1945	2.1242	1.8636
-194.2	2.1934	2.1253	1.8633
-194	2.1921	2.1265	1.8631
-193.8	2.1908	2.1276	1.863
-193.6	2.19	2.1288	1.8629
-193.4	2.1886	2.13	1.8628
-193.2	2.1867	2.1311	1.8628
-193	2.1863	2.1322	1.8628
-192.8	2.1863	2.1334	1.863
-192.6	2.1851	2.1344	1.863
-192.4	2.1825	2.1353	1.863
-192.2	2.1823	2.1362	1.8631
-192	2.1825	2.1371	1.8632
-191.8	2.1825	2.138	1.8633
-191.6	2.1823	2.1387	1.8635
-191.4	2.1817	2.1394	1.8637
-191.2	2.1808	2.1399	1.8639
-191	2.1808	2.1404	1.8642
-190.8	2.1814	2.1408	1.8645
-190.6	2.1811	2.1411	1.8648
-190.4	2.1803	2.1413	1.8651
-190.2	2.1799	2.1415	1.8654
-190	2.1798	2.1415	1.8658
-189.8	2.1806	2.1415	1.866
-189.6	2.1819	2.1415	1.8662
-189.4	2.1834	2.1414	1.8664
-189.2	2.1855	2.1412	1.8664
-189	2.1873	2.1409	1.8664
-188.8	2.19	2.1406	1.8662
-188.6	2.1914	2.1403	1.8659
-188.4	2.193	2.1399	1.8655
-188.2	2.1953	2.1395	1.8651
-188	2.198	2.139	1.8645
-187.8	2.1996	2.1385	1.8639
-187.6	2.2009	2.138	1.8631
-187.4	2.2022	2.1375	1.8623
-187.2	2.2036	2.1369	1.8614
-187	2.2039	2.1364	1.8604
-186.8	2.2046	2.1358	1.8594
-186.6	2.2048	2.1352	1.8582
-186.4	2.2052	2.1346	1.8571
-186.2	2.2063	2.134	1.8558
-186	2.2079	2.1335	1.8546
-185.8	2.2091	2.1331	1.8532
-185.6	2.2097	2.1325	1.8518
-185.4	2.2099	2.132	1.8503
-185.2	2.2109	2.1315	1.8488
-185	2.2131	2.131	1.8473
-184.8	2.2135	2.1304	1.8458
-184.6	2.2122	2.1298	1.8441
-184.4	2.2125	2.1293	1.8425
-184.2	2.2137	2.1288	1.841
-184	2.2128	2.1281	1.8395
-183.8	2.2125	2.1275	1.838
-183.6	2.2119	2.1269	1.8365
-183.4	2.2098	2.1262	1.8351
-183.2	2.2094	2.1256	1.8337
-183	2.2094	2.125	1.8323
-182.8	2.208	2.1242	1.8309
-182.6	2.2063	2.1234	1.8294
-182.4	2.2063	2.1227	1.828
-182.2	2.207	2.122	1.8265
-182	2.2055	2.1212	1.8251
-181.8	2.2067	2.1204	1.8235
-181.6	2.2041	2.1195	1.822
-181.4	2.2057	2.1186	1.8204
-181.2	2.2014	2.1177	1.8189
-181	2.2017	2.1168	1.8173
-180.8	2.2018	2.1157	1.8157
-180.6	2.1995	2.1146	1.8141
-180.4	2.2029	2.1136	1.8126
-180.2	2.2046	2.1125	1.8112
-180	2.2057	2.1114	1.8098
-179.8	2.2075	2.1101	1.8083
-179.6	2.2075	2.1089	1.8069
-179.4	2.2084	2.1077	1.8054
-179.2	2.2089	2.1065	1.804
-179	2.2093	2.1052	1.8027
-178.8	2.2123	2.1039	1.8013
-178.6	2.213	2.1027	1.7999
-178.4	2.2171	2.1014	1.7986
-178.2	2.2211	2.1001	1.7973
-178	2.2231	2.0988	1.796
-177.8	2.2256	2.0974	1.7946
-177.6	2.228	2.0962	1.7934
-177.4	2.2318	2.095	1.7921
-177.2	2.236	2.0938	1.7909
-177	2.2374	2.0927	1.7897
-176.8	2.2387	2.0916	1.7885
-176.6	2.2393	2.0904	1.7874
-176.4	2.2394	2.0893	1.7862
-176.2	2.2432	2.088	1.785
-176	2.2467	2.0867	1.7839
-175.8	2.2512	2.0855	1.7826
-175.6	2.253	2.0841	1.7814
-175.4	2.2548	2.0828	1.7802
-175.2	2.2547	2.0814	1.7788
-175	2.2534	2.08	1.7775
-174.8	2.2533	2.0786	1.7762
-174.6	2.2535	2.077	1.7749
-174.4	2.2542	2.0754	1.7736
-174.2	2.2544	2.0739	1.7723
-174	2.2542	2.0722	1.7709
-173.8	2.2542	2.0705	1.7695
-173.6	2.2505	2.0688	1.7681
-173.4	2.2499	2.0671	1.7666
-173.2	2.2444	2.0654	1.7652
-173	2.2477	2.0637	1.7638
-172.8	2.2477	2.062	1.7624
-172.6	2.2472	2.0603	1.7611
-172.4	2.2511	2.0586	1.7598
-172.2	2.2517	2.0568	1.7585
-172	2.2517	2.0549	1.7571
-171.8	2.2498	2.0529	1.7557
-171.6	2.2466	2.0509	1.7543
-171.4	2.2459	2.049	1.753
-171.2	2.2451	2.0469	1.7516
-171	2.2452	2.0449	1.7502
-170.8	2.2488	2.0429	1.7489
-170.6	2.2519	2.041	1.7476
-170.4	2.257	2.0389	1.7463
-170.2	2.258	2.037	1.7449
-170	2.256	2.0351	1.7435
-169.8	2.2548	2.0332	1.7422
-169.6	2.2533	2.0315	1.7408
-169.4	2.2542	2.0296	1.7394
-169.2	2.2562	2.0278	1.738
-169	2.2599	2.0261	1.7365
-168.8	2.2659	2.0243	1.7352
-168.6	2.2696	2.0226	1.7338
-168.4	2.2706	2.0208	1.7324
-168.2	2.2718	2.0192	1.7311
-168	2.2689	2.0177	1.7298
-167.8	2.2675	2.016	1.7285
-167.6	2.2688	2.0144	1.7272
-167.4	2.2745	2.0129	1.726
-167.2	2.2798	2.0114	1.7248
-167	2.2859	2.01	1.7238
-166.8	2.289	2.0086	1.7228
-166.6	2.2881	2.0072	1.7219
-166.4	2.286	2.0059	1.721
-166.2	2.285	2.0049	1.7201
-166	2.2862	2.0037	1.7193
-165.8	2.2891	2.0026	1.7185
-165.6	2.2938	2.0017	1.7177
-165.4	2.2983	2.0007	1.717
-165.2	2.3005	1.9997	1.7165
-165	2.3012	1.9989	1.716
-164.8	2.2986	1.9979	1.7156
-164.6	2.2962	1.9969	1.7152
-164.4	2.2977	1.9959	1.7148
-164.2	2.3002	1.995	1.7145
-164	2.3024	1.994	1.7142
-163.8	2.3045	1.993	1.7139
-163.6	2.3055	1.9921	1.7137
-163.4	2.3049	1.9912	1.7136
-163.2	2.3039	1.9904	1.7135
-163	2.3037	1.9894	1.7134
-162.8	2.3062	1.9883	1.7134
-162.6	2.3081	1.9873	1.7134
-162.4	2.3086	1.9862	1.7133
-162.2	2.3077	1.9852	1.7132
-162	2.3059	1.9841	1.7132
-161.8	2.3048	1.983	1.7131
-161.6	2.3049	1.9819	1.713
-161.4	2.3071	1.9808	1.713
-161.2	2.3109	1.9798	1.713
-161	2.3128	1.9787	1.7129
-160.8	2.3112	1.9776	1.7129
-160.6	2.3094	1.9766	1.7129
-160.4	2.3073	1.9756	1.713
-160.2	2.3061	1.9745	1.713
-160	2.3071	1.9734	1.7129
-159.8	2.3121	1.9724	1.7129
-159.6	2.3183	1.9714	1.713
-159.4	2.3218	1.9705	1.7129
-159.2	2.3233	1.9695	1.7129
-159	2.3233	1.9687	1.7129
-158.8	2.3214	1.9678	1.7129
-158.6	2.3215	1.967	1.7127
-158.4	2.3247	1.9662	1.7125
-158.2	2.3306	1.9654	1.7123
-158	2.3379	1.9646	1.712
-157.8	2.3436	1.9639	1.7116
-157.6	2.3468	1.9632	1.7113
-157.4	2.3475	1.9627	1.7109
-157.2	2.3467	1.9622	1.7106
-157	2.3468	1.9617	1.7101
-156.8	2.3496	1.9613	1.7096
-156.6	2.3559	1.9609	1.7091
-156.4	2.363	1.9607	1.7085
-156.2	2.3686	1.9604	1.7079
-156	2.3721	1.9602	1.7073
-155.8	2.3732	1.9599	1.7065
-155.6	2.3725	1.9597	1.7058
-155.4	2.3738	1.9595	1.7049
-155.2	2.3756	1.9593	1.704
-155	2.3788	1.9591	1.703
-154.8	2.3844	1.9589	1.702
-154.6	2.388	1.9588	1.7009
-154.4	2.3892	1.9586	1.6997
-154.2	2.39	1.9584	1.6986
-154	2.3905	1.9583	1.6974
-153.8	2.3902	1.958	1.6961
-153.6	2.3907	1.9578	1.6948
-153.4	2.3939	1.9577	1.6936
-153.2	2.397	1.9575	1.6924
-153	2.398	1.9572	1.6911
-152.8	2.3999	1.957	1.6899
-152.6	2.4023	1.9568	1.6888
-152.4	2.402	1.9566	1.6875
-152.2	2.4012	1.9562	1.6861
-152	2.4029	1.956	1.6848
-151.8	2.4061	1.9557	1.6834
-151.6	2.4087	1.9553	1.682
-151.4	2.4114	1.9549	1.6805
-151.2	2.4137	1.9546	1.679
-151	2.4148	1.9543	1.6775
-150.8	2.4147	1.954	1.676
-150.6	2.4152	1.9538	1.6746
-150.4	2.4162	1.9535	1.6731
-150.2	2.4187	1.9534	1.6717
-150	2.4217	1.9533	1.6703
-149.8	2.424	1.9533	1.669
-149.6	2.4263	1.9533	1.6677
-149.4	2.4285	1.9533	1.6664
-149.2	2.4298	1.9533	1.6651
-149	2.4317	1.9534	1.6639
-148.8	2.435	1.9536	1.6626
-148.6	2.4377	1.9539	1.6614
-148.4	2.4398	1.9541	1.6601
-148.2	2.4425	1.9544	1.6588
-148	2.4461	1.9548	1.6575
-147.8	2.4489	1.9552	1.6563
-147.6	2.4516	1.9557	1.6551
-147.4	2.4552	1.9563	1.6539
-147.2	2.4583	1.957	1.6527
-147	2.4622	1.9577	1.6516
-146.8	2.4662	1.9585	1.6506
-146.6	2.4684	1.9593	1.6496
-146.4	2.4717	1.9601	1.6485
-146.2	2.4769	1.9611	1.6477
-146	2.4801	1.9622	1.6467
-145.8	2.4829	1.9632	1.6457
-145.6	2.4877	1.9644	1.6448
-145.4	2.4932	1.9657	1.644
-145.2	2.4963	1.9669	1.643
-145	2.5005	1.9681	1.642
-144.8	2.5057	1.9695	1.641
-144.6	2.51	1.9708	1.6399
-144.4	2.5127	1.9722	1.6388
-144.2	2.5152	1.9736	1.6377
-144	2.5179	1.9751	1.6366
-143.8	2.5208	1.9766	1.6354
-143.6	2.5233	1.9781	1.6343
-143.4	2.5257	1.9797	1.6332
-143.2	2.528	1.9813	1.632
-143	2.5303	1.9829	1.6309
-142.8	2.533	1.9845	1.6298
-142.6	2.5354	1.9862	1.6286
-142.4	2.5378	1.9879	1.6275
-142.2	2.5405	1.9896	1.6264
-142	2.542	1.9912	1.6251
-141.8	2.5432	1.9928	1.6238
-141.6	2.5455	1.9945	1.6226
-141.4	2.5482	1.9962	1.6213
-141.2	2.5505	1.9979	1.62
-141	2.5536	1.9997	1.6187
-140.8	2.5561	2.0015	1.6173
-140.6	2.5576	2.0033	1.6159
-140.4	2.5605	2.0051	1.6145
-140.2	2.5644	2.0069	1.6132
-140	2.567	2.0088	1.6119
-139.8	2.5691	2.0105	1.6105
-139.6	2.5724	2.0123	1.6093
-139.4	2.5751	2.0141	1.608
-139.2	2.5772	2.0158	1.6067
-139	2.5785	2.0175	1.6054
-138.8	2.5805	2.0192	1.6042
-138.6	2.5837	2.0209	1.6029
-138.4	2.5883	2.0227	1.6018
-138.2	2.5934	2.0245	1.6007
-138	2.5969	2.0262	1.5995
-137.8	2.6012	2.028	1.5984
-137.6	2.6065	2.0298	1.5974
-137.4	2.6099	2.0316	1.5963
-137.2	2.6126	2.0334	1.5952
-137	2.6174	2.0353	1.5942
-136.8	2.6224	2.0371	1.5933
-136.6	2.6266	2.0389	1.5924
-136.4	2.6298	2.0407	1.5915
-136.2	2.6344	2.0425	1.5906
-136	2.6395	2.0444	1.5899
-135.8	2.644	2.0461	1.5892
-135.6	2.6469	2.0478	1.5885
-135.4	2.6511	2.0495	1.5878
-135.2	2.6561	2.0512	1.5872
-135	2.6596	2.0528	1.5865
-134.8	2.663	2.0543	1.5858
-134.6	2.6678	2.0559	1.5852
-134.4	2.6722	2.0575	1.5846
-134.2	2.6748	2.0591	1.584
-134	2.6786	2.0606	1.5834
-133.8	2.6836	2.0622	1.5829
-133.6	2.688	2.0637	1.5824
-133.4	2.6917	2.0652	1.5819
-133.2	2.6962	2.0667	1.5814
-133	2.7001	2.0682	1.5809
-132.8	2.7023	2.0696	1.5803
-132.6	2.7047	2.071	1.5799
-132.4	2.7084	2.0723	1.5796
-132.2	2.7108	2.0736	1.5793
-132	2.7122	2.0748	1.5788
-131.8	2.7146	2.076	1.5785
-131.6	2.7173	2.0771	1.5782
-131.4	2.7195	2.0783	1.5778
-131.2	2.7224	2.0794	1.5776
-131	2.7243	2.0805	1.5773
-130.8	2.7264	2.0815	1.5772
-130.6	2.7299	2.0826	1.5771
-130.4	2.7347	2.0836	1.5771
-130.2	2.7383	2.0846	1.577
-130	2.7409	2.0855	1.5769
-129.8	2.7452	2.0865	1.5769
-129.6	2.7496	2.0874	1.577
-129.4	2.7529	2.0883	1.577
-129.2	2.7557	2.0891	1.577
-129	2.759	2.0899	1.5771
-128.8	2.7633	2.0907	1.5772
-128.6	2.7674	2.0914	1.5773
-128.4	2.7719	2.0921	1.5773
-128.2	2.7773	2.0928	1.5773
-128	2.782	2.0935	1.5773
-127.8	2.7865	2.094	1.5773
-127.6	2.7913	2.0946	1.5772
-127.4	2.797	2.0952	1.5771
-127.2	2.8025	2.0957	1.5769
-127	2.8083	2.0961	1.5766
-126.8	2.8153	2.0966	1.5764
-126.6	2.8228	2.0971	1.5761
-126.4	2.8283	2.0975	1.5757
-126.2	2.8338	2.0978	1.5753
-126	2.8404	2.0982	1.5749
-125.8	2.8457	2.0985	1.5744
-125.6	2.8511	2.0986	1.5738
-125.4	2.8571	2.0988	1.5732
-125.2	2.8636	2.099	1.5725
-125	2.8693	2.0991	1.5718
-124.8	2.8742	2.0992	1.571
-124.6	2.8791	2.0993	1.5702
-124.4	2.8842	2.0995	1.5694
-124.2	2.8888	2.0996	1.5685
-124	2.894	2.0997	1.5675
-123.8	2.8993	2.0997	1.5665
-123.6	2.9051	2.0998	1.5655
-123.4	2.9115	2.0999	1.5645
-123.2	2.917	2.0999	1.5634
-123	2.9217	2.1	1.5623
-122.8	2.9261	2.1	1.5612
-122.6	2.9311	2.1001	1.5601
-122.4	2.9368	2.1001	1.559
-122.2	2.9414	2.1001	1.5578
-122	2.9464	2.1002	1.5567
-121.8	2.9516	2.1002	1.5555
-121.6	2.9567	2.1002	1.5544
-121.4	2.9617	2.1003	1.5532
-121.2	2.9656	2.1004	1.552
-121	2.9695	2.1004	1.5508
-120.8	2.9749	2.1005	1.5496
-120.6	2.9804	2.1007	1.5484
-120.4	2.9849	2.1008	1.5472
-120.2	2.9898	2.1009	1.5459
-120	2.9955	2.1011	1.5447
-119.8	3.0017	2.1013	1.5436
-119.6	3.0069	2.1015	1.5424
-119.4	3.0124	2.1016	1.5412
-119.2	3.0189	2.1018	1.5401
-119	3.0264	2.102	1.5391
-118.8	3.0318	2.1021	1.5379
-118.6	3.0367	2.1021	1.5368
-118.4	3.0423	2.1022	1.5358
-118.2	3.0484	2.1023	1.5348
-118	3.0542	2.1022	1.5337
-117.8	3.0602	2.1022	1.5327
-117.6	3.0671	2.1021	1.5317
-117.4	3.0736	2.102	1.5307
-117.2	3.0795	2.1019	1.5297
-117	3.0857	2.1017	1.5287
-116.8	3.0919	2.1015	1.5277
-116.6	3.0989	2.1013	1.5268
-116.4	3.1065	2.1011	1.5259
-116.2	3.1142	2.1008	1.525
-116	3.1223	2.1005	1.524
-115.8	3.1306	2.1002	1.5231
-115.6	3.1383	2.0998	1.5222
-115.4	3.146	2.0994	1.5213
-115.2	3.1534	2.0989	1.5203
-115	3.1611	2.0985	1.5194
-114.8	3.168	2.0979	1.5184
-114.6	3.1763	2.0975	1.5174
-114.4	3.1849	2.0969	1.5165
-114.2	3.1923	2.0963	1.5154
-114	3.1998	2.0957	1.5143
-113.8	3.2075	2.095	1.5133
-113.6	3.2148	2.0944	1.5123
-113.4	3.221	2.0936	1.5113
-113.2	3.2267	2.0927	1.5102
-113	3.2335	2.0919	1.5091
-112.8	3.2415	2.0912	1.5082
-112.6	3.2488	2.0903	1.5071
-112.4	3.2555	2.0894	1.506
-112.2	3.2635	2.0885	1.5049
-112	3.2703	2.0875	1.5039
-111.8	3.2764	2.0865	1.5029
-111.6	3.2831	2.0855	1.5018
-111.4	3.2905	2.0845	1.5008
-111.2	3.2979	2.0835	1.4997
-111	3.3053	2.0823	1.4987
-110.8	3.3115	2.0811	1.4976
-110.6	3.3188	2.08	1.4966
-110.4	3.3267	2.0788	1.4956
-110.2	3.3338	2.0775	1.4945
-110	3.3402	2.0762	1.4934
-109.8	3.3484	2.075	1.4925
-109.6	3.3568	2.0737	1.4915
-109.4	3.3637	2.0722	1.4904
-109.2	3.3714	2.0708	1.4893
-109	3.3808	2.0695	1.4884
-108.8	3.3893	2.0681	1.4874
-108.6	3.3981	2.0668	1.4863
-108.4	3.4075	2.0654	1.4854
-108.2	3.417	2.064	1.4843
-108	3.4262	2.0625	1.4833
-107.8	3.4358	2.061	1.4822
-107.6	3.4457	2.0596	1.4812
-107.4	3.4555	2.0581	1.4802
-107.2	3.4653	2.0565	1.4791
-107	3.4755	2.055	1.4781
-106.8	3.4855	2.0534	1.4771
-106.6	3.4957	2.0519	1.4761
-106.4	3.5058	2.0502	1.4751
-106.2	3.5161	2.0485	1.4742
-106	3.5266	2.0469	1.4733
-105.8	3.5376	2.0452	1.4725
-105.6	3.5478	2.0435	1.4716
-105.4	3.5588	2.0418	1.4708
-105.2	3.5695	2.0401	1.47
-105	3.5803	2.0384	1.4693
-104.8	3.5904	2.0367	1.4685
-104.6	3.5997	2.0349	1.4677
-104.4	3.611	2.0332	1.467
-104.2	3.6218	2.0315	1.4663
-104	3.6313	2.0297	1.4657
-103.8	3.6413	2.028	1.465
-103.6	3.6519	2.0263	1.4644
-103.4	3.6624	2.0246	1.4639
-103.2	3.672	2.0228	1.4634
-103	3.6814	2.021	1.4628
-102.8	3.6915	2.0193	1.4623
-102.6	3.7016	2.0177	1.4619
-102.4	3.7114	2.016	1.4614
-102.2	3.7208	2.0143	1.461
-102	3.73	2.0127	1.4607
-101.8	3.7401	2.011	1.4603
-101.6	3.7487	2.0094	1.46
-101.4	3.757	2.0078	1.4596
-101.2	3.7673	2.0063	1.4593
-101	3.7784	2.0048	1.4591
-100.8	3.7877	2.0033	1.4588
-100.6	3.7972	2.0019	1.4586
-100.4	3.8072	2.0005	1.4583
-100.2	3.8169	1.9991	1.4581
-100	3.8262	1.9977	1.4579
-99.8	3.8362	1.9963	1.4577
-99.6	3.8462	1.995	1.4576
-99.4	3.8561	1.9937	1.4574
-99.2	3.8665	1.9924	1.4573
-99	3.8769	1.9911	1.4572
-98.8	3.8877	1.9898	1.4571
-98.6	3.8986	1.9886	1.4571
-98.4	3.9096	1.9874	1.4571
-98.2	3.921	1.9863	1.457
-98	3.9328	1.9851	1.457
-97.8	3.9448	1.984	1.4569
-97.6	3.957	1.9829	1.4569
-97.4	3.9699	1.9819	1.4568
-97.2	3.9825	1.9809	1.4567
-97	3.9957	1.9799	1.4566
-96.8	4.0096	1.9789	1.4565
-96.6	4.0225	1.978	1.4563
-96.4	4.0358	1.9771	1.4561
-96.2	4.0498	1.9763	1.4559
-96	4.0631	1.9754	1.4555
-95.8	4.0759	1.9745	1.4552
-95.6	4.0903	1.9738	1.4549
-95.4	4.1048	1.973	1.4545
-95.2	4.1174	1.9722	1.454
-95	4.1316	1.9715	1.4536
-94.8	4.147	1.9709	1.4531
-94.6	4.1608	1.9703	1.4525
-94.4	4.1742	1.9697	1.4519
-94.2	4.1883	1.9692	1.4513
-94	4.2022	1.9686	1.4507
-93.8	4.216	1.9681	1.4499
-93.6	4.2301	1.9677	1.4492
-93.4	4.2444	1.9673	1.4485
-93.2	4.2593	1.967	1.4477
-93	4.273	1.9667	1.4469
-92.8	4.2859	1.9664	1.4461
-92.6	4.2998	1.9661	1.4452
-92.4	4.3142	1.966	1.4445
-92.2	4.3279	1.9658	1.4436
-92	4.3406	1.9656	1.4427
-91.8	4.3542	1.9654	1.4419
-91.6	4.3681	1.9653	1.441
-91.4	4.3822	1.9652	1.4401
-91.2	4.3954	1.9651	1.4391
-91	4.4094	1.965	1.4382
-90.8	4.4244	1.965	1.4373
-90.6	4.4389	1.9651	1.4364
-90.4	4.4525	1.9651	1.4354
-90.2	4.4673	1.9651	1.4344
-90	4.483	1.9651	1.4335
-89.8	4.4984	1.9652	1.4325
-89.6	4.5141	1.9653	1.4315
-89.4	4.5305	1.9654	1.4305
-89.2	4.5461	1.9656	1.4295
-89	4.5608	1.9657	1.4284
-88.8	4.5765	1.9659	1.4273
-88.6	4.5916	1.966	1.4263
-88.4	4.6074	1.9662	1.4252
-88.2	4.6241	1.9664	1.4242
-88	4.6396	1.9666	1.4231
-87.8	4.6563	1.9669	1.422
-87.6	4.6739	1.9672	1.4209
-87.4	4.6905	1.9675	1.4199
-87.2	4.7082	1.9679	1.4188
-87	4.7272	1.9683	1.4179
-86.8	4.7453	1.9687	1.4169
-86.6	4.7633	1.9691	1.4159
-86.4	4.7827	1.9697	1.415
-86.2	4.8021	1.9702	1.4141
-86	4.8206	1.9707	1.4131
-85.8	4.8404	1.9713	1.4123
-85.6	4.8615	1.972	1.4115
-85.4	4.8815	1.9727	1.4107
-85.2	4.9017	1.9734	1.41
-85	4.9221	1.9741	1.4093
-84.8	4.9432	1.9749	1.4086
-84.6	4.9641	1.9757	1.4078
-84.4	4.9845	1.9765	1.4071
-84.2	5.0041	1.9772	1.4064
-84	5.0236	1.9779	1.4056
-83.8	5.044	1.9787	1.4048
-83.6	5.0637	1.9795	1.404
-83.4	5.0846	1.9803	1.4032
-83.2	5.1046	1.9811	1.4024
-83	5.1239	1.9818	1.4016
-82.8	5.1443	1.9826	1.4008
-82.6	5.1648	1.9834	1.3999
-82.4	5.1842	1.9841	1.399
-82.2	5.2042	1.9848	1.3982
-82	5.225	1.9854	1.3973
-81.8	5.246	1.9861	1.3965
-81.6	5.2665	1.9868	1.3956
-81.4	5.2869	1.9875	1.3947
-81.2	5.3063	1.9881	1.3938
-81	5.327	1.9887	1.3929
-80.8	5.348	1.9893	1.392
-80.6	5.3681	1.9898	1.391
-80.4	5.3885	1.9903	1.39
-80.2	5.4101	1.9909	1.3891
-80	5.4322	1.9914	1.3881
-79.8	5.4548	1.992	1.3872
-79.6	5.477	1.9925	1.3863
-79.4	5.4998	1.9931	1.3854
-79.2	5.524	1.9937	1.3846
-79	5.5475	1.9943	1.3837
-78.8	5.5702	1.9948	1.3827
-78.6	5.5945	1.9954	1.3819
-78.4	5.6198	1.9961	1.3811
-78.2	5.6438	1.9968	1.3802
-78	5.6679	1.9975	1.3793
-77.8	5.6941	1.9984	1.3785
-77.6	5.7202	1.9992	1.3777
-77.4	5.7457	2.0001	1.3769
-77.2	5.772	2.001	1.3761
-77	5.7981	2.002	1.3752
-76.8	5.8243	2.0031	1.3744
-76.6	5.8508	2.0042	1.3736
-76.4	5.8773	2.0054	1.3728
-76.2	5.9039	2.0067	1.372
-76	5.931	2.008	1.3711
-75.8	5.9582	2.0094	1.3703
-75.6	5.9856	2.0108	1.3695
-75.4	6.0134	2.0124	1.3688
-75.2	6.0399	2.0139	1.368
-75	6.0677	2.0155	1.3672
-74.8	6.0975	2.0173	1.3666
-74.6	6.1263	2.0191	1.3659
-74.4	6.1542	2.0208	1.3651
-74.2	6.1842	2.0226	1.3645
-74	6.2157	2.0245	1.3639
-73.8	6.2456	2.0263	1.3632
-73.6	6.2746	2.0282	1.3625
-73.4	6.3053	2.03	1.3619
-73.2	6.3364	2.0319	1.3613
-73	6.3673	2.0338	1.3606
-72.8	6.3981	2.0356	1.36
-72.6	6.431	2.0375	1.3595
-72.4	6.4642	2.0393	1.359
-72.2	6.4973	2.0411	1.3584
-72	6.5308	2.0428	1.3579
-71.8	6.5653	2.0445	1.3575
-71.6	6.5983	2.0461	1.357
-71.4	6.6318	2.0476	1.3565
-71.2	6.6663	2.0491	1.356
-71	6.7004	2.0506	1.3556
-70.8	6.7339	2.0519	1.3551
-70.6	6.7683	2.0532	1.3547
-70.4	6.8033	2.0545	1.3544
-70.2	6.8377	2.0556	1.3539
-70	6.8723	2.0566	1.3535
-69.8	6.9086	2.0577	1.3532
-69.6	6.9442	2.0587	1.3529
-69.4	6.9801	2.0596	1.3526
-69.2	7.0166	2.0606	1.3523
-69	7.0535	2.0615	1.3521
-68.8	7.0903	2.0624	1.3519
-68.6	7.1274	2.0633	1.3517
-68.4	7.1655	2.0641	1.3515
-68.2	7.203	2.0649	1.3513
-68	7.2401	2.0657	1.3512
-67.8	7.2776	2.0664	1.351
-67.6	7.3159	2.0672	1.3509
-67.4	7.354	2.068	1.3508
-67.2	7.393	2.0688	1.3507
-67	7.4323	2.0696	1.3506
-66.8	7.4713	2.0704	1.3505
-66.6	7.5113	2.0713	1.3505
-66.4	7.5514	2.0721	1.3504
-66.2	7.5917	2.073	1.3503
-66	7.6328	2.0739	1.3502
-65.8	7.675	2.0748	1.3501
-65.6	7.7169	2.0758	1.35
-65.4	7.7594	2.0768	1.3499
-65.2	7.8033	2.0779	1.3498
-65	7.847	2.079	1.3496
-64.8	7.8913	2.0801	1.3494
-64.6	7.9367	2.0813	1.3492
-64.4	7.9817	2.0824	1.349
-64.2	8.026	2.0836	1.3486
-64	8.0705	2.0847	1.3483
-63.8	8.1157	2.0859	1.3479
-63.6	8.1609	2.087	1.3474
-63.4	8.207	2.0882	1.347
-63.2	8.2529	2.0893	1.3465
-63	8.2984	2.0905	1.3459
-62.8	8.3444	2.0915	1.3453
-62.6	8.391	2.0926	1.3447
-62.4	8.4383	2.0936	1.3441
-62.2	8.4852	2.0945	1.3434
-62	8.5329	2.0954	1.3427
-61.8	8.5824	2.0964	1.342
-61.6	8.6315	2.0972	1.3413
-61.4	8.681	2.098	1.3406
-61.2	8.7315	2.0987	1.3399
-61	8.7811	2.0993	1.3391
-60.8	8.8297	2.0998	1.3383
-60.6	8.8807	2.1003	1.3376
-60.4	8.9316	2.1008	1.3368
-60.2	8.9818	2.101	1.3359
-60	9.0327	2.1013	1.3351
-59.8	9.085	2.1015	1.3343
-59.6	9.1378	2.1016	1.3335
-59.4	9.1903	2.1016	1.3327
-59.2	9.2436	2.1015	1.3318
-59	9.297	2.1014	1.331
-58.8	9.3524	2.1013	1.3302
-58.6	9.4089	2.1012	1.3293
-58.4	9.465	2.101	1.3284
-58.2	9.5222	2.1007	1.3275
-58	9.581	2.1004	1.3267
-57.8	9.6408	2.1002	1.3259
-57.6	9.6998	2.0998	1.325
-57.4	9.76	2.0995	1.3242
-57.2	9.8216	2.0991	1.3234
-57	9.8827	2.0988	1.3226
-56.8	9.944	2.0984	1.3217
-56.6	10.007	2.0981	1.3209
-56.4	10.071	2.0977	1.3201
-56.2	10.134	2.0973	1.3192
-56	10.197	2.097	1.3184
-55.8	10.262	2.0967	1.3177
-55.6	10.328	2.0964	1.3169
-55.4	10.395	2.0961	1.3162
-55.2	10.461	2.0958	1.3154
-55	10.529	2.0956	1.3147
-54.8	10.598	2.0954	1.3141
-54.6	10.668	2.0952	1.3134
-54.4	10.738	2.0951	1.3127
-54.2	10.808	2.0949	1.3121
-54	10.88	2.0948	1.3115
-53.8	10.952	2.0947	1.3109
-53.6	11.023	2.0945	1.3102
-53.4	11.095	2.0944	1.3096
-53.2	11.169	2.0943	1.309
-53	11.24	2.094	1.3084
-52.8	11.312	2.0938	1.3077
-52.6	11.387	2.0936	1.3071
-52.4	11.462	2.0934	1.3064
-52.2	11.536	2.0931	1.3057
-52	11.612	2.0928	1.305
-51.8	11.689	2.0925	1.3044
-51.6	11.766	2.0921	1.3036
-51.4	11.844	2.0916	1.3029
-51.2	11.924	2.0912	1.3022
-51	12.004	2.0908	1.3014
-50.8	12.085	2.0902	1.3006
-50.6	12.166	2.0897	1.2998
-50.4	12.248	2.0891	1.299
-50.2	12.331	2.0884	1.2982
-50	12.415	2.0877	1.2974
-49.8	12.501	2.0869	1.2966
-49.6	12.587	2.0861	1.2958
-49.4	12.672	2.0852	1.295
-49.2	12.76	2.0843	1.2942
-49	12.848	2.0833	1.2934
-48.8	12.937	2.0823	1.2926
-48.6	13.029	2.0813	1.2919
-48.4	13.121	2.0803	1.2911
-48.2	13.213	2.0792	1.2903
-48	13.307	2.0781	1.2896
-47.8	13.402	2.0769	1.2889
-47.6	13.499	2.0758	1.2882
-47.4	13.596	2.0746	1.2876
-47.2	13.693	2.0735	1.2868
-47	13.792	2.0723	1.2862
-46.8	13.894	2.0713	1.2856
-46.6	13.995	2.0702	1.285
-46.4	14.096	2.069	1.2843
-46.2	14.2	2.0679	1.2837
-46	14.305	2.0668	1.2831
-45.8	14.409	2.0657	1.2825
-45.6	14.514	2.0645	1.2818
-45.4	14.622	2.0634	1.2813
-45.2	14.73	2.0623	1.2807
-45	14.839	2.0612	1.28
-44.8	14.95	2.0602	1.2795
-44.6	15.062	2.0591	1.2789
-44.4	15.174	2.058	1.2782
-44.2	15.287	2.0569	1.2776
-44	15.401	2.0558	1.277
-43.8	15.516	2.0546	1.2764
-43.6	15.632	2.0535	1.2757
-43.4	15.75	2.0524	1.275
-43.2	15.869	2.0513	1.2744
-43	15.987	2.0501	1.2737
-42.8	16.107	2.0489	1.273
-42.6	16.229	2.0477	1.2725
-42.4	16.352	2.0465	1.2718
-42.2	16.475	2.0452	1.2711
-42	16.6	2.044	1.2706
-41.8	16.726	2.0427	1.27
-41.6	16.852	2.0413	1.2694
-41.4	16.979	2.0399	1.2688
-41.2	17.109	2.0386	1.2683
-41	17.241	2.0372	1.2678
-40.8	17.374	2.0358	1.2673
-40.6	17.507	2.0343	1.2668
-40.4	17.642	2.0328	1.2662
-40.2	17.779	2.0313	1.2658
-40	17.916	2.0297	1.2653
-39.8	18.054	2.0282	1.2649
-39.6	18.195	2.0266	1.2645
-39.4	18.336	2.0251	1.2641
-39.2	18.48	2.0235	1.2637
-39	18.626	2.0221	1.2634
-38.8	18.773	2.0206	1.2631
-38.6	18.92	2.019	1.2627
-38.4	19.07	2.0176	1.2625
-38.2	19.222	2.0162	1.2622
-38	19.374	2.0147	1.2619
-37.8	19.528	2.0133	1.2617
-37.6	19.685	2.012	1.2615
-37.4	19.844	2.0108	1.2614
-37.2	20.003	2.0095	1.2612
-37	20.165	2.0083	1.2611
-36.8	20.328	2.0071	1.2609
-36.6	20.491	2.0059	1.2607
-36.4	20.657	2.0047	1.2606
-36.2	20.826	2.0037	1.2605
-36	20.995	2.0026	1.2604
-35.8	21.167	2.0016	1.2603
-35.6	21.341	2.0006	1.2603
-35.4	21.516	1.9996	1.2602
-35.2	21.694	1.9987	1.2601
-35	21.872	1.9978	1.2601
-34.8	22.052	1.997	1.26
-34.6	22.233	1.9962	1.2599
-34.4	22.416	1.9954	1.2598
-34.2	22.598	1.9945	1.2596
-34	22.784	1.9937	1.2595
-33.8	22.972	1.9929	1.2593
-33.6	23.161	1.9921	1.2591
-33.4	23.351	1.9913	1.2589
-33.2	23.545	1.9906	1.2586
-33	23.74	1.9899	1.2584
-32.8	23.936	1.9891	1.2581
-32.6	24.135	1.9884	1.2577
-32.4	24.335	1.9877	1.2574
-32.2	24.536	1.987	1.257
-32	24.739	1.9863	1.2566
-31.8	24.944	1.9856	1.2561
-31.6	25.151	1.9849	1.2556
-31.4	25.359	1.9842	1.2551
-31.2	25.57	1.9836	1.2546
-31	25.781	1.9829	1.254
-30.8	25.995	1.9823	1.2534
-30.6	26.211	1.9818	1.2529
-30.4	26.428	1.9812	1.2522
-30.2	26.646	1.9806	1.2515
-30	26.869	1.9801	1.2509
-29.8	27.094	1.9797	1.2504
-29.6	27.319	1.9792	1.2497
-29.4	27.545	1.9787	1.249
-29.2	27.776	1.9784	1.2484
-29	28.009	1.9781	1.2478
-28.8	28.242	1.9778	1.2471
-28.6	28.478	1.9775	1.2465
-28.4	28.718	1.9774	1.2459
-28.2	28.957	1.9771	1.2453
-28	29.199	1.9769	1.2446
-27.8	29.444	1.9767	1.244
-27.6	29.69	1.9765	1.2433
-27.4	29.939	1.9764	1.2427
-27.2	30.191	1.9764	1.2422
-27	30.443	1.9763	1.2415
-26.8	30.698	1.9762	1.2408
-26.6	30.956	1.9762	1.2402
-26.4	31.214	1.9761	1.2396
-26.2	31.474	1.9761	1.239
-26	31.739	1.9761	1.2384
-25.8	32.005	1.9761	1.2378
-25.6	32.273	1.9762	1.2372
-25.4	32.541	1.9763	1.2366
-25.2	32.813	1.9765	1.236
-25	33.086	1.9766	1.2354
-24.8	33.361	1.9767	1.2348
-24.6	33.636	1.9769	1.2342
-24.4	33.914	1.9771	1.2336
-24.2	34.194	1.9773	1.233
-24	34.477	1.9775	1.2324
-23.8	34.763	1.9777	1.2318
-23.6	35.047	1.9779	1.2311
-23.4	35.335	1.9782	1.2304
-23.2	35.623	1.9784	1.2298
-23	35.912	1.9786	1.2292
-22.8	36.204	1.9789	1.2286
-22.6	36.5	1.9792	1.228
-22.4	36.795	1.9794	1.2273
-22.2	37.09	1.9797	1.2267
-22	37.389	1.9802	1.2262
-21.8	37.688	1.9805	1.2256
-21.6	37.987	1.9808	1.225
-21.4	38.289	1.9812	1.2244
-21.2	38.593	1.9817	1.2239
-21	38.896	1.982	1.2233
-20.8	39.2	1.9824	1.2227
-20.6	39.507	1.9827	1.2221
-20.4	39.814	1.9831	1.2215
-20.2	40.121	1.9834	1.2209
-20	40.433	1.9839	1.2203
-19.8	40.744	1.9843	1.2198
-19.6	41.057	1.9847	1.2192
-19.4	41.371	1.9852	1.2186
-19.2	41.688	1.9857	1.2181
-19	42.004	1.9862	1.2174
-18.8	42.322	1.9867	1.2169
-18.6	42.641	1.9873	1.2163
-18.4	42.961	1.9878	1.2159
-18.2	43.282	1.9884	1.2153
-18	43.602	1.989	1.2147
-17.8	43.924	1.9895	1.2142
-17.6	44.245	1.9902	1.2137
-17.4	44.566	1.9908	1.2131
-17.2	44.89	1.9914	1.2125
-17	45.214	1.9922	1.212
-16.8	45.539	1.9929	1.2114
-16.6	45.863	1.9936	1.2108
-16.4	46.191	1.9944	1.2102
-16.2	46.517	1.9951	1.2096
-16	46.843	1.9959	1.209
-15.8	47.167	1.9966	1.2083
-15.6	47.49	1.9974	1.2077
-15.4	47.815	1.9983	1.2071
-15.2	48.137	1.999	1.2066
-15	48.46	1.9999	1.206
-14.8	48.781	2.0008	1.2054
-14.6	49.103	2.0018	1.2049
-14.4	49.424	2.0027	1.2043
-14.2	49.749	2.0036	1.2038
-14	50.08	2.0045	1.2033
-13.8	50.413	2.0054	1.2028
-13.6	50.748	2.0062	1.2023
-13.4	51.088	2.0071	1.2017
-13.2	51.432	2.008	1.2012
-13	51.774	2.0089	1.2007
-12.8	52.115	2.0098	1.2
-12.6	52.453	2.0107	1.1995
-12.4	52.791	2.0116	1.1989
-12.2	53.133	2.0125	1.1983
-12	53.48	2.0133	1.1977
-11.8	53.837	2.0142	1.1971
-11.6	54.208	2.0151	1.1965
-11.4	54.595	2.016	1.1958
-11.2	55.006	2.0169	1.1952
-11	55.438	2.0178	1.1946
-10.8	55.896	2.0187	1.1941
-10.6	56.378	2.0198	1.1936
-10.4	56.883	2.0207	1.193
-10.2	57.407	2.0217	1.1926
-10	57.951	2.0227	1.1921
-9.8	58.514	2.0237	1.1916
-9.6	59.096	2.0248	1.1911
-9.4	59.699	2.0259	1.1906
-9.2	60.323	2.0271	1.1901
-9	60.972	2.0282	1.1896
-8.8	61.641	2.0294	1.189
-8.6	62.331	2.0306	1.1885
-8.4	63.037	2.0319	1.1881
-8.2	63.753	2.0332	1.1877
-8	64.475	2.0345	1.1873
-7.8	65.197	2.0359	1.1869
-7.6	65.919	2.0374	1.1867
-7.4	66.639	2.039	1.1865
-7.2	67.358	2.0406	1.1863
-7	68.08	2.0423	1.1862
-6.8	68.804	2.044	1.1861
-6.6	69.53	2.0456	1.1859
-6.4	70.254	2.0473	1.1857
-6.2	70.97	2.0491	1.1857
-6	71.667	2.0509	1.1857
-5.8	72.343	2.0526	1.1856
-5.6	72.996	2.0543	1.1855
-5.4	73.625	2.0562	1.1856
-5.2	74.228	2.058	1.1856
-5	74.811	2.0597	1.1854
-4.8	75.38	2.0615	1.1853
-4.6	75.937	2.0633	1.1852
-4.4	76.483	2.0648	1.185
-4.2	77.025	2.0664	1.1849
-4	77.56	2.0681	1.1848
-3.8	78.087	2.0696	1.1846
-3.6	78.601	2.071	1.1845
-3.4	79.105	2.0724	1.1844
-3.2	79.604	2.0738	1.1843
-3	80.098	2.0752	1.1843
-2.8	80.585	2.0764	1.1842
-2.6	81.062	2.0776	1.184
-2.4	81.529	2.0787	1.1838
-2.2	81.979	2.0799	1.1837
-2	82.41	2.081	1.1835
-1.8	82.824	2.0819	1.1831
-1.6	83.241	2.0828	1.1829
-1.4	83.679	2.0836	1.1826
-1.2	84.149	2.0843	1.1822
-1	84.664	2.0849	1.1818
-0.8	85.243	2.0856	1.1813
-0.6	85.911	2.0862	1.1808
-0.4	86.671	2.0867	1.1803
-0.2	87.513	2.0872	1.1798
0	88.433	2.0876	1.1793
0.2	89.433	2.088	1.1788
0.4	90.522	2.0884	1.1783
0.6	91.71	2.0887	1.1778
0.8	93.006	2.0889	1.1771
1	94.413	2.089	1.1764
1.2	95.922	2.0892	1.1757
1.4	97.51	2.0893	1.1749
1.6	99.16	2.0895	1.1743
1.8	100.85	2.0897	1.1737
2	102.56	2.0898	1.1732
2.2	104.27	2.0899	1.1727
2.4	106.01	2.0901	1.1723
2.6	107.77	2.0903	1.1718
2.8	109.54	2.0903	1.1711
3	111.29	2.0904	1.1705
3.2	113	2.0907	1.17
3.4	114.66	2.0909	1.1695
3.6	116.22	2.0911	1.1691
3.8	117.68	2.0914	1.1689
4	119.03	2.0917	1.1688
4.2	120.28	2.092	1.1686
4.4	121.42	2.0923	1.1683
4.6	122.45	2.0927	1.1682
4.8	123.35	2.0932	1.1681
5	124.12	2.0936	1.168
5.2	124.73	2.0941	1.1681
5.4	125.17	2.0945	1.1683
5.6	125.44	2.0951	1.1687
5.8	125.56	2.0957	1.169
6	125.57	2.096	1.1691
6.2	125.47	2.0964	1.1692
6.4	125.31	2.0967	1.169
6.6	125.07	2.097	1.1687
6.8	124.78	2.0972	1.1683
7	124.42	2.0975	1.1679
7.2	124.03	2.0976	1.1675
7.4	123.58	2.0977	1.1672
7.6	123.09	2.0977	1.1668
7.8	122.56	2.0976	1.1663
8	122	2.0973	1.1654
8.2	121.44	2.097	1.1643
8.4	120.9	2.0967	1.1631
8.6	120.35	2.0962	1.1618
8.8	119.81	2.0956	1.1606
9	119.25	2.095	1.1597
9.2	118.67	2.0943	1.159
9.4	118.08	2.0935	1.1582
9.6	117.47	2.0926	1.1575
9.8	116.85	2.0917	1.1567
10	116.24	2.0908	1.1556
10.2	115.64	2.0897	1.1544
10.4	115.07	2.0887	1.1532
10.6	114.49	2.0877	1.152
10.8	113.87	2.0866	1.151
11	113.23	2.0856	1.1502
11.2	112.58	2.0845	1.1495
11.4	111.92	2.0833	1.1487
11.6	111.25	2.0821	1.148
11.8	110.6	2.081	1.1473
12	109.97	2.0798	1.1465
12.2	109.34	2.0787	1.1459
12.4	108.7	2.0778	1.1456
12.6	108.04	2.0769	1.1456
12.8	107.36	2.076	1.1458
13	106.68	2.0751	1.1461
13.2	105.98	2.0742	1.1465
13.4	105.28	2.0734	1.1467
13.6	104.59	2.0726	1.1467
13.8	103.93	2.0718	1.1466
14	103.28	2.071	1.1463
14.2	102.62	2.0703	1.1461
14.4	101.94	2.0697	1.1461
14.6	101.25	2.0692	1.1461
14.8	100.53	2.0686	1.146
15	99.819	2.0681	1.1458
15.2	99.112	2.0676	1.1456
15.4	98.418	2.0672	1.1451
15.6	97.74	2.0669	1.1443
15.8	97.077	2.0665	1.1434
16	96.419	2.0662	1.1425
16.2	95.755	2.0659	1.1419
16.4	95.076	2.0657	1.1415
16.6	94.381	2.0654	1.1412
16.8	93.683	2.0651	1.141
17	92.993	2.0648	1.1407
17.2	92.323	2.0646	1.1403
17.4	91.668	2.0644	1.1395
17.6	91.026	2.0641	1.1386
17.8	90.389	2.0639	1.1377
18	89.748	2.0637	1.137
18.2	89.096	2.0634	1.1362
18.4	88.427	2.063	1.1355
18.6	87.749	2.0626	1.1349
18.8	87.076	2.062	1.1343
19	86.421	2.0614	1.1335
19.2	85.785	2.0608	1.1327
19.4	85.158	2.0601	1.1319
19.6	84.533	2.0595	1.1313
19.8	83.899	2.0588	1.1309
20	83.253	2.0581	1.1306
20.2	82.592	2.0574	1.1305
20.4	81.928	2.0565	1.1305
20.6	81.272	2.0555	1.1304
20.8	80.633	2.0544	1.1303
21	80.009	2.0533	1.13
21.2	79.388	2.0523	1.1298
21.4	78.769	2.0512	1.1295
21.6	78.15	2.0501	1.1292
21.8	77.524	2.049	1.1289
22	76.889	2.0478	1.1286
22.2	76.248	2.0466	1.1283
22.4	75.612	2.0452	1.1279
22.6	74.987	2.0439	1.1273
22.8	74.375	2.0425	1.1266
23	73.776	2.0411	1.126
23.2	73.186	2.0398	1.1254
23.4	72.601	2.0385	1.125
23.6	72.019	2.0372	1.1247
23.8	71.438	2.0359	1.1246
24	70.855	2.0347	1.1247
24.2	70.269	2.0335	1.1249
24.4	69.685	2.0323	1.1251
24.6	69.107	2.0311	1.1252
24.8	68.536	2.03	1.1253
25	67.979	2.0289	1.1253
25.2	67.435	2.028	1.1252
25.4	66.9	2.027	1.1252
25.6	66.372	2.026	1.1252
25.8	65.845	2.025	1.1252
26	65.315	2.0241	1.1253
26.2	64.775	2.0231	1.1252
26.4	64.235	2.0221	1.1251
26.6	63.701	2.0212	1.1249
26.8	63.173	2.0202	1.1247
27	62.66	2.0193	1.1245
27.2	62.165	2.0185	1.1244
27.4	61.679	2.0176	1.1243
27.6	61.198	2.0167	1.1243
27.8	60.713	2.0159	1.1244
28	60.215	2.0149	1.1243
28.2	59.708	2.0139	1.1241
28.4	59.204	2.0131	1.1239
28.6	58.708	2.0122	1.1236
28.8	58.225	2.0112	1.1231
29	57.759	2.0103	1.1226
29.2	57.31	2.0094	1.122
29.4	56.865	2.0084	1.1212
29.6	56.414	2.0073	1.1204
29.8	55.956	2.0061	1.1196
30	55.491	2.005	1.1188
30.2	55.021	2.0038	1.1179
30.4	54.558	2.0025	1.1169
30.6	54.11	2.0014	1.116
30.8	53.679	2.0001	1.1151
31	53.262	1.9989	1.1143
31.2	52.85	1.9977	1.1137
31.4	52.437	1.9965	1.1133
31.6	52.02	1.9953	1.1129
31.8	51.598	1.9941	1.1128
32	51.176	1.993	1.1129
32.2	50.754	1.9919	1.1129
32.4	50.337	1.9907	1.1128
32.6	49.933	1.9897	1.1128
32.8	49.542	1.9888	1.1129
33	49.159	1.9878	1.1129
33.2	48.78	1.9869	1.1131
33.4	48.401	1.986	1.1135
33.6	48.022	1.9852	1.114
33.8	47.64	1.9845	1.1146
34	47.258	1.9838	1.1151
34.2	46.879	1.9832	1.1156
34.4	46.503	1.9827	1.1159
34.6	46.136	1.9822	1.1162
34.8	45.779	1.9818	1.1164
35	45.431	1.9815	1.1167
35.2	45.082	1.9812	1.1169
35.4	44.732	1.9808	1.1171
35.6	44.38	1.9806	1.1173
35.8	44.026	1.9805	1.1172
36	43.67	1.9804	1.117
36.2	43.319	1.9803	1.1165
36.4	42.977	1.9803	1.1159
36.6	42.645	1.9802	1.1151
36.8	42.319	1.9801	1.1141
37	41.999	1.9801	1.1131
37.2	41.68	1.9801	1.1122
37.4	41.356	1.98	1.1111
37.6	41.028	1.9799	1.1098
37.8	40.7	1.9799	1.1085
38	40.376	1.9799	1.1071
38.2	40.06	1.9798	1.1056
38.4	39.754	1.9798	1.104
38.6	39.458	1.9798	1.1026
38.8	39.164	1.9798	1.1014
39	38.868	1.9799	1.1004
39.2	38.57	1.9799	1.0996
39.4	38.271	1.9799	1.099
39.6	37.974	1.9799	1.0985
39.8	37.681	1.98	1.0981
40	37.394	1.98	1.0976
40.2	37.116	1.98	1.0971
40.4	36.845	1.98	1.0967
40.6	36.579	1.9801	1.0965
40.8	36.31	1.9802	1.0964
41	36.037	1.9803	1.0966
41.2	35.764	1.9805	1.0969
41.4	35.496	1.9808	1.0974
41.6	35.232	1.9809	1.0978
41.8	34.973	1.9811	1.0981
42	34.717	1.9814	1.0983
42.2	34.46	1.9818	1.0985
42.4	34.203	1.982	1.0985
42.6	33.949	1.9825	1.0987
42.8	33.699	1.9829	1.099
43	33.451	1.9834	1.0992
43.2	33.206	1.9839	1.0994
43.4	32.965	1.9845	1.0995
43.6	32.728	1.9851	1.0994
43.8	32.489	1.9857	1.099
44	32.247	1.9862	1.0984
44.2	32.002	1.9868	1.0978
44.4	31.759	1.9874	1.0971
44.6	31.525	1.9882	1.0965
44.8	31.301	1.9888	1.0958
45	31.086	1.9896	1.0952
45.2	30.874	1.9904	1.0945
45.4	30.659	1.9911	1.0936
45.6	30.44	1.9919	1.0926
45.8	30.221	1.9928	1.0917
46	30	1.9937	1.0907
46.2	29.779	1.9946	1.0896
46.4	29.561	1.9955	1.0888
46.6	29.352	1.9965	1.088
46.8	29.152	1.9975	1.0873
47	28.962	1.9986	1.0867
47.2	28.775	1.9996	1.086
47.4	28.585	2.0007	1.0853
47.6	28.391	2.0017	1.0844
47.8	28.194	2.0028	1.0836
48	27.998	2.0038	1.0829
48.2	27.806	2.0049	1.0823
48.4	27.614	2.0061	1.0819
48.6	27.426	2.0072	1.0817
48.8	27.242	2.0084	1.0816
49	27.063	2.0097	1.0815
49.2	26.888	2.0109	1.0815
49.4	26.717	2.012	1.0814
49.6	26.547	2.0133	1.0815
49.8	26.377	2.0145	1.0816
50	26.204	2.0158	1.0817
50.2	26.032	2.0169	1.082
50.4	25.862	2.0182	1.0823
50.6	25.692	2.0194	1.0827
50.8	25.521	2.0205	1.0829
51	25.352	2.0216	1.083
51.2	25.187	2.0227	1.083
51.4	25.027	2.0237	1.083
51.6	24.872	2.0247	1.0829
51.8	24.721	2.0256	1.0829
52	24.569	2.0265	1.0829
52.2	24.417	2.0274	1.0829
52.4	24.264	2.0282	1.0829
52.6	24.108	2.029	1.0829
52.8	23.951	2.0297	1.0826
53	23.795	2.0304	1.0823
53.2	23.639	2.031	1.0818
53.4	23.487	2.0317	1.0812
53.6	23.34	2.0323	1.0806
53.8	23.197	2.0329	1.0799
54	23.056	2.0334	1.0791
54.2	22.917	2.0339	1.0784
54.4	22.779	2.0344	1.0777
54.6	22.64	2.0349	1.0769
54.8	22.5	2.0354	1.0761
55	22.356	2.0358	1.0753
55.2	22.21	2.0363	1.0744
55.4	22.065	2.0367	1.0736
55.6	21.924	2.0371	1.0727
55.8	21.788	2.0377	1.072
56	21.659	2.0383	1.0713
56.2	21.533	2.0389	1.0706
56.4	21.41	2.0396	1.0701
56.6	21.29	2.0403	1.0697
56.8	21.169	2.041	1.0694
57	21.045	2.0418	1.0692
57.2	20.918	2.0425	1.069
57.4	20.788	2.0433	1.069
57.6	20.659	2.0443	1.0691
57.8	20.531	2.0452	1.0692
58	20.409	2.0461	1.0693
58.2	20.295	2.0471	1.0696
58.4	20.185	2.0482	1.0699
58.6	20.075	2.0491	1.0701
58.8	19.963	2.0501	1.0703
59	19.85	2.0512	1.0707
59.2	19.736	2.0523	1.0711
59.4	19.623	2.0534	1.0715
59.6	19.51	2.0545	1.0719
59.8	19.396	2.0556	1.0724
60	19.281	2.0567	1.0727
60.2	19.166	2.0579	1.073
60.4	19.052	2.059	1.0732
60.6	18.941	2.0601	1.0732
60.8	18.834	2.0612	1.0732
61	18.731	2.0623	1.0731
61.2	18.627	2.0634	1.0729
61.4	18.525	2.0644	1.0726
61.6	18.423	2.0654	1.0723
61.8	18.318	2.0664	1.072
62	18.213	2.0673	1.0718
62.2	18.106	2.0683	1.0714
62.4	17.996	2.0692	1.0709
62.6	17.886	2.0701	1.0704
62.8	17.781	2.071	1.0698
63	17.681	2.0719	1.0693
63.2	17.587	2.0727	1.0686
63.4	17.497	2.0736	1.068
63.6	17.408	2.0744	1.0675
63.8	17.316	2.0751	1.067
64	17.223	2.0759	1.0665
64.2	17.128	2.0767	1.0662
64.4	17.032	2.0774	1.0658
64.6	16.937	2.0781	1.0656
64.8	16.842	2.0788	1.0653
65	16.75	2.0795	1.0651
65.2	16.661	2.0801	1.0649
65.4	16.576	2.0808	1.0648
65.6	16.496	2.0815	1.0647
65.8	16.416	2.082	1.0647
66	16.337	2.0826	1.0646
66.2	16.259	2.0831	1.0646
66.4	16.179	2.0836	1.0646
66.6	16.098	2.0841	1.0646
66.8	16.017	2.0847	1.0646
67	15.936	2.0852	1.0647
67.2	15.855	2.0856	1.0648
67.4	15.774	2.0861	1.0649
67.6	15.695	2.0865	1.065
67.8	15.619	2.0869	1.065
68	15.546	2.0872	1.065
68.2	15.476	2.0876	1.0649
68.4	15.407	2.0879	1.0647
68.6	15.337	2.0882	1.0644
68.8	15.267	2.0884	1.0642
69	15.195	2.0887	1.0641
69.2	15.12	2.0889	1.0639
69.4	15.045	2.0892	1.0637
69.6	14.969	2.0894	1.0635
69.8	14.892	2.0895	1.0632
70	14.819	2.0898	1.0629
70.2	14.746	2.09	1.0625
70.4	14.674	2.0901	1.0621
70.6	14.606	2.0902	1.0617
70.8	14.539	2.0904	1.0613
71	14.473	2.0904	1.0608
71.2	14.407	2.0905	1.0604
71.4	14.34	2.0905	1.06
71.6	14.268	2.0904	1.0595
71.8	14.193	2.0903	1.0589
72	14.117	2.0903	1.0585
72.2	14.043	2.0903	1.0579
72.4	13.97	2.0902	1.0574
72.6	13.9	2.09	1.0568
72.8	13.834	2.0899	1.0562
73	13.771	2.0897	1.0556
73.2	13.71	2.0895	1.055
73.4	13.646	2.0893	1.0543
73.6	13.581	2.089	1.0537
73.8	13.515	2.0887	1.0531
74	13.449	2.0884	1.0525
74.2	13.383	2.0881	1.052
74.4	13.318	2.0878	1.0515
74.6	13.254	2.0875	1.0511
74.8	13.19	2.0871	1.0507
75	13.127	2.0868	1.0503
75.2	13.066	2.0864	1.0499
75.4	13.006	2.086	1.0495
75.6	12.95	2.0856	1.0491
75.8	12.895	2.0853	1.0487
76	12.84	2.0849	1.0484
76.2	12.788	2.0845	1.0481
76.4	12.734	2.0842	1.048
76.6	12.678	2.0838	1.048
76.8	12.622	2.0834	1.0481
77	12.565	2.0831	1.0482
77.2	12.508	2.0827	1.0483
77.4	12.452	2.0824	1.0485
77.6	12.397	2.0819	1.0486
77.8	12.346	2.0817	1.0487
78	12.298	2.0813	1.0489
78.2	12.25	2.0809	1.049
78.4	12.205	2.0806	1.0491
78.6	12.16	2.0801	1.0491
78.8	12.113	2.0796	1.0491
79	12.065	2.0792	1.0492
79.2	12.015	2.0787	1.0492
79.4	11.961	2.0781	1.0491
79.6	11.907	2.0775	1.049
79.8	11.856	2.077	1.049
80	11.805	2.0764	1.0488
80.2	11.757	2.0757	1.0485
80.4	11.71	2.075	1.0482
80.6	11.665	2.0741	1.0478
80.8	11.622	2.0733	1.0473
81	11.577	2.0724	1.0468
81.2	11.529	2.0713	1.0462
81.4	11.48	2.0703	1.0456
81.6	11.431	2.0692	1.045
81.8	11.381	2.0681	1.0444
82	11.333	2.0669	1.0437
82.2	11.285	2.0658	1.043
82.4	11.237	2.0645	1.0423
82.6	11.19	2.0633	1.0415
82.8	11.145	2.062	1.0407
83	11.101	2.0608	1.0399
83.2	11.057	2.0595	1.0391
83.4	11.015	2.0582	1.0383
83.6	10.974	2.057	1.0377
83.8	10.934	2.0557	1.0373
84	10.893	2.0544	1.0369
84.2	10.851	2.0532	1.0367
84.4	10.809	2.052	1.0367
84.6	10.764	2.0508	1.0366
84.8	10.719	2.0496	1.0365
85	10.676	2.0485	1.0364
85.2	10.635	2.0474	1.0364
85.4	10.595	2.0464	1.0364
85.6	10.558	2.0454	1.0364
85.8	10.524	2.0445	1.0365
86	10.489	2.0435	1.0367
86.2	10.453	2.0426	1.0368
86.4	10.416	2.0417	1.0369
86.6	10.379	2.041	1.0372
86.8	10.341	2.0402	1.0373
87	10.301	2.0395	1.0375
87.2	10.261	2.0388	1.0376
87.4	10.223	2.0381	1.0377
87.6	10.185	2.0375	1.0378
87.8	10.147	2.0369	1.0378
88	10.11	2.0362	1.0377
88.2	10.075	2.0356	1.0376
88.4	10.041	2.035	1.0375
88.6	10.005	2.0343	1.0372
88.8	9.9694	2.0336	1.0368
89	9.9332	2.0329	1.0364
89.2	9.8971	2.0322	1.036
89.4	9.8606	2.0315	1.0356
89.6	9.8231	2.0307	1.0351
89.8	9.7866	2.03	1.0347
90	9.7513	2.0292	1.0341
90.2	9.715	2.0283	1.0335
90.4	9.6794	2.0273	1.0328
90.6	9.6456	2.0264	1.0322
90.8	9.6121	2.0255	1.0316
91	9.5776	2.0244	1.031
91.2	9.5442	2.0234	1.0305
91.4	9.5119	2.0223	1.0302
91.6	9.4808	2.0213	1.0299
91.8	9.4497	2.0202	1.0297
92	9.4173	2.019	1.0296
92.2	9.3851	2.0179	1.0295
92.4	9.3529	2.0167	1.0294
92.6	9.32	2.0156	1.0293
92.8	9.2873	2.0144	1.0293
93	9.2555	2.0132	1.0293
93.2	9.225	2.012	1.0293
93.4	9.1962	2.0109	1.0294
93.6	9.1685	2.0097	1.0295
93.8	9.1413	2.0086	1.0297
94	9.1132	2.0075	1.0298
94.2	9.0856	2.0064	1.0299
94.4	9.059	2.0054	1.0301
94.6	9.0314	2.0044	1.0304
94.8	9.0032	2.0035	1.0306
95	8.9759	2.0026	1.0308
95.2	8.9498	2.0019	1.0311
95.4	8.9229	2.0011	1.0313
95.6	8.8961	2.0004	1.0315
95.8	8.8699	1.9998	1.0315
96	8.8447	1.9992	1.0316
96.2	8.8203	1.9987	1.0315
96.4	8.7952	1.9981	1.0314
96.6	8.7711	1.9976	1.0313
96.8	8.7496	1.9973	1.0312
97	8.7281	1.997	1.0312
97.2	8.7047	1.9967	1.0311
97.4	8.6805	1.9964	1.0309
97.6	8.656	1.9962	1.0307
97.8	8.6304	1.996	1.0304
98	8.6038	1.9958	1.03
98.2	8.5772	1.9956	1.0297
98.4	8.5524	1.9955	1.0294
98.6	8.5283	1.9954	1.0291
98.8	8.5045	1.9954	1.0289
99	8.4817	1.9953	1.0287
99.2	8.4585	1.9952	1.0285
99.4	8.4356	1.9951	1.0283
99.6	8.4117	1.9949	1.0281
99.8	8.3866	1.9948	1.0279
100	8.3611	1.9946	1.0276
100.2	8.3354	1.9944	1.0273
100.4	8.3089	1.9942	1.027
100.6	8.2821	1.994	1.0266
100.8	8.255	1.9937	1.0262
101	8.2283	1.9933	1.0257
101.2	8.2023	1.993	1.0253
101.4	8.1771	1.9926	1.0249
101.6	8.1519	1.9922	1.0245
101.8	8.1274	1.9918	1.0242
102	8.1032	1.9914	1.0239
102.2	8.08	1.991	1.0236
102.4	8.0571	1.9906	1.0235
102.6	8.033	1.9902	1.0232
102.8	8.0084	1.9898	1.023
103	7.9848	1.9894	1.0228
103.2	7.9613	1.9891	1.0226
103.4	7.9366	1.9887	1.0223
103.6	7.9136	1.9885	1.0221
103.8	7.8916	1.9882	1.0219
104	7.8701	1.988	1.0218
104.2	7.849	1.9878	1.0216
104.4	7.8296	1.9877	1.0216
104.6	7.8111	1.9877	1.0216
104.8	7.7917	1.9877	1.0216
105	7.7708	1.9877	1.0214
105.2	7.7506	1.9878	1.0213
105.4	7.7307	1.9881	1.0212
105.6	7.7093	1.9884	1.0211
105.8	7.6877	1.9887	1.0209
106	7.668	1.9892	1.0208
106.2	7.6483	1.9897	1.0208
106.4	7.6291	1.9902	1.0207
106.6	7.6115	1.9909	1.0207
106.8	7.5933	1.9915	1.0205
107	7.5748	1.9921	1.0203
107.2	7.5567	1.9928	1.0201
107.4	7.54	1.9936	1.0198
107.6	7.5219	1.9944	1.0195
107.8	7.5045	1.9953	1.0192
108	7.4871	1.9961	1.0189
108.2	7.4698	1.997	1.0185
108.4	7.4511	1.9978	1.0181
108.6	7.4332	1.9986	1.0178
108.8	7.4145	1.9994	1.0174
109	7.3951	2.0001	1.0171
109.2	7.376	2.0009	1.0168
109.4	7.3587	2.0016	1.0166
109.6	7.3411	2.0024	1.0164
109.8	7.3236	2.003	1.0161
110	7.3066	2.0036	1.0159
110.2	7.2911	2.0042	1.0158
110.4	7.2757	2.0048	1.0157
110.6	7.2584	2.0053	1.0155
110.8	7.2417	2.0058	1.0153
111	7.2249	2.0063	1.0153
111.2	7.2063	2.0067	1.0151
111.4	7.1883	2.0071	1.0151
111.6	7.1719	2.0076	1.0151
111.8	7.1542	2.008	1.0151
112	7.1366	2.0084	1.0151
112.2	7.1208	2.0088	1.0151
112.4	7.1051	2.0092	1.0151
112.6	7.0876	2.0095	1.015
112.8	7.0697	2.0098	1.0149
113	7.0539	2.0102	1.0148
113.2	7.0384	2.0107	1.0147
113.4	7.0216	2.0111	1.0145
113.6	7.0039	2.0115	1.0144
113.8	6.9871	2.0119	1.0142
114	6.9708	2.0125	1.0141
114.2	6.9533	2.013	1.0139
114.4	6.9361	2.0135	1.0137
114.6	6.9192	2.0141	1.0134
114.8	6.9017	2.0148	1.0131
115	6.8847	2.0155	1.0127
115.2	6.8691	2.0163	1.0123
115.4	6.8542	2.0171	1.012
115.6	6.8389	2.018	1.0116
115.8	6.8234	2.0189	1.0113
116	6.8071	2.0198	1.011
116.2	6.7911	2.0207	1.0107
116.4	6.774	2.0216	1.0105
116.6	6.7571	2.0225	1.0102
116.8	6.7391	2.0235	1.01
117	6.7214	2.0244	1.0097
117.2	6.7044	2.0255	1.0095
117.4	6.6879	2.0266	1.0092
117.6	6.671	2.0276	1.009
117.8	6.6555	2.0286	1.0088
118	6.6403	2.0298	1.0087
118.2	6.625	2.0308	1.0085
118.4	6.6099	2.0318	1.0083
118.6	6.595	2.0329	1.0082
118.8	6.5804	2.034	1.0081
119	6.5648	2.0351	1.008
119.2	6.5501	2.0362	1.0079
119.4	6.5361	2.0372	1.0079
119.6	6.521	2.0382	1.0078
119.8	6.506	2.0392	1.0077
120	6.4916	2.0401	1.0077
120.2	6.4779	2.0411	1.0076
120.4	6.4637	2.0419	1.0075
120.6	6.4502	2.0427	1.0073
120.8	6.4372	2.0436	1.0072
121	6.4243	2.0444	1.007
121.2	6.4114	2.0452	1.0069
121.4	6.3986	2.046	1.0068
121.6	6.3855	2.0467	1.0067
121.8	6.3721	2.0475	1.0065
122	6.3597	2.0482	1.0065
122.2	6.3464	2.0489	1.0063
122.4	6.3331	2.0496	1.0061
122.6	6.3204	2.0503	1.006
122.8	6.3088	2.0509	1.0059
123	6.2971	2.0515	1.0058
123.2	6.2861	2.0522	1.0057
123.4	6.2751	2.0528	1.0057
123.6	6.2631	2.0534	1.0057
123.8	6.2512	2.0539	1.0057
124	6.2399	2.0545	1.0057
124.2	6.2283	2.0551	1.0057
124.4	6.2167	2.0557	1.0056
124.6	6.2055	2.0563	1.0056
124.8	6.1939	2.057	1.0056
125	6.1825	2.0576	1.0055
125.2	6.1714	2.0582	1.0054
125.4	6.1598	2.0589	1.0053
125.6	6.1487	2.0595	1.0052
125.8	6.1382	2.0602	1.0051
126	6.1276	2.0609	1.0049
126.2	6.1176	2.0617	1.0048
126.4	6.1093	2.0624	1.0047
126.6	6.1012	2.0633	1.0046
126.8	6.0923	2.0641	1.0045
127	6.0834	2.0649	1.0043
127.2	6.0753	2.0657	1.0042
127.4	6.0678	2.0666	1.004
127.6	6.0596	2.0675	1.0039
127.8	6.0514	2.0685	1.0037
128	6.0435	2.0695	1.0035
128.2	6.036	2.0704	1.0033
128.4	6.0271	2.0713	1.0031
128.6	6.0185	2.0723	1.003
128.8	6.0103	2.0732	1.0029
129	6.0024	2.0742	1.0028
129.2	5.9946	2.0751	1.0028
129.4	5.9874	2.0761	1.0029
129.6	5.9798	2.0771	1.0028
129.8	5.9715	2.0779	1.0028
130	5.9637	2.0788	1.0028
130.2	5.9553	2.0797	1.0027
130.4	5.9466	2.0804	1.0027
130.6	5.9385	2.0813	1.0028
130.8	5.93	2.082	1.0028
131	5.9194	2.0827	1.0028
131.2	5.9091	2.0833	1.0029
131.4	5.8994	2.084	1.0029
131.6	5.8893	2.0847	1.0029
131.8	5.8795	2.0853	1.0029
132	5.8699	2.0859	1.0029
132.2	5.8596	2.0865	1.0027
132.4	5.8501	2.087	1.0026
132.6	5.8407	2.0875	1.0024
132.8	5.831	2.0879	1.0021
133	5.8218	2.0883	1.0019
133.2	5.8123	2.0887	1.0016
133.4	5.8017	2.089	1.0013
133.6	5.7924	2.0894	1.001
133.8	5.7838	2.0897	1.0006
134	5.7737	2.0901	1.0002
134.2	5.7645	2.0903	0.99978
134.4	5.7571	2.0906	0.99932
134.6	5.749	2.0909	0.99876
134.8	5.7401	2.091	0.99813
135	5.7314	2.0912	0.99748
135.2	5.7239	2.0914	0.99687
135.4	5.7157	2.0916	0.99625
135.6	5.7065	2.0916	0.99568
135.8	5.6989	2.0917	0.99533
136	5.6921	2.0918	0.99511
136.2	5.6841	2.0917	0.99504
136.4	5.6768	2.0916	0.99526
136.6	5.6714	2.0916	0.99587
136.8	5.6639	2.0915	0.99678
137	5.6552	2.0913	0.99803
137.2	5.6469	2.091	0.99974
137.4	5.6393	2.0908	1.0019
137.6	5.6311	2.0905	1.0044
137.8	5.6233	2.0901	1.0074
138	5.6169	2.0897	1.0108
138.2	5.6105	2.0893	1.0147
138.4	5.6032	2.0888	1.0191
138.6	5.5956	2.0884	1.024
138.8	5.5866	2.0878	1.0292
139	5.5775	2.0873	1.0349
139.2	5.5696	2.0868	1.0408
139.4	5.5622	2.0862	1.0469
139.6	5.5543	2.0856	1.0533
139.8	5.5461	2.085	1.0599
140	5.5387	2.0843	1.0669
140.2	5.5307	2.0837	1.0741
140.4	5.5224	2.0831	1.0816
140.6	5.5137	2.0825	1.089
140.8	5.5049	2.0819	1.0965
141	5.4964	2.0813	1.104
141.2	5.4872	2.0806	1.1116
141.4	5.4785	2.08	1.119
141.6	5.4706	2.0794	1.126
141.8	5.4605	2.0788	1.1323
142	5.4486	2.0782	1.138
142.2	5.4381	2.0776	1.1436
142.4	5.4274	2.0771	1.1495
142.6	5.4153	2.0765	1.1562
142.8	5.4038	2.0759	1.1641
143	5.3931	2.0754	1.1732
143.2	5.3823	2.0748	1.1833
143.4	5.3701	2.0742	1.1938
143.6	5.3576	2.0736	1.2043
143.8	5.3456	2.0731	1.2146
144	5.333	2.0724	1.224
144.2	5.3189	2.0718	1.2327
144.4	5.3067	2.0712	1.2406
144.6	5.2951	2.0705	1.2473
144.8	5.2817	2.0698	1.2524
145	5.2681	2.0691	1.2551
145.2	5.2557	2.0684	1.2547
145.4	5.2425	2.0677	1.2518
145.6	5.2293	2.0669	1.2478
145.8	5.2171	2.066	1.244
146	5.205	2.0652	1.2414
146.2	5.1929	2.0644	1.2404
146.4	5.1799	2.0636	1.2409
146.6	5.166	2.0626	1.2427
146.8	5.1521	2.0617	1.2452
147	5.1392	2.0608	1.2484
147.2	5.1259	2.0598	1.2523
147.4	5.113	2.0589	1.2567
147.6	5.1007	2.0579	1.2612
147.8	5.0887	2.057	1.2652
148	5.0766	2.056	1.2681
148.2	5.064	2.0551	1.2697
148.4	5.0506	2.0542	1.2701
148.6	5.0383	2.0533	1.2699
148.8	5.0264	2.0525	1.2696
149	5.0139	2.0516	1.2697
149.2	5.0002	2.0506	1.2702
149.4	4.987	2.0498	1.2713
149.6	4.9745	2.049	1.2731
149.8	4.9611	2.0482	1.2758
150	4.9476	2.0474	1.2802
150.2	4.9339	2.0466	1.2864
150.4	4.9205	2.0457	1.2945
150.6	4.9069	2.0449	1.3037
150.8	4.8933	2.0442	1.3133
151	4.8792	2.0434	1.3223
151.2	4.8645	2.0427	1.3301
151.4	4.8493	2.0419	1.3363
151.6	4.8346	2.0411	1.3409
151.8	4.8212	2.0404	1.3441
152	4.8076	2.0397	1.3459
152.2	4.7918	2.0389	1.3463
152.4	4.7767	2.0381	1.3456
152.6	4.7623	2.0374	1.3436
152.8	4.7474	2.0367	1.3403
153	4.7308	2.0359	1.3359
153.2	4.7144	2.0352	1.3318
153.4	4.6984	2.0344	1.3297
153.6	4.6837	2.0337	1.3306
153.8	4.6689	2.0329	1.3339
154	4.6534	2.0323	1.3385
154.2	4.6372	2.0315	1.3435
154.4	4.6199	2.0307	1.3486
154.6	4.604	2.03	1.3538
154.8	4.5896	2.0294	1.3591
155	4.5749	2.0287	1.3642
155.2	4.5594	2.0281	1.3686
155.4	4.5448	2.0274	1.3718
155.6	4.5298	2.0268	1.374
155.8	4.5135	2.0261	1.3754
156	4.4974	2.0255	1.3762
156.2	4.4815	2.025	1.3765
156.4	4.4647	2.0244	1.3767
156.6	4.4504	2.0239	1.3775
156.8	4.4361	2.0234	1.3791
157	4.4216	2.0229	1.3818
157.2	4.4064	2.0223	1.3847
157.4	4.3927	2.0219	1.3872
157.6	4.3792	2.0214	1.3894
157.8	4.3633	2.0209	1.3914
158	4.3478	2.0205	1.3937
158.2	4.332	2.02	1.3957
158.4	4.3167	2.0195	1.3967
158.6	4.3016	2.019	1.3969
158.8	4.2865	2.0185	1.3965
159	4.2716	2.0181	1.396
159.2	4.2551	2.0175	1.3955
159.4	4.2383	2.0169	1.3945
159.6	4.2234	2.0164	1.3931
159.8	4.2084	2.0159	1.3917
160	4.1915	2.0153	1.3911
160.2	4.1737	2.0146	1.3915
160.4	4.1586	2.014	1.3924
160.6	4.1441	2.0135	1.3932
160.8	4.127	2.0128	1.3932
161	4.1089	2.0122	1.3924
161.2	4.0909	2.0115	1.3917
161.4	4.0743	2.0109	1.3915
161.6	4.0576	2.0102	1.3916
161.8	4.04	2.0096	1.3917
162	4.0224	2.0089	1.3919
162.2	4.0048	2.0082	1.3922
162.4	3.9871	2.0075	1.3931
162.6	3.9706	2.0069	1.3943
162.8	3.9537	2.0063	1.3953
163	3.9368	2.0057	1.3964
163.2	3.9188	2.005	1.3975
163.4	3.9013	2.0044	1.3989
163.6	3.8842	2.0038	1.4008
163.8	3.8662	2.0033	1.4025
164	3.8482	2.0027	1.4035
164.2	3.8289	2.0022	1.404
164.4	3.8103	2.0017	1.4045
164.6	3.7935	2.0013	1.405
164.8	3.7746	2.0008	1.4055
165	3.7555	2.0004	1.4062
165.2	3.7367	2	1.4067
165.4	3.7185	1.9996	1.4074
165.6	3.6999	1.9992	1.4085
165.8	3.6806	1.9989	1.4095
166	3.6635	1.9986	1.41
166.2	3.6445	1.9982	1.4097
166.4	3.626	1.9979	1.4088
166.6	3.6091	1.9977	1.4079
166.8	3.5914	1.9974	1.407
167	3.5732	1.9972	1.4056
167.2	3.5539	1.9969	1.4037
167.4	3.5357	1.9967	1.4012
167.6	3.5176	1.9965	1.3987
167.8	3.4986	1.9963	1.3963
168	3.4802	1.9961	1.3942
168.2	3.4628	1.996	1.3918
168.4	3.4454	1.9959	1.389
168.6	3.4279	1.9957	1.3862
168.8	3.411	1.9956	1.3838
169	3.3953	1.9955	1.3823
169.2	3.3786	1.9954	1.3825
169.4	3.3623	1.9953	1.3843
169.6	3.3466	1.9953	1.3867
169.8	3.3299	1.9952	1.3895
170	3.314	1.9952	1.393
170.2	3.2974	1.9951	1.3982
170.4	3.2804	1.9952	1.4056
170.6	3.2657	1.9953	1.4155
170.8	3.2511	1.9954	1.4274
171	3.2351	1.9955	1.4409
171.2	3.2167	1.9955	1.4554
171.4	3.1997	1.9955	1.4711
171.6	3.1846	1.9957	1.4883
171.8	3.1688	1.9958	1.5065
172	3.1531	1.996	1.5259
172.2	3.137	1.9962	1.5464
172.4	3.1219	1.9963	1.5672
172.6	3.108	1.9966	1.5884
172.8	3.0927	1.9968	1.6107
173	3.0768	1.9969	1.6344
173.2	3.06	1.9971	1.6592
173.4	3.0431	1.9973	1.6845
173.6	3.0269	1.9975	1.7091
173.8	3.0101	1.9977	1.732
174	2.9944	1.9979	1.754
174.2	2.9773	1.9981	1.7759
174.4	2.9606	1.9983	1.7984
174.6	2.9452	1.9986	1.8213
174.8	2.9301	1.9988	1.8441
175	2.9139	1.9991	1.8665
175.2	2.8969	1.9994	1.8885
175.4	2.8817	1.9996	1.91
175.6	2.8683	2	1.9312
175.8	2.8546	2.0004	1.9521
176	2.8408	2.0008	1.9729
176.2	2.8276	2.0013	1.9933
176.4	2.8131	2.0017	2.0132
176.6	2.7991	2.0022	2.0323
176.8	2.7857	2.0027	2.0512
177	2.7722	2.0033	2.0704
177.2	2.757	2.0038	2.0896
177.4	2.7423	2.0044	2.1082
177.6	2.7303	2.0051	2.1264
177.8	2.7184	2.0059	2.145
178	2.7065	2.0066	2.1645
178.2	2.6933	2.0074	2.1848
178.4	2.6824	2.0082	2.2055
178.6	2.6747	2.0092	2.2257
178.8	2.6639	2.0101	2.2444
179	2.6521	2.0109	2.2619
179.2	2.6415	2.0119	2.2788
179.4	2.6333	2.013	2.2952
179.6	2.6255	2.0141	2.3111
179.8	2.6159	2.0151	2.3257
180	2.6069	2.0162	2.339
180.2	2.5982	2.0173	2.3513
180.4	2.5888	2.0184	2.3628
180.6	2.5804	2.0196	2.3743
180.8	2.5722	2.0208	2.3864
181	2.5643	2.0219	2.3983
181.2	2.5567	2.023	2.4091
181.4	2.5494	2.0242	2.4186
181.6	2.5429	2.0253	2.4269
181.8	2.5361	2.0264	2.4349
182	2.5309	2.0276	2.4439
182.2	2.5236	2.0286	2.4538
182.4	2.5161	2.0296	2.4636
182.6	2.5113	2.0307	2.4726
182.8	2.5057	2.0318	2.4804
183	2.4977	2.0327	2.4874
183.2	2.4902	2.0336	2.4946
183.4	2.4854	2.0346	2.502
183.6	2.4802	2.0356	2.5091
183.8	2.4736	2.0365	2.5148
184	2.4698	2.0375	2.5191
184.2	2.4651	2.0383	2.5221
184.4	2.4587	2.0391	2.5243
184.6	2.4548	2.04	2.5262
184.8	2.4529	2.0408	2.528
185	2.4493	2.0416	2.5291
185.2	2.4443	2.0423	2.5289
185.4	2.4409	2.0431	2.5277
185.6	2.4396	2.044	2.5263
185.8	2.4365	2.0447	2.5246
186	2.433	2.0455	2.5227
186.2	2.4302	2.0462	2.5204
186.4	2.4285	2.047	2.5173
186.6	2.4261	2.0478	2.513
186.8	2.4229	2.0485	2.5076
187	2.4223	2.0493	2.5016
187.2	2.421	2.0501	2.4953
187.4	2.4198	2.0508	2.4888
187.6	2.4202	2.0517	2.482
187.8	2.4212	2.0525	2.475
188	2.4218	2.0534	2.4683
188.2	2.4212	2.0541	2.4622
188.4	2.4218	2.0549	2.4568
188.6	2.4242	2.0558	2.4519
188.8	2.4264	2.0566	2.447
189	2.4278	2.0574	2.4421
189.2	2.429	2.0581	2.4377
189.4	2.4306	2.0589	2.4341
189.6	2.4337	2.0597	2.4313
189.8	2.4376	2.0605	2.4289
190	2.441	2.0613	2.4267
190.2	2.4411	2.062	2.4244
190.4	2.4426	2.0628	2.4221
190.6	2.4466	2.0636	2.4203
190.8	2.4486	2.0643	2.4189
191	2.4507	2.0649	2.4183
191.2	2.4548	2.0657	2.418
191.4	2.4599	2.0664	2.4175
191.6	2.4628	2.067	2.4165
191.8	2.4656	2.0676	2.4151
192	2.4699	2.0683	2.4135
192.2	2.472	2.0689	2.4116
192.4	2.4742	2.0694	2.4094
192.6	2.4784	2.0699	2.4073
192.8	2.4816	2.0705	2.4051
193	2.4833	2.0709	2.4029
193.2	2.4843	2.0713	2.4006
193.4	2.4863	2.0718	2.3983
193.6	2.4903	2.0723	2.3962
193.8	2.4933	2.0727	2.3941
194	2.4951	2.073	2.3919
194.2	2.4961	2.0732	2.3895
194.4	2.4984	2.0735	2.3869
194.6	2.5027	2.0738	2.384
194.8	2.5065	2.0741	2.3808
195	2.5097	2.0743	2.3778
195.2	2.5124	2.0744	2.3749
195.4	2.5151	2.0746	2.3724
195.6	2.5176	2.0748	2.3704
195.8	2.5197	2.0748	2.3689
196	2.5214	2.0749	2.3682
196.2	2.5225	2.0749	2.368
196.4	2.5236	2.075	2.3683
196.6	2.525	2.075	2.3691
196.8	2.5268	2.075	2.3705
197	2.5293	2.075	2.3724
197.2	2.532	2.075	2.3747
197.4	2.5344	2.075	2.3773
197.6	2.5381	2.0752	2.3805
197.8	2.5416	2.0753	2.3839
198	2.5439	2.0753	2.3877
198.2	2.5453	2.0754	2.3917
198.4	2.5483	2.0755	2.3959
198.6	2.5524	2.0757	2.4003
198.8	2.5548	2.0758	2.4047
199	2.5577	2.076	2.4093
199.2	2.5606	2.0762	2.4142
199.4	2.5628	2.0764	2.419
199.6	2.5647	2.0766	2.4238
199.8	2.568	2.077	2.4284
200	2.5721	2.0773	2.4327
200.2	2.5748	2.0776	2.4369
200.4	2.5783	2.078	2.4411
200.6	2.5833	2.0784	2.4452
200.8	2.5871	2.0788	2.449
201	2.5912	2.0793	2.4523
201.2	2.5951	2.0797	2.4551
201.4	2.5998	2.0801	2.4578
201.6	2.6056	2.0806	2.4606
201.8	2.6093	2.0811	2.4634
202	2.6125	2.0814	2.4659
202.2	2.6166	2.0818	2.4684
202.4	2.6219	2.0823	2.4708
202.6	2.6272	2.0827	2.4731
202.8	2.63	2.083	2.4753
203	2.6333	2.0833	2.4774
203.2	2.636	2.0836	2.4796
203.4	2.6378	2.0837	2.4816
203.6	2.6411	2.0839	2.4834
203.8	2.6456	2.0841	2.4848
204	2.649	2.0842	2.4856
204.2	2.6507	2.0842	2.4857
204.4	2.6534	2.0841	2.4854
204.6	2.6581	2.0841	2.485
204.8	2.6618	2.084	2.4843
205	2.6653	2.0838	2.4835
205.2	2.6682	2.0836	2.4831
205.4	2.6704	2.0833	2.4831
205.6	2.6732	2.0831	2.4835
205.8	2.6753	2.0827	2.4839
206	2.6773	2.0824	2.4841
206.2	2.6779	2.0819	2.4839
206.4	2.6789	2.0814	2.4833
206.6	2.681	2.0809	2.4825
206.8	2.6829	2.0805	2.4815
207	2.6857	2.0799	2.4804
207.2	2.6877	2.0794	2.4787
207.4	2.6889	2.0788	2.4765
207.6	2.6904	2.0783	2.4741
207.8	2.6918	2.0777	2.4715
208	2.6929	2.0772	2.4685
208.2	2.6933	2.0766	2.465
208.4	2.6941	2.076	2.4616
208.6	2.6956	2.0756	2.4582
208.8	2.6964	2.075	2.4552
209	2.6982	2.0745	2.4528
209.2	2.6994	2.074	2.4506
209.4	2.7	2.0735	2.4485
209.6	2.7009	2.073	2.4464
209.8	2.7011	2.0725	2.4447
210	2.7024	2.072	2.4438
210.2	2.7036	2.0716	2.4434
210.4	2.7036	2.071	2.4432
210.6	2.7043	2.0705	2.4424
210.8	2.7059	2.0701	2.4408
211	2.7079	2.0696	2.4388
211.2	2.7077	2.0691	2.4365
211.4	2.7083	2.0686	2.4338
211.6	2.7108	2.0683	2.431
211.8	2.7121	2.0679	2.428
212	2.7122	2.0674	2.4248
212.2	2.7116	2.0669	2.4217
212.4	2.712	2.0664	2.4191
212.6	2.714	2.066	2.4169
212.8	2.7145	2.0655	2.4152
213	2.7147	2.065	2.4138
213.2	2.7146	2.0645	2.4126
213.4	2.7154	2.064	2.4115
213.6	2.7161	2.0636	2.4102
213.8	2.7154	2.063	2.4082
214	2.7148	2.0624	2.4057
214.2	2.7136	2.0618	2.4029
214.4	2.7122	2.0612	2.4
214.6	2.7109	2.0606	2.3974
214.8	2.7094	2.06	2.3949
215	2.7067	2.0594	2.3924
215.2	2.7025	2.0586	2.3898
215.4	2.6989	2.0579	2.3873
215.6	2.6969	2.0573	2.3849
215.8	2.6943	2.0566	2.3828
216	2.6913	2.0559	2.3811
216.2	2.6889	2.0551	2.38
216.4	2.686	2.0544	2.3797
216.6	2.6834	2.0536	2.3799
216.8	2.6811	2.0528	2.3803
217	2.6796	2.052	2.3809
217.2	2.676	2.0511	2.3815
217.4	2.6714	2.0502	2.3826
217.6	2.668	2.0493	2.3844
217.8	2.665	2.0484	2.3867
218	2.662	2.0474	2.389
218.2	2.6566	2.0464	2.3907
218.4	2.6512	2.0454	2.392
218.6	2.6485	2.0444	2.3929
218.8	2.6448	2.0434	2.3936
219	2.6397	2.0424	2.3944
219.2	2.6351	2.0413	2.3952
219.4	2.6312	2.0403	2.396
219.6	2.628	2.0393	2.3968
219.8	2.6239	2.0383	2.3972
220	2.6202	2.0372	2.3975
220.2	2.6163	2.0362	2.3976
220.4	2.6135	2.0352	2.3976
220.6	2.6119	2.0343	2.3975
220.8	2.6083	2.0333	2.3968
221	2.605	2.0323	2.3957
221.2	2.6019	2.0315	2.3941
221.4	2.598	2.0306	2.392
221.6	2.5934	2.0297	2.3893
221.8	2.5892	2.0288	2.3864
222	2.5864	2.028	2.3832
222.2	2.582	2.0272	2.3798
222.4	2.5773	2.0264	2.3764
222.6	2.5751	2.0257	2.3731
222.8	2.5727	2.025	2.3698
223	2.5694	2.0243	2.3665
223.2	2.5664	2.0236	2.3631
223.4	2.5643	2.0229	2.36
223.6	2.5625	2.0223	2.357
223.8	2.5594	2.0217	2.3544
224	2.5572	2.0211	2.3522
224.2	2.555	2.0205	2.3501
224.4	2.5508	2.0198	2.3481
224.6	2.5483	2.0192	2.3462
224.8	2.5464	2.0186	2.3445
225	2.5432	2.018	2.343
225.2	2.5377	2.0173	2.3418
225.4	2.5344	2.0167	2.3411
225.6	2.5331	2.0162	2.3409
225.8	2.5299	2.0155	2.3408
226	2.5263	2.0148	2.341
226.2	2.5231	2.0142	2.3415
226.4	2.5202	2.0136	2.3426
226.6	2.517	2.0129	2.344
226.8	2.5133	2.0122	2.3461
227	2.511	2.0116	2.349
227.2	2.5065	2.0109	2.3523
227.4	2.5007	2.0101	2.3559
227.6	2.4979	2.0095	2.3598
227.8	2.4952	2.009	2.3639
228	2.4907	2.0083	2.3679
228.2	2.4866	2.0076	2.3718
228.4	2.4837	2.007	2.3755
228.6	2.4804	2.0064	2.3788
228.8	2.4771	2.0059	2.3815
229	2.4747	2.0053	2.3836
229.2	2.472	2.0048	2.385
229.4	2.4694	2.0043	2.3859
229.6	2.4678	2.0039	2.3862
229.8	2.4656	2.0034	2.3864
230	2.4634	2.003	2.3865
230.2	2.461	2.0026	2.3867
230.4	2.4588	2.0023	2.3871
230.6	2.4569	2.002	2.3875
230.8	2.4543	2.0017	2.3878
231	2.4516	2.0014	2.388
231.2	2.449	2.0012	2.3883
231.4	2.4471	2.001	2.3885
231.6	2.4453	2.0009	2.3885
231.8	2.4427	2.0007	2.3879
232	2.4411	2.0006	2.3869
232.2	2.44	2.0005	2.3854
232.4	2.439	2.0004	2.3838
232.6	2.44	2.0004	2.382
232.8	2.4403	2.0004	2.3804
233	2.4404	2.0004	2.3787
233.2	2.4411	2.0005	2.3772
233.4	2.4432	2.0006	2.3759
233.6	2.444	2.0007	2.3749
233.8	2.4437	2.0007	2.3743
234	2.4452	2.0008	2.3746
234.2	2.4465	2.0009	2.3754
234.4	2.446	2.0009	2.3767
234.6	2.4464	2.001	2.3787
234.8	2.4479	2.0012	2.3814
235	2.4492	2.0013	2.3843
235.2	2.4489	2.0013	2.3873
235.4	2.4502	2.0013	2.3903
235.6	2.4529	2.0015	2.3933
235.8	2.4538	2.0015	2.3959
236	2.4541	2.0014	2.3982
236.2	2.4556	2.0015	2.4003
236.4	2.456	2.0015	2.4019
236.6	2.4564	2.0016	2.403
236.8	2.4581	2.0016	2.4038
237	2.4589	2.0017	2.4045
237.2	2.4591	2.0018	2.4051
237.4	2.4588	2.0018	2.4062
237.6	2.4586	2.0019	2.4078
237.8	2.4587	2.002	2.4101
238	2.4594	2.0021	2.413
238.2	2.4592	2.0021	2.416
238.4	2.4582	2.0022	2.4192
238.6	2.4586	2.0023	2.4227
238.8	2.4599	2.0025	2.4263
239	2.4599	2.0027	2.4298
239.2	2.4593	2.0028	2.4333
239.4	2.4602	2.003	2.4366
239.6	2.462	2.0033	2.4398
239.8	2.4631	2.0036	2.443
240	2.4649	2.0038	2.4464
240.2	2.4673	2.0042	2.4501
240.4	2.4691	2.0046	2.4541
240.6	2.4713	2.0049	2.4581
240.8	2.4728	2.0053	2.4623
241	2.4763	2.0058	2.4665
241.2	2.4804	2.0063	2.4706
241.4	2.4835	2.0068	2.4746
241.6	2.4866	2.0073	2.4787
241.8	2.4909	2.0079	2.4828
242	2.4952	2.0084	2.4868
242.2	2.4994	2.009	2.4905
242.4	2.5036	2.0096	2.4939
242.6	2.5088	2.0103	2.4968
242.8	2.5142	2.0109	2.4994
243	2.5203	2.0115	2.5017
243.2	2.5254	2.0122	2.5037
243.4	2.5305	2.0128	2.5055
243.6	2.5353	2.0134	2.5069
243.8	2.5407	2.0141	2.5082
244	2.5466	2.0149	2.5092
244.2	2.5515	2.0156	2.5098
244.4	2.557	2.0163	2.51
244.6	2.564	2.0171	2.5102
244.8	2.571	2.0179	2.5104
245	2.5761	2.0186	2.5105
245.2	2.5807	2.0192	2.5107
245.4	2.5869	2.02	2.5111
245.6	2.5934	2.0207	2.5112
245.8	2.5984	2.0213	2.5111
246	2.6036	2.022	2.5108
246.2	2.6089	2.0227	2.5104
246.4	2.614	2.0233	2.5101
246.6	2.6186	2.024	2.5099
246.8	2.6228	2.0246	2.5099
247	2.626	2.0252	2.5104
247.2	2.6296	2.0259	2.5114
247.4	2.6349	2.0266	2.5129
247.6	2.6394	2.0273	2.5148
247.8	2.6425	2.0279	2.5168
248	2.6464	2.0285	2.519
248.2	2.6505	2.0292	2.5212
248.4	2.6535	2.0298	2.5232
248.6	2.6563	2.0304	2.5246
248.8	2.6598	2.0311	2.5253
249	2.6645	2.0319	2.5253
249.2	2.6676	2.0326	2.5245
249.4	2.6696	2.0333	2.5233
249.6	2.6731	2.034	2.5221
249.8	2.6774	2.0348	2.5208
250	2.6801	2.0356	2.5195
250.2	2.6832	2.0363	2.5185
250.4	2.687	2.0372	2.518
250.6	2.6902	2.038	2.518
250.8	2.6936	2.0388	2.5187
251	2.6978	2.0396	2.5201
251.2	2.7006	2.0405	2.5218
251.4	2.7034	2.0413	2.5238
251.6	2.7072	2.0422	2.5263
251.8	2.7114	2.0431	2.529
252	2.7142	2.044	2.5319
252.2	2.7165	2.0448	2.5348
252.4	2.7206	2.0458	2.5379
252.6	2.7243	2.0467	2.5409
252.8	2.7269	2.0475	2.544
253	2.7301	2.0484	2.547
253.2	2.7339	2.0493	2.5502
253.4	2.7382	2.0502	2.5535
253.6	2.741	2.051	2.5568
253.8	2.7439	2.0518	2.5602
254	2.7476	2.0526	2.5639
254.2	2.7511	2.0534	2.5678
254.4	2.7549	2.0542	2.572
254.6	2.7573	2.0549	2.5766
254.8	2.7594	2.0555	2.5816
255	2.7636	2.0563	2.5868
255.2	2.7677	2.057	2.5917
255.4	2.7692	2.0575	2.5961
255.6	2.7699	2.0579	2.5999
255.8	2.7712	2.0585	2.6032
256	2.773	2.059	2.6059
256.2	2.7739	2.0595	2.6079
256.4	2.7744	2.0598	2.6093
256.6	2.7754	2.0603	2.6101
256.8	2.7768	2.0607	2.6104
257	2.7769	2.061	2.6104
257.2	2.7763	2.0614	2.6102
257.4	2.7767	2.0617	2.61
257.6	2.7781	2.0622	2.61
257.8	2.7778	2.0625	2.6099
258	2.7752	2.0628	2.6099
258.2	2.7746	2.0632	2.61
258.4	2.7748	2.0636	2.6102
258.6	2.7729	2.064	2.6101
258.8	2.7712	2.0643	2.61
259	2.7701	2.0647	2.6102
259.2	2.7678	2.0651	2.6106
259.4	2.7655	2.0656	2.6113
259.6	2.7651	2.0661	2.6123
259.8	2.7652	2.0666	2.6132
260	2.7633	2.0671	2.6137
260.2	2.7619	2.0677	2.614
260.4	2.7618	2.0683	2.6141
260.6	2.761	2.0689	2.6139
260.8	2.7599	2.0695	2.6135
261	2.7603	2.0702	2.6128
261.2	2.7597	2.0709	2.6117
261.4	2.7584	2.0715	2.6102
261.6	2.7578	2.0722	2.6085
261.8	2.7582	2.0729	2.6068
262	2.7581	2.0736	2.6053
262.2	2.7576	2.0742	2.6039
262.4	2.7572	2.0748	2.6028
262.6	2.7565	2.0754	2.6018
262.8	2.7567	2.076	2.6008
263	2.7578	2.0767	2.5995
263.2	2.7569	2.0772	2.5979
263.4	2.7555	2.0776	2.5961
263.6	2.7559	2.0781	2.5944
263.8	2.7568	2.0786	2.5928
264	2.7578	2.079	2.5913
264.2	2.7582	2.0793	2.59
264.4	2.7581	2.0796	2.5887
264.6	2.7584	2.0799	2.5874
264.8	2.7591	2.0802	2.5862
265	2.7589	2.0804	2.5851
265.2	2.7588	2.0805	2.5844
265.4	2.7591	2.0807	2.5839
265.6	2.7589	2.0808	2.5836
265.8	2.7577	2.0807	2.5833
266	2.756	2.0807	2.5832
266.2	2.7567	2.0807	2.5833
266.4	2.7569	2.0807	2.5836
266.6	2.7553	2.0806	2.5843
266.8	2.7537	2.0805	2.5854
267	2.7531	2.0804	2.5868
267.2	2.7525	2.0803	2.5881
267.4	2.7514	2.0802	2.5891
267.6	2.751	2.0801	2.5897
267.8	2.7495	2.08	2.5899
268	2.7458	2.0799	2.5898
268.2	2.7437	2.0798	2.5895
268.4	2.7421	2.0797	2.5891
268.6	2.7399	2.0796	2.5885
268.8	2.738	2.0795	2.5879
269	2.7362	2.0795	2.5874
269.2	2.7331	2.0794	2.5868
269.4	2.7313	2.0794	2.5865
269.6	2.7305	2.0795	2.5864
269.8	2.7285	2.0795	2.5865
270	2.7259	2.0795	2.5866
270.2	2.7247	2.0795	2.5867
270.4	2.724	2.0796	2.5867
270.6	2.7222	2.0796	2.5864
270.8	2.7205	2.0796	2.5858
271	2.7193	2.0797	2.5852
271.2	2.7179	2.0798	2.5847
271.4	2.7164	2.0798	2.5844
271.6	2.7154	2.0798	2.5845
271.8	2.7153	2.0799	2.5849
272	2.7147	2.0799	2.5856
272.2	2.7135	2.0799	2.5865
272.4	2.7135	2.0798	2.5876
272.6	2.7141	2.0798	2.589
272.8	2.714	2.0797	2.5906
273	2.7136	2.0796	2.5923
273.2	2.7145	2.0794	2.5942
273.4	2.7149	2.0792	2.5958
273.6	2.7146	2.079	2.5971
273.8	2.7151	2.0787	2.5983
274	2.716	2.0784	2.5996
274.2	2.7167	2.078	2.6009
274.4	2.7169	2.0776	2.6024
274.6	2.718	2.0772	2.6042
274.8	2.719	2.0767	2.6059
275	2.7205	2.0762	2.6078
275.2	2.7223	2.0756	2.6099
275.4	2.7231	2.075	2.6126
275.6	2.724	2.0743	2.6159
275.8	2.7259	2.0736	2.6198
276	2.7278	2.0729	2.6245
276.2	2.73	2.0721	2.6297
276.4	2.7321	2.0713	2.6354
276.6	2.7343	2.0704	2.6414
276.8	2.736	2.0695	2.6476
277	2.7369	2.0686	2.6537
277.2	2.7386	2.0677	2.6598
277.4	2.7406	2.0667	2.6656
277.6	2.7419	2.0657	2.6712
277.8	2.7433	2.0647	2.6765
278	2.7453	2.0637	2.6815
278.2	2.7468	2.0626	2.6864
278.4	2.7476	2.0616	2.6911
278.6	2.749	2.0605	2.6961
278.8	2.7515	2.0596	2.7014
279	2.754	2.0586	2.707
279.2	2.7561	2.0576	2.7128
279.4	2.7584	2.0566	2.7188
279.6	2.7607	2.0557	2.7249
279.8	2.7632	2.0548	2.7311
280	2.7655	2.0539	2.7371
280.2	2.7677	2.053	2.743
280.4	2.7708	2.0521	2.7486
280.6	2.773	2.0513	2.7536
280.8	2.7755	2.0505	2.758
281	2.7786	2.0497	2.7617
281.2	2.7817	2.0489	2.7649
281.4	2.7836	2.048	2.7675
281.6	2.7864	2.0472	2.7699
281.8	2.7908	2.0465	2.7724
282	2.7949	2.0458	2.7749
282.2	2.7981	2.0451	2.7775
282.4	2.8036	2.0444	2.7803
282.6	2.8089	2.0437	2.7834
282.8	2.8126	2.043	2.7867
283	2.8179	2.0423	2.7905
283.2	2.8234	2.0417	2.7948
283.4	2.8283	2.041	2.7994
283.6	2.8342	2.0403	2.8041
283.8	2.8419	2.0396	2.8085
284	2.8486	2.0389	2.8124
284.2	2.8548	2.0382	2.8157
284.4	2.862	2.0375	2.8182
284.6	2.8695	2.0368	2.8199
284.8	2.8772	2.0361	2.8208
285	2.8859	2.0354	2.8211
285.2	2.8953	2.0347	2.8208
285.4	2.9037	2.034	2.8201
285.6	2.913	2.0334	2.8194
285.8	2.9221	2.0327	2.8189
286	2.9312	2.032	2.8188
286.2	2.9408	2.0313	2.8194
286.4	2.9511	2.0307	2.8206
286.6	2.9606	2.03	2.8224
286.8	2.9699	2.0293	2.8247
287	2.9799	2.0287	2.8274
287.2	2.9891	2.0281	2.8305
287.4	2.9968	2.0274	2.8339
287.6	3.005	2.0267	2.8374
287.8	3.0143	2.0262	2.8411
288	3.0221	2.0255	2.8446
288.2	3.0289	2.0249	2.848
288.4	3.0366	2.0243	2.8514
288.6	3.0441	2.0237	2.8548
288.8	3.0498	2.0231	2.8584
289	3.0551	2.0224	2.8623
289.2	3.0607	2.0218	2.8669
289.4	3.0664	2.0212	2.8721
289.6	3.072	2.0207	2.878
289.8	3.0771	2.0202	2.8843
290	3.0812	2.0196	2.8909
290.2	3.0856	2.0192	2.8979
290.4	3.0906	2.0187	2.9051
290.6	3.0939	2.0182	2.9123
290.8	3.0971	2.0177	2.9195
291	3.1016	2.0173	2.9264
291.2	3.1051	2.0169	2.9327
291.4	3.1086	2.0165	2.9383
291.6	3.1133	2.0162	2.9432
291.8	3.1173	2.0158	2.9476
292	3.1201	2.0155	2.9514
292.2	3.1246	2.0152	2.9549
292.4	3.1289	2.0148	2.9581
292.6	3.133	2.0146	2.9609
292.8	3.1377	2.0143	2.9637
293	3.1422	2.014	2.9664
293.2	3.1459	2.0138	2.9693
293.4	3.1491	2.0135	2.9725
293.6	3.1528	2.0133	2.976
293.8	3.1567	2.0131	2.9798
294	3.1617	2.0129	2.9838
294.2	3.1663	2.0128	2.9876
294.4	3.1703	2.0126	2.9914
294.6	3.1745	2.0125	2.9952
294.8	3.1799	2.0124	2.9989
295	3.1847	2.0123	3.0025
295.2	3.1886	2.0122	3.0058
295.4	3.1925	2.012	3.0086
295.6	3.1971	2.012	3.0112
295.8	3.2011	2.0119	3.0133
296	3.2041	2.0117	3.0154
296.2	3.2073	2.0116	3.0173
296.4	3.2103	2.0115	3.0191
296.6	3.2129	2.0114	3.0207
296.8	3.2141	2.0111	3.022
297	3.2166	2.011	3.0231
297.2	3.2191	2.011	3.0242
297.4	3.2212	2.0109	3.025
297.6	3.2222	2.0107	3.0256
297.8	3.2227	2.0106	3.0258
298	3.2235	2.0105	3.0257
298.2	3.225	2.0104	3.0253
298.4	3.2266	2.0103	3.0245
298.6	3.2268	2.0101	3.0234
298.8	3.2261	2.01	3.0221
299	3.2259	2.0099	3.0207
299.2	3.2255	2.0098	3.0192
299.4	3.225	2.0097	3.0178
299.6	3.2246	2.0096	3.0164
299.8	3.2229	2.0095	3.015
300	3.2216	2.0094	3.0138
300.2	3.2208	2.0093	3.0127
300.4	3.2187	2.0092	3.0118
300.6	3.218	2.0091	3.0114
300.8	3.2172	2.0091	3.0112
301	3.2148	2.009	3.0111
301.2	3.2129	2.009	3.0113
301.4	3.2118	2.009	3.0117
301.6	3.2102	2.009	3.0123
301.8	3.209	2.0091	3.013
302	3.2085	2.0092	3.0138
302.2	3.2065	2.0092	3.0145
302.4	3.2045	2.0093	3.0151
302.6	3.2041	2.0095	3.0157
302.8	3.2042	2.0097	3.0162
303	3.2031	2.0098	3.0165
303.2	3.2019	2.01	3.0167
303.4	3.2012	2.0102	3.0167
303.6	3.2008	2.0104	3.0167
303.8	3.2003	2.0106	3.0166
304	3.1993	2.0108	3.0165
304.2	3.1987	2.0111	3.0163
304.4	3.1982	2.0113	3.016
304.6	3.1982	2.0116	3.0156
304.8	3.1976	2.0119	3.0151
305	3.198	2.0123	3.0146
305.2	3.199	2.0126	3.0141
305.4	3.1993	2.0129	3.0135
305.6	3.1983	2.0132	3.0129
305.8	3.1986	2.0136	3.0122
306	3.2	2.014	3.0114
306.2	3.2014	2.0144	3.0106
306.4	3.2015	2.0147	3.0097
306.6	3.2006	2.015	3.0088
306.8	3.2008	2.0153	3.0081
307	3.2018	2.0157	3.0076
307.2	3.202	2.016	3.0073
307.4	3.2015	2.0163	3.0071
307.6	3.201	2.0165	3.0071
307.8	3.2004	2.0168	3.0073
308	3.1997	2.0171	3.0078
308.2	3.1991	2.0174	3.0085
308.4	3.1988	2.0177	3.0093
308.6	3.198	2.018	3.01
308.8	3.1964	2.0182	3.0106
309	3.1948	2.0184	3.0108
309.2	3.194	2.0187	3.0108
309.4	3.1926	2.0191	3.0105
309.6	3.1908	2.0194	3.0098
309.8	3.19	2.0197	3.0091
310	3.1885	2.02	3.0081
310.2	3.1861	2.0203	3.007
310.4	3.1856	2.0207	3.006
310.6	3.1853	2.0211	3.0054
310.8	3.1826	2.0214	3.005
311	3.1803	2.0217	3.0051
311.2	3.1794	2.0222	3.0058
311.4	3.1788	2.0227	3.0068
311.6	3.177	2.0231	3.0083
311.8	3.175	2.0236	3.0101
312	3.1744	2.0242	3.0122
312.2	3.1736	2.0248	3.0145
312.4	3.1719	2.0254	3.0169
312.6	3.1707	2.026	3.0194
312.8	3.1698	2.0267	3.022
313	3.1698	2.0274	3.0247
313.2	3.1694	2.0282	3.0276
313.4	3.1679	2.029	3.0306
313.6	3.1678	2.0298	3.034
313.8	3.1684	2.0308	3.0377
314	3.1684	2.0316	3.0417
314.2	3.1685	2.0325	3.0461
314.4	3.1684	2.0335	3.051
314.6	3.1694	2.0345	3.0563
314.8	3.1711	2.0355	3.0621
315	3.172	2.0366	3.0683
315.2	3.1736	2.0376	3.0747
315.4	3.1748	2.0387	3.0813
315.6	3.1763	2.0397	3.0879
315.8	3.1793	2.0409	3.0944
316	3.1836	2.0421	3.1008
316.2	3.1877	2.0433	3.1069
316.4	3.1911	2.0445	3.1127
316.6	3.1951	2.0456	3.1181
316.8	3.1999	2.0468	3.123
317	3.2045	2.0479	3.1275
317.2	3.2087	2.049	3.132
317.4	3.2135	2.0501	3.1364
317.6	3.2183	2.0511	3.1408
317.8	3.2228	2.0522	3.1453
318	3.2277	2.0532	3.1498
318.2	3.234	2.0542	3.1546
318.4	3.2406	2.0551	3.1596
318.6	3.2456	2.056	3.1646
318.8	3.2508	2.0568	3.1696
319	3.2578	2.0577	3.1746
319.2	3.2645	2.0585	3.1793
319.4	3.2702	2.0592	3.1837
319.6	3.2767	2.0599	3.1878
319.8	3.2843	2.0606	3.1913
320	3.2911	2.0612	3.1942
320.2	3.2972	2.0618	3.1966
320.4	3.3052	2.0624	3.1986
320.6	3.3129	2.0629	3.2003
320.8	3.3203	2.0635	3.2018
321	3.3289	2.064	3.2034
321.2	3.3371	2.0646	3.2049
321.4	3.3443	2.065	3.2065
321.6	3.3522	2.0655	3.2084
321.8	3.3605	2.066	3.2107
322	3.37	2.0665	3.2133
322.2	3.3786	2.0669	3.2162
322.4	3.3863	2.0674	3.2194
322.6	3.3955	2.0678	3.2227
322.8	3.4055	2.0684	3.2263
323	3.4146	2.0689	3.2298
323.2	3.4231	2.0694	3.2333
323.4	3.4318	2.0698	3.2368
323.6	3.4417	2.0705	3.2406
323.8	3.4522	2.071	3.2445
324	3.4606	2.0716	3.2486
324.2	3.4681	2.0721	3.2527
324.4	3.476	2.0725	3.2571
324.6	3.4834	2.0731	3.2617
324.8	3.4909	2.0736	3.2668
325	3.4984	2.0741	3.2722
325.2	3.5054	2.0746	3.278
325.4	3.5122	2.0751	3.284
325.6	3.5191	2.0756	3.29
325.8	3.5262	2.0761	3.2959
326	3.5333	2.0766	3.3018
326.2	3.5395	2.0771	3.3075
326.4	3.5448	2.0775	3.3129
326.6	3.5492	2.0779	3.318
326.8	3.5533	2.0782	3.3227
327	3.5573	2.0786	3.3271
327.2	3.5609	2.0789	3.3311
327.4	3.5635	2.0792	3.3347
327.6	3.5669	2.0795	3.338
327.8	3.5697	2.0797	3.341
328	3.5714	2.0799	3.3439
328.2	3.5734	2.0801	3.3468
328.4	3.5755	2.0802	3.3498
328.6	3.5761	2.0803	3.3527
328.8	3.5766	2.0804	3.3554
329	3.5777	2.0805	3.3582
329.2	3.5782	2.0805	3.3608
329.4	3.578	2.0806	3.3633
329.6	3.5785	2.0806	3.3658
329.8	3.5792	2.0806	3.3682
330	3.5788	2.0806	3.3701
330.2	3.5772	2.0805	3.3717
330.4	3.5757	2.0804	3.3728
330.6	3.5754	2.0803	3.3736
330.8	3.5746	2.0803	3.3741
331	3.5722	2.0801	3.3744
331.2	3.5697	2.0799	3.3745
331.4	3.5687	2.0798	3.3747
331.6	3.5675	2.0797	3.3746
331.8	3.5645	2.0795	3.3741
332	3.5612	2.0794	3.3735
332.2	3.5593	2.0792	3.3727
332.4	3.5572	2.0791	3.3717
332.6	3.5549	2.0789	3.3705
332.8	3.5533	2.0787	3.3692
333	3.5512	2.0785	3.3675
333.2	3.5488	2.0783	3.3653
333.4	3.547	2.0782	3.3627
333.6	3.5454	2.078	3.3596
333.8	3.5429	2.0778	3.3561
334	3.5408	2.0776	3.3525
334.2	3.5391	2.0774	3.3488
334.4	3.5361	2.0772	3.3449
334.6	3.533	2.077	3.341
334.8	3.5308	2.0768	3.3372
335	3.5285	2.0766	3.3334
335.2	3.5257	2.0763	3.3296
335.4	3.5238	2.076	3.326
335.6	3.5232	2.0759	3.3228
335.8	3.5209	2.0756	3.3198
336	3.5183	2.0753	3.317
336.2	3.5167	2.0751	3.3143
336.4	3.5151	2.0749	3.3115
336.6	3.5126	2.0745	3.3085
336.8	3.5104	2.0743	3.3056
337	3.5096	2.0741	3.3028
337.2	3.5084	2.0738	3.2999
337.4	3.5057	2.0735	3.297
337.6	3.5029	2.0731	3.2939
337.8	3.5009	2.0728	3.2909
338	3.4988	2.0725	3.2879
338.2	3.4958	2.0721	3.2849
338.4	3.4928	2.0717	3.282
338.6	3.4912	2.0713	3.2793
338.8	3.4886	2.0709	3.2768
339	3.4848	2.0705	3.2743
339.2	3.4812	2.0701	3.2719
339.4	3.4775	2.0697	3.2696
339.6	3.4734	2.0693	3.2673
339.8	3.4685	2.0689	3.265
340	3.4642	2.0684	3.2629
340.2	3.4606	2.068	3.2608
340.4	3.4574	2.0676	3.2587
340.6	3.4527	2.0671	3.2564
340.8	3.4472	2.0667	3.254
341	3.4425	2.0662	3.2514
341.2	3.4391	2.0658	3.2488
341.4	3.4351	2.0654	3.2461
341.6	3.43	2.065	3.2433
341.8	3.4252	2.0646	3.2406
342	3.4217	2.0642	3.2382
342.2	3.4181	2.0639	3.236
342.4	3.4134	2.0635	3.2339
342.6	3.4098	2.0631	3.232
342.8	3.4062	2.0628	3.2303
343	3.4033	2.0624	3.2289
343.2	3.4007	2.0621	3.2278
343.4	3.3973	2.0618	3.2267
343.6	3.3936	2.0615	3.2257
343.8	3.3904	2.0612	3.2247
344	3.3884	2.0609	3.2234
344.2	3.3856	2.0606	3.2218
344.4	3.3829	2.0602	3.2199
344.6	3.3813	2.0599	3.2178
344.8	3.3803	2.0596	3.2155
345	3.3787	2.0592	3.2129
345.2	3.3767	2.0589	3.2103
345.4	3.3752	2.0585	3.2076
345.6	3.3751	2.0581	3.205
345.8	3.3754	2.0577	3.2026
346	3.3753	2.0573	3.2005
346.2	3.3755	2.0568	3.1987
346.4	3.3762	2.0564	3.1973
346.6	3.3767	2.0559	3.1963
346.8	3.3775	2.0554	3.1956
347	3.3782	2.0549	3.1953
347.2	3.3785	2.0542	3.1951
347.4	3.3792	2.0536	3.1952
347.6	3.3804	2.053	3.1955
347.8	3.3806	2.0523	3.196
348	3.3817	2.0516	3.1966
348.2	3.3825	2.0509	3.1973
348.4	3.383	2.0502	3.1981
348.6	3.3825	2.0494	3.1989
348.8	3.3826	2.0486	3.2001
349	3.3834	2.0478	3.2017
349.2	3.3839	2.047	3.2036
349.4	3.3837	2.0461	3.2059
349.6	3.3833	2.0452	3.2086
349.8	3.3833	2.0444	3.2117
350	3.3835	2.0435	3.2153
350.2	3.3839	2.0427	3.2191
350.4	3.3837	2.0419	3.2233
350.6	3.3842	2.041	3.2276
350.8	3.3845	2.0402	3.2321
351	3.385	2.0394	3.2364
351.2	3.3844	2.0386	3.2405
351.4	3.3833	2.0377	3.2444
351.6	3.3837	2.0369	3.2483
351.8	3.3854	2.0362	3.2519
352	3.3864	2.0354	3.2554
352.2	3.3874	2.0347	3.2586
352.4	3.3897	2.0339	3.2616
352.6	3.3927	2.0332	3.2645
352.8	3.3952	2.0326	3.2674
353	3.3976	2.032	3.2701
353.2	3.4002	2.0314	3.2729
353.4	3.4033	2.0308	3.2757
353.6	3.4076	2.0302	3.2785
353.8	3.412	2.0296	3.2811
354	3.4169	2.0291	3.2835
354.2	3.4222	2.0286	3.2858
354.4	3.4275	2.028	3.2879
354.6	3.4326	2.0275	3.2898
354.8	3.4374	2.0269	3.2914
355	3.4418	2.0263	3.2928
355.2	3.4462	2.0258	3.2939
355.4	3.4504	2.0253	3.2947
355.6	3.4543	2.0248	3.2953
355.8	3.4586	2.0243	3.2958
356	3.4596	2.0239	3.2964
356.2	3.4602	2.0236	3.2969
356.4	3.4604	2.0233	3.2971
356.6	3.4601	2.023	3.2973
356.8	3.4595	2.0228	3.2973
357	3.4584	2.0226	3.2971
357.2	3.457	2.0224	3.2967
357.4	3.4551	2.0223	3.2962
357.6	3.4528	2.0221	3.2956
357.8	3.4501	2.022	3.2948
358	3.447	2.0219	3.2938
358.2	3.4435	2.0219	3.2927
358.4	3.4396	2.0219	3.2914
358.6	3.4352	2.0219	3.29
358.8	3.4305	2.0219	3.2884
359	3.4254	2.0219	3.2866
359.2	3.4198	2.022	3.2847
359.4	3.4138	2.0221	3.2827
359.6	3.4074	2.0222	3.2805
359.8	3.4007	2.0224	3.2781
