Zeit	dQIters	relaxationsFaktor	pSoll	pIst	dQ
82.6	 1.0	 0.7	 1198242.3167373133	 NaN	 NaN	 
82.6	 2.0	 0.7	 1198242.3167373133	 NaN	 NaN	 
82.6	 3.0	 0.7	 1198242.3167373133	 NaN	 NaN	 
82.6	 4.0	 0.7	 1198242.3167373133	 NaN	 NaN	 
82.6	 5.0	 0.7	 1198242.3167373133	 NaN	 NaN	 
82.6	 6.0	 0.7	 1198242.3167373133	 NaN	 NaN	 
82.6	 7.0	 0.7	 1198242.3167373133	 NaN	 NaN	 
82.6	 8.0	 0.7	 1198242.3167373133	 NaN	 NaN	 
82.6	 9.0	 0.7	 1198242.3167373133	 NaN	 NaN	 
82.6	 10.0	 0.7	 1198242.3167373133	 NaN	 NaN	 
82.6	 11.0	 0.7	 1198242.3167373133	 NaN	 NaN	 
82.6	 12.0	 0.7	 1198242.3167373133	 NaN	 NaN	 
82.6	 13.0	 0.7	 1198242.3167373133	 NaN	 NaN	 
82.6	 14.0	 0.7	 1198242.3167373133	 NaN	 NaN	 
82.6	 15.0	 0.7	 1198242.3167373133	 NaN	 NaN	 
82.6	 16.0	 0.7	 1198242.3167373133	 NaN	 NaN	 
82.6	 17.0	 0.7	 1198242.3167373133	 NaN	 NaN	 
82.6	 18.0	 0.7	 1198242.3167373133	 NaN	 NaN	 
82.6	 19.0	 0.7	 1198242.3167373133	 NaN	 NaN	 
82.6	 20.0	 0.7	 1198242.3167373133	 NaN	 NaN	 
82.6	 21.0	 0.7	 1198242.3167373133	 NaN	 NaN	 
82.6	 22.0	 0.7	 1198242.3167373133	 NaN	 NaN	 
82.6	 23.0	 0.7	 1198242.3167373133	 NaN	 NaN	 
82.6	 24.0	 0.7	 1198242.3167373133	 NaN	 NaN	 
82.6	 25.0	 0.7	 1198242.3167373133	 NaN	 NaN	 
82.6	 26.0	 0.7	 1198242.3167373133	 NaN	 NaN	 
82.6	 27.0	 0.7	 1198242.3167373133	 NaN	 NaN	 
82.6	 28.0	 0.7	 1198242.3167373133	 NaN	 NaN	 
82.6	 29.0	 0.7	 1198242.3167373133	 NaN	 NaN	 
82.6	 30.0	 0.7	 1198242.3167373133	 NaN	 NaN	 
82.6	 31.0	 0.7	 1198242.3167373133	 NaN	 NaN	 
82.6	 32.0	 0.7	 1198242.3167373133	 NaN	 NaN	 
82.6	 33.0	 0.7	 1198242.3167373133	 NaN	 NaN	 
82.6	 34.0	 0.7	 1198242.3167373133	 NaN	 NaN	 
82.6	 35.0	 0.7	 1198242.3167373133	 NaN	 NaN	 
82.6	 36.0	 0.7	 1198242.3167373133	 NaN	 NaN	 
82.6	 37.0	 0.7	 1198242.3167373133	 NaN	 NaN	 
82.6	 38.0	 0.7	 1198242.3167373133	 NaN	 NaN	 
82.6	 39.0	 0.7	 1198242.3167373133	 NaN	 NaN	 
82.6	 40.0	 0.7	 1198242.3167373133	 NaN	 NaN	 
82.6	 41.0	 0.7	 1198242.3167373133	 NaN	 NaN	 
82.6	 42.0	 0.7	 1198242.3167373133	 NaN	 NaN	 
82.6	 43.0	 0.7	 1198242.3167373133	 NaN	 NaN	 
82.6	 44.0	 0.7	 1198242.3167373133	 NaN	 NaN	 
82.6	 45.0	 0.7	 1198242.3167373133	 NaN	 NaN	 
82.6	 46.0	 0.7	 1198242.3167373133	 NaN	 NaN	 
82.6	 47.0	 0.7	 1198242.3167373133	 NaN	 NaN	 
82.6	 48.0	 0.7	 1198242.3167373133	 NaN	 NaN	 
82.6	 49.0	 0.7	 1198242.3167373133	 NaN	 NaN	 
82.6	 50.0	 0.7	 1198242.3167373133	 NaN	 NaN	 
82.6	 51.0	 0.7	 1198242.3167373133	 NaN	 NaN	 
82.6	 52.0	 0.7	 1198242.3167373133	 NaN	 NaN	 
82.6	 53.0	 0.7	 1198242.3167373133	 NaN	 NaN	 
82.6	 54.0	 0.7	 1198242.3167373133	 NaN	 NaN	 
82.6	 55.0	 0.7	 1198242.3167373133	 NaN	 NaN	 
82.6	 56.0	 0.7	 1198242.3167373133	 NaN	 NaN	 
82.6	 57.0	 0.7	 1198242.3167373133	 NaN	 NaN	 
82.6	 58.0	 0.7	 1198242.3167373133	 NaN	 NaN	 
82.6	 59.0	 0.7	 1198242.3167373133	 NaN	 NaN	 
82.6	 60.0	 0.7	 1198242.3167373133	 NaN	 NaN	 
82.6	 61.0	 0.7	 1198242.3167373133	 NaN	 NaN	 
82.6	 62.0	 0.7	 1198242.3167373133	 NaN	 NaN	 
82.6	 63.0	 0.7	 1198242.3167373133	 NaN	 NaN	 
82.6	 64.0	 0.7	 1198242.3167373133	 NaN	 NaN	 
82.6	 65.0	 0.7	 1198242.3167373133	 NaN	 NaN	 
82.6	 66.0	 0.7	 1198242.3167373133	 NaN	 NaN	 
82.6	 67.0	 0.7	 1198242.3167373133	 NaN	 NaN	 
82.6	 68.0	 0.7	 1198242.3167373133	 NaN	 NaN	 
82.6	 69.0	 0.7	 1198242.3167373133	 NaN	 NaN	 
82.6	 70.0	 0.7	 1198242.3167373133	 NaN	 NaN	 
82.6	 71.0	 0.7	 1198242.3167373133	 NaN	 NaN	 
82.6	 72.0	 0.7	 1198242.3167373133	 NaN	 NaN	 
82.6	 73.0	 0.7	 1198242.3167373133	 NaN	 NaN	 
82.6	 74.0	 0.7	 1198242.3167373133	 NaN	 NaN	 
82.6	 75.0	 0.7	 1198242.3167373133	 NaN	 NaN	 
82.6	 76.0	 0.7	 1198242.3167373133	 NaN	 NaN	 
82.6	 77.0	 0.7	 1198242.3167373133	 NaN	 NaN	 
82.6	 78.0	 0.7	 1198242.3167373133	 NaN	 NaN	 
82.6	 79.0	 0.7	 1198242.3167373133	 NaN	 NaN	 
82.6	 80.0	 0.7	 1198242.3167373133	 NaN	 NaN	 
82.6	 81.0	 0.7	 1198242.3167373133	 NaN	 NaN	 
82.6	 82.0	 0.7	 1198242.3167373133	 NaN	 NaN	 
82.6	 83.0	 0.7	 1198242.3167373133	 NaN	 NaN	 
82.6	 84.0	 0.7	 1198242.3167373133	 NaN	 NaN	 
82.6	 85.0	 0.7	 1198242.3167373133	 NaN	 NaN	 
82.6	 86.0	 0.7	 1198242.3167373133	 NaN	 NaN	 
82.6	 87.0	 0.7	 1198242.3167373133	 NaN	 NaN	 
82.6	 88.0	 0.7	 1198242.3167373133	 NaN	 NaN	 
82.6	 89.0	 0.7	 1198242.3167373133	 NaN	 NaN	 
82.6	 90.0	 0.7	 1198242.3167373133	 NaN	 NaN	 
82.6	 91.0	 0.7	 1198242.3167373133	 NaN	 NaN	 
82.6	 92.0	 0.7	 1198242.3167373133	 NaN	 NaN	 
82.6	 93.0	 0.7	 1198242.3167373133	 NaN	 NaN	 
82.6	 94.0	 0.7	 1198242.3167373133	 NaN	 NaN	 
82.6	 95.0	 0.7	 1198242.3167373133	 NaN	 NaN	 
82.6	 96.0	 0.7	 1198242.3167373133	 NaN	 NaN	 
82.6	 97.0	 0.7	 1198242.3167373133	 NaN	 NaN	 
82.6	 98.0	 0.7	 1198242.3167373133	 NaN	 NaN	 
82.6	 99.0	 0.7	 1198242.3167373133	 NaN	 NaN	 
82.6	 100.0	 0.7	 1198242.3167373133	 NaN	 NaN	 
