t	m/m0	D/D0	T
0.0010	 0.9999971818201705	 1.0025038408117868	 301.8964905826797
0.0020	 0.9999943867618178	 1.0050038516318822	 310.5802953480808
0.0030	 0.9999916134769864	 1.0074990030079445	 319.0572055243203
0.0040	 0.9999888607107785	 1.0099883191198085	 327.3328421253701
0.004999999999999999	 0.99998612729342	 1.0124708692193982	 335.41264135104836
0.005999999999999999	 0.9999834121330992	 1.014945761606049	 343.3018498071891
0.0070	 0.9999807142095156	 1.0174121395912874	 351.0055265010091
0.0080	 0.9999780325680582	 1.0198691789666616	 358.5285492202688
0.009000000000000001	 0.9999752826107748	 1.0223160525192772	 365.87560708589984
0.01	 0.9999662172399802	 1.0247494574353992	 373.0500599621144
0.011	 0.9999478756306359	 1.0271674585976627	 380.055869272702
0.012	 0.9999198243158516	 1.029569178662419	 386.8973629094586
0.013000000000000001	 0.9998800916701028	 1.0319531438215328	 393.57846486440394
0.014	 0.9998256813897222	 1.034317492444132	 400.10282939176113
0.015000000000000001	 0.9997528232466264	 1.036660076858309	 406.47391186321795
0.016	 0.9996570818956575	 1.0389785071781235	 412.6950062722444
0.017	 0.9995333959913622	 1.0412701664665491	 418.76926620731064
0.018000000000000002	 0.9993760890606923	 1.0435322142419567	 424.69971877753244
0.019	 0.999178874435405	 1.045761590569674	 430.4892838806904
0.019999999999999997	 0.9989348650923192	 1.0479550142916607	 436.1407731904479
0.020999999999999998	 0.9986365927498049	 1.0501089887575383	 441.65689972034664
0.022	 0.9982760368511618	 1.0522198123342292	 447.0402897781717
0.023	 0.9978446624474899	 1.0542835912232507	 452.2934920214464
0.024	 0.9973334653354159	 1.0562962549249582	 457.4189860051501
0.025	 0.9967330227162682	 1.0582535736521252	 462.419190062773
0.026	 0.9960335478341104	 1.0601511770762375	 467.2964684294088
0.027	 0.9952249473238824	 1.0619845739049774	 472.0531375795442
0.028	 0.9942968802843458	 1.0637491719083583	 476.6914718029709
0.029	 0.9932388183242371	 1.0654402981096422	 481.21370807542695
0.030000000000000002	 0.9920401060020898	 1.0670532189298727	 485.6220502967505
0.030999999999999993	 0.9906900212048475	 1.0685831601281377	 489.9186729750565
0.032	 0.9891778350784391	 1.0700253264089046	 494.1057244305889
0.032999999999999995	 0.9874928711566197	 1.0713749205822598	 498.1853295830262
0.033999999999999996	 0.9856245633553306	 1.072627162172027	 502.15959237502665
0.034999999999999996	 0.983562512493188	 1.073777305363713	 506.03059787092957
0.036	 0.9812965410031893	 1.0748206561857943	 509.8004140590696
0.037	 0.9788167454946238	 1.0757525888143236	 513.4710933753713
0.03799999999999999	 0.9761135468369204	 1.0765685608951199	 517.0446739594413
0.03899999999999999	 0.9731777374464315	 1.0772641277802675	 520.5231806486573
0.039999999999999994	 0.9700005254827315	 1.077834955584651	 523.9086257132469
0.040999999999999995	 0.9665735756942003	 1.0782768329805068	 527.2030093350271
0.041999999999999996	 0.9628890466887322	 1.0785856816610058	 530.4083198329696
0.043	 0.9589396244516484	 1.0787575654213453	 533.5265336414781
0.04399999999999999	 0.9547185519845683	 1.0787886978252654	 536.5596150505136
0.045	 0.9502196549813711	 1.0786754484404293	 539.5095157196414
0.04599999999999999	 0.9454373635172661	 1.0784143476488979	 542.3781739826236
0.047	 0.9403667297690931	 1.0780020900540501	 545.1675139619257
0.047999999999999994	 0.9350034418377909	 1.0774355365249988	 547.8794445162152
0.049	 0.9293438337774362	 1.0767117149308143	 550.5158580454762
0.049999999999999996	 0.9233848919840043	 1.075827819634617	 553.0786291809159
0.05099999999999999	 0.9171242581209708	 1.0747812098249572	 555.5696133872839
0.052	 0.9105602287905777	 1.0735694067722608	 557.990645505518
0.05299999999999999	 0.903691752175682	 1.072190090102025	 560.3435382626888
0.054	 0.8965184219018313	 1.0706410931843775	 562.6300807760723
0.05499999999999999	 0.8890404683653312	 1.068920397734784	 564.8520370747943
0.055999999999999994	 0.8812587477969384	 1.067026127728857	 567.0111446624106
0.056999999999999995	 0.8731747293083565	 1.0649565427215748	 569.10911313889
0.057999999999999996	 0.8647904801895829	 1.0627100306686377	 571.1476229002355
0.059	 0.8561086496977741	 1.0602851003334601	 573.1283239291547
0.06	 0.8471324515809717	 1.0576803733630773	 575.0528346886335
0.06099999999999999	 0.8378656455674052	 1.0548945761094448	 576.9227411274788
0.062	 0.8283125180247897	 1.051926531259551	 578.7395958030451
0.063	 0.8184778619998141	 1.0487751493401563	 580.5049171260825
0.064	 0.8083669568126162	 1.045439420146146	 582.2201887284382
0.06499999999999999	 0.7979855473755457	 1.0419184041389549	 583.886858953504
0.06599999999999999	 0.7873398233869434	 1.038211223853073	 585.5063404674592
0.06699999999999999	 0.7764363985345357	 1.0343170553412855	 587.0800099877423
0.068	 0.7652822898234123	 1.030235119680434	 588.6092081238085
0.06899999999999999	 0.7538848971386353	 1.0259646745577258	 590.0952393250512
0.06999999999999999	 0.742251983125163	 1.021505005944868	 591.5393719289224
0.071	 0.7303916534670977	 1.0168554198676292	 592.9428383029098
0.072	 0.7183123376248052	 1.0120152342670912	 594.3068350724118
0.073	 0.706022770090235	 1.0069837709505765	 595.6325234280308
0.074	 0.6935319721958979	 1.0017603476174428	 596.9210295038196
0.075	 0.6808492345157773	 0.9963442699466903	 598.1734448195896
0.07599999999999998	 0.6679840998816208	 0.9907348237253667	 599.3908267797939
0.07699999999999999	 0.6549463470350485	 0.9849312669946637	 600.574199222062
0.078	 0.6417459749268014	 0.9789328221849267	 601.7245530085202
0.079	 0.6283931876717762	 0.9727386682081777	 602.8428466536916
0.07999999999999999	 0.6148983801568199	 0.9663479324684248	 603.9300069822622
0.08099999999999999	 0.6012721243105267	 0.9597596827549794	 604.9869298122709
0.08199999999999999	 0.5875251560233858	 0.9529729189693033	 606.0144806576301
0.083	 0.5736683627066482	 0.945986564632053	 607.0134954444965
0.08399999999999999	 0.5597127715016186	 0.93879945812717	 607.9847812395866
0.08499999999999999	 0.5456695381012233	 0.9314103436044459	 608.9291169829005
0.086	 0.5315499362001201	 0.9238178614891144	 609.8472542245353
0.08699999999999998	 0.5173653475460742	 0.9160205385131907	 610.7399178602976
0.088	 0.5031272525867613	 0.9080167771878493	 611.6078068639285
0.089	 0.4888472217029748	 0.8998048446241841	 612.451595013461
0.09	 0.474536907016273	 0.8913828605960109	 613.2719316093113
0.09099999999999998	 0.4602080347662982	 0.8827487847290955	 614.0694421824957
0.09199999999999998	 0.44587239824573593	 0.8739004026800593	 614.8447291909575
0.093	 0.43154185129472655	 0.8648353111581574	 615.5983727032818
0.094	 0.41722830234326813	 0.85555090161121	 616.3309310677993
0.09499999999999999	 0.4029437090112552	 0.8460443423849104	 617.0429415675327
0.09599999999999999	 0.38870007326409334	 0.8363125591244892	 617.7349210596813
0.097	 0.3745094371279645	 0.8263522131538953	 618.4073665992244
0.098	 0.36038387897809526	 0.8161596775289903	 619.0607560468521
0.09899999999999999	 0.34633551041998795	 0.8057310104125049	 619.6955486622677
0.09999999999999999	 0.33237647377461993	 0.7950619253454052	 620.3121856820845
0.10099999999999999	 0.31851894019943067	 0.7841477579263391	 620.9110908837722
0.102	 0.3047751084792293	 0.7729834283167584	 621.4926711371186
0.103	 0.29115720453102295	 0.7615633988798791	 622.0573169451773
0.104	 0.2776774816702156	 0.7498816261193386	 622.605402975944
0.105	 0.26434822170735456	 0.73793150592403	 623.1372885886221
0.10599999999999998	 0.2511817369536204	 0.7257058109116318	 623.6533183582035
0.107	 0.23819037322697362	 0.7131966183970517	 624.153822602181
0.108	 0.22538651398499954	 0.7003952271952675	 624.639117917853
0.109	 0.2127825857139909	 0.6872920610243166	 625.1095077351697
0.10999999999999999	 0.20039106476210214	 0.6738765557649521	 625.5652828989716
0.11099999999999999	 0.18822448581976725	 0.6601370271126387	 626.006722291932
0.112	 0.17629545231162388	 0.6460605142641807	 626.4340935167304
0.11299999999999999	 0.16461664903159892	 0.6316325940969827	 626.8476536634844
0.11399999999999999	 0.15320085741298595	 0.6168371586887851	 627.247650191613
0.11499999999999999	 0.14206097394856745	 0.6016561469184435	 627.6343219724392
0.11599999999999999	 0.1312100323960883	 0.5860692179653275	 628.0079005513555
0.11699999999999999	 0.12066123058646004	 0.5700533505202094	 628.368611713799
0.118	 0.11042796288129453	 0.5535823458877661	 628.7166774707454
0.119	 0.1005238596545399	 0.536626205167938	 629.052318633306
0.12	 0.090962835600858	 0.5191503390761291	 629.3757582170565
0.12099999999999998	 0.08175914929836946	 0.501114551815233	 629.687226038074
0.122	 0.07292747731609482	 0.4824717144386943	 629.9869650381677
0.12300000000000001	 0.06448300744863093	 0.46316600297279	 630.2752401805071
0.12399999999999997	 0.056441557546400734	 0.4431305124749069	 630.5523512358783
0.125	 0.04881972934157749	 0.42228395288232273	 630.8186516282811
0.126	 0.041635111270683055	 0.4005259527363295	 631.0745769985947
0.127	 0.03490655185796369	 0.37773017685121935	 631.3206899364066
0.128	 0.0286545381564702	 0.3537338648241523	 631.5577528155123
0.129	 0.022901737018414903	 0.3283212055464588	 631.786852145913
0.12999999999999998	 0.017673801568394227	 0.30119541036825415	 632.0096238514152
0.13099999999999998	 0.013000637656007773	 0.2719283455585974	 632.2286938413664
0.13199999999999998	 0.008918536950388101	 0.2398606395870229	 632.4486330015537
0.13299999999999998	 0.005474141340529938	 0.2038750508246645	 632.6783546319448
0.134	 0.0027330057118914895	 0.1617627470962008	 632.93869505351
0.135	 8.037956609364374E-4	 0.10760061878343703	 633.2997077421728
0.136	 0.0	 0.0	 634.2864142356354
0.13699999999999998	 0.0	 0.0	 634.2864142356354
0.13799999999999998	 0.0	 0.0	 634.2864142356354
0.13899999999999998	 0.0	 0.0	 634.2864142356354
0.13999999999999999	 0.0	 0.0	 634.2864142356354
0.141	 0.0	 0.0	 634.2864142356354
0.142	 0.0	 0.0	 634.2864142356354
0.143	 0.0	 0.0	 634.2864142356354
0.14400000000000002	 0.0	 0.0	 634.2864142356354
0.145	 0.0	 0.0	 634.2864142356354
0.146	 0.0	 0.0	 634.2864142356354
0.147	 0.0	 0.0	 634.2864142356354
0.148	 0.0	 0.0	 634.2864142356354
0.149	 0.0	 0.0	 634.2864142356354
0.15	 0.0	 0.0	 634.2864142356354
0.151	 0.0	 0.0	 634.2864142356354
0.15199999999999997	 0.0	 0.0	 634.2864142356354
0.15299999999999997	 0.0	 0.0	 634.2864142356354
0.154	 0.0	 0.0	 634.2864142356354
0.155	 0.0	 0.0	 634.2864142356354
0.156	 0.0	 0.0	 634.2864142356354
0.157	 0.0	 0.0	 634.2864142356354
0.158	 0.0	 0.0	 634.2864142356354
0.159	 0.0	 0.0	 634.2864142356354
0.15999999999999998	 0.0	 0.0	 634.2864142356354
0.16099999999999998	 0.0	 0.0	 634.2864142356354
0.16199999999999998	 0.0	 0.0	 634.2864142356354
0.16299999999999998	 0.0	 0.0	 634.2864142356354
0.164	 0.0	 0.0	 634.2864142356354
0.165	 0.0	 0.0	 634.2864142356354
0.166	 0.0	 0.0	 634.2864142356354
0.16699999999999998	 0.0	 0.0	 634.2864142356354
0.16799999999999998	 0.0	 0.0	 634.2864142356354
0.16899999999999998	 0.0	 0.0	 634.2864142356354
0.16999999999999998	 0.0	 0.0	 634.2864142356354
0.17099999999999999	 0.0	 0.0	 634.2864142356354
0.172	 0.0	 0.0	 634.2864142356354
0.173	 0.0	 0.0	 634.2864142356354
0.174	 0.0	 0.0	 634.2864142356354
0.175	 0.0	 0.0	 634.2864142356354
0.176	 0.0	 0.0	 634.2864142356354
0.177	 0.0	 0.0	 634.2864142356354
0.178	 0.0	 0.0	 634.2864142356354
0.179	 0.0	 0.0	 634.2864142356354
0.18	 0.0	 0.0	 634.2864142356354
0.181	 0.0	 0.0	 634.2864142356354
0.18199999999999997	 0.0	 0.0	 634.2864142356354
0.18299999999999997	 0.0	 0.0	 634.2864142356354
0.184	 0.0	 0.0	 634.2864142356354
0.185	 0.0	 0.0	 634.2864142356354
0.186	 0.0	 0.0	 634.2864142356354
0.187	 0.0	 0.0	 634.2864142356354
0.188	 0.0	 0.0	 634.2864142356354
0.18899999999999997	 0.0	 0.0	 634.2864142356354
0.18999999999999997	 0.0	 0.0	 634.2864142356354
0.19099999999999998	 0.0	 0.0	 634.2864142356354
0.19199999999999998	 0.0	 0.0	 634.2864142356354
0.193	 0.0	 0.0	 634.2864142356354
0.194	 0.0	 0.0	 634.2864142356354
0.195	 0.0	 0.0	 634.2864142356354
0.196	 0.0	 0.0	 634.2864142356354
0.19699999999999998	 0.0	 0.0	 634.2864142356354
0.19799999999999998	 0.0	 0.0	 634.2864142356354
0.19899999999999998	 0.0	 0.0	 634.2864142356354
0.19999999999999998	 0.0	 0.0	 634.2864142356354
0.20099999999999998	 0.0	 0.0	 634.2864142356354
0.20199999999999999	 0.0	 0.0	 634.2864142356354
0.203	 0.0	 0.0	 634.2864142356354
0.204	 0.0	 0.0	 634.2864142356354
0.205	 0.0	 0.0	 634.2864142356354
0.206	 0.0	 0.0	 634.2864142356354
0.207	 0.0	 0.0	 634.2864142356354
0.208	 0.0	 0.0	 634.2864142356354
0.209	 0.0	 0.0	 634.2864142356354
0.21	 0.0	 0.0	 634.2864142356354
0.21099999999999997	 0.0	 0.0	 634.2864142356354
0.21199999999999997	 0.0	 0.0	 634.2864142356354
0.213	 0.0	 0.0	 634.2864142356354
0.214	 0.0	 0.0	 634.2864142356354
0.215	 0.0	 0.0	 634.2864142356354
0.216	 0.0	 0.0	 634.2864142356354
0.217	 0.0	 0.0	 634.2864142356354
0.218	 0.0	 0.0	 634.2864142356354
0.21899999999999997	 0.0	 0.0	 634.2864142356354
0.21999999999999997	 0.0	 0.0	 634.2864142356354
0.22099999999999997	 0.0	 0.0	 634.2864142356354
0.22199999999999998	 0.0	 0.0	 634.2864142356354
0.223	 0.0	 0.0	 634.2864142356354
0.224	 0.0	 0.0	 634.2864142356354
0.225	 0.0	 0.0	 634.2864142356354
0.22599999999999998	 0.0	 0.0	 634.2864142356354
0.22699999999999998	 0.0	 0.0	 634.2864142356354
0.22799999999999998	 0.0	 0.0	 634.2864142356354
0.22899999999999998	 0.0	 0.0	 634.2864142356354
0.22999999999999998	 0.0	 0.0	 634.2864142356354
0.23099999999999998	 0.0	 0.0	 634.2864142356354
0.23199999999999998	 0.0	 0.0	 634.2864142356354
0.23299999999999998	 0.0	 0.0	 634.2864142356354
0.23399999999999999	 0.0	 0.0	 634.2864142356354
0.235	 0.0	 0.0	 634.2864142356354
0.236	 0.0	 0.0	 634.2864142356354
0.237	 0.0	 0.0	 634.2864142356354
0.238	 0.0	 0.0	 634.2864142356354
0.239	 0.0	 0.0	 634.2864142356354
0.24	 0.0	 0.0	 634.2864142356354
0.24099999999999996	 0.0	 0.0	 634.2864142356354
0.24199999999999997	 0.0	 0.0	 634.2864142356354
0.243	 0.0	 0.0	 634.2864142356354
0.244	 0.0	 0.0	 634.2864142356354
0.245	 0.0	 0.0	 634.2864142356354
0.24600000000000002	 0.0	 0.0	 634.2864142356354
0.247	 0.0	 0.0	 634.2864142356354
0.248	 0.0	 0.0	 634.2864142356354
0.24900000000000003	 0.0	 0.0	 634.2864142356354
0.25	 0.0	 0.0	 634.2864142356354
0.25100000000000006	 0.0	 0.0	 634.2864142356354
0.252	 0.0	 0.0	 634.2864142356354
0.253	 0.0	 0.0	 634.2864142356354
0.254	 0.0	 0.0	 634.2864142356354
0.255	 0.0	 0.0	 634.2864142356354
0.256	 0.0	 0.0	 634.2864142356354
0.257	 0.0	 0.0	 634.2864142356354
0.25800000000000006	 0.0	 0.0	 634.2864142356354
0.259	 0.0	 0.0	 634.2864142356354
0.26	 0.0	 0.0	 634.2864142356354
0.261	 0.0	 0.0	 634.2864142356354
0.262	 0.0	 0.0	 634.2864142356354
0.263	 0.0	 0.0	 634.2864142356354
0.264	 0.0	 0.0	 634.2864142356354
0.265	 0.0	 0.0	 634.2864142356354
0.266	 0.0	 0.0	 634.2864142356354
0.267	 0.0	 0.0	 634.2864142356354
0.268	 0.0	 0.0	 634.2864142356354
0.269	 0.0	 0.0	 634.2864142356354
0.27	 0.0	 0.0	 634.2864142356354
0.271	 0.0	 0.0	 634.2864142356354
0.272	 0.0	 0.0	 634.2864142356354
0.273	 0.0	 0.0	 634.2864142356354
0.27399999999999997	 0.0	 0.0	 634.2864142356354
0.275	 0.0	 0.0	 634.2864142356354
0.27599999999999997	 0.0	 0.0	 634.2864142356354
0.277	 0.0	 0.0	 634.2864142356354
0.278	 0.0	 0.0	 634.2864142356354
0.279	 0.0	 0.0	 634.2864142356354
0.28	 0.0	 0.0	 634.2864142356354
0.281	 0.0	 0.0	 634.2864142356354
0.28200000000000003	 0.0	 0.0	 634.2864142356354
0.283	 0.0	 0.0	 634.2864142356354
0.28400000000000003	 0.0	 0.0	 634.2864142356354
0.285	 0.0	 0.0	 634.2864142356354
0.28600000000000003	 0.0	 0.0	 634.2864142356354
0.28700000000000003	 0.0	 0.0	 634.2864142356354
0.28800000000000003	 0.0	 0.0	 634.2864142356354
0.28900000000000003	 0.0	 0.0	 634.2864142356354
0.29	 0.0	 0.0	 634.2864142356354
0.29100000000000004	 0.0	 0.0	 634.2864142356354
0.292	 0.0	 0.0	 634.2864142356354
0.29300000000000004	 0.0	 0.0	 634.2864142356354
0.294	 0.0	 0.0	 634.2864142356354
0.29500000000000004	 0.0	 0.0	 634.2864142356354
0.296	 0.0	 0.0	 634.2864142356354
0.297	 0.0	 0.0	 634.2864142356354
0.29800000000000004	 0.0	 0.0	 634.2864142356354
0.299	 0.0	 0.0	 634.2864142356354
0.30000000000000004	 0.0	 0.0	 634.2864142356354
0.301	 0.0	 0.0	 634.2864142356354
0.30200000000000005	 0.0	 0.0	 634.2864142356354
0.303	 0.0	 0.0	 634.2864142356354
0.304	 0.0	 0.0	 634.2864142356354
0.305	 0.0	 0.0	 634.2864142356354
0.306	 0.0	 0.0	 634.2864142356354
0.30700000000000005	 0.0	 0.0	 634.2864142356354
0.308	 0.0	 0.0	 634.2864142356354
0.30900000000000005	 0.0	 0.0	 634.2864142356354
0.31	 0.0	 0.0	 634.2864142356354
0.311	 0.0	 0.0	 634.2864142356354
0.312	 0.0	 0.0	 634.2864142356354
0.313	 0.0	 0.0	 634.2864142356354
0.314	 0.0	 0.0	 634.2864142356354
0.315	 0.0	 0.0	 634.2864142356354
0.316	 0.0	 0.0	 634.2864142356354
0.317	 0.0	 0.0	 634.2864142356354
0.318	 0.0	 0.0	 634.2864142356354
0.319	 0.0	 0.0	 634.2864142356354
0.32	 0.0	 0.0	 634.2864142356354
0.321	 0.0	 0.0	 634.2864142356354
0.322	 0.0	 0.0	 634.2864142356354
0.323	 0.0	 0.0	 634.2864142356354
0.324	 0.0	 0.0	 634.2864142356354
0.325	 0.0	 0.0	 634.2864142356354
0.326	 0.0	 0.0	 634.2864142356354
0.327	 0.0	 0.0	 634.2864142356354
0.328	 0.0	 0.0	 634.2864142356354
0.329	 0.0	 0.0	 634.2864142356354
0.33	 0.0	 0.0	 634.2864142356354
0.331	 0.0	 0.0	 634.2864142356354
0.332	 0.0	 0.0	 634.2864142356354
0.333	 0.0	 0.0	 634.2864142356354
0.33399999999999996	 0.0	 0.0	 634.2864142356354
0.335	 0.0	 0.0	 634.2864142356354
0.336	 0.0	 0.0	 634.2864142356354
0.337	 0.0	 0.0	 634.2864142356354
0.338	 0.0	 0.0	 634.2864142356354
0.339	 0.0	 0.0	 634.2864142356354
0.34	 0.0	 0.0	 634.2864142356354
0.34099999999999997	 0.0	 0.0	 634.2864142356354
0.342	 0.0	 0.0	 634.2864142356354
0.34299999999999997	 0.0	 0.0	 634.2864142356354
0.34400000000000003	 0.0	 0.0	 634.2864142356354
0.345	 0.0	 0.0	 634.2864142356354
0.34600000000000003	 0.0	 0.0	 634.2864142356354
0.34700000000000003	 0.0	 0.0	 634.2864142356354
0.348	 0.0	 0.0	 634.2864142356354
0.34900000000000003	 0.0	 0.0	 634.2864142356354
0.35	 0.0	 0.0	 634.2864142356354
0.35100000000000003	 0.0	 0.0	 634.2864142356354
0.352	 0.0	 0.0	 634.2864142356354
0.35300000000000004	 0.0	 0.0	 634.2864142356354
0.354	 0.0	 0.0	 634.2864142356354
0.355	 0.0	 0.0	 634.2864142356354
0.35600000000000004	 0.0	 0.0	 634.2864142356354
0.357	 0.0	 0.0	 634.2864142356354
0.35800000000000004	 0.0	 0.0	 634.2864142356354
0.359	 0.0	 0.0	 634.2864142356354
0.36000000000000004	 0.0	 0.0	 634.2864142356354
0.361	 0.0	 0.0	 634.2864142356354
0.36200000000000004	 0.0	 0.0	 634.2864142356354
0.363	 0.0	 0.0	 634.2864142356354
0.364	 0.0	 0.0	 634.2864142356354
0.365	 0.0	 0.0	 634.2864142356354
0.366	 0.0	 0.0	 634.2864142356354
0.36700000000000005	 0.0	 0.0	 634.2864142356354
0.368	 0.0	 0.0	 634.2864142356354
0.36900000000000005	 0.0	 0.0	 634.2864142356354
0.37	 0.0	 0.0	 634.2864142356354
0.371	 0.0	 0.0	 634.2864142356354
0.372	 0.0	 0.0	 634.2864142356354
0.373	 0.0	 0.0	 634.2864142356354
0.374	 0.0	 0.0	 634.2864142356354
0.375	 0.0	 0.0	 634.2864142356354
0.37600000000000006	 0.0	 0.0	 634.2864142356354
0.377	 0.0	 0.0	 634.2864142356354
0.378	 0.0	 0.0	 634.2864142356354
0.379	 0.0	 0.0	 634.2864142356354
0.38	 0.0	 0.0	 634.2864142356354
0.381	 0.0	 0.0	 634.2864142356354
0.382	 0.0	 0.0	 634.2864142356354
0.383	 0.0	 0.0	 634.2864142356354
0.384	 0.0	 0.0	 634.2864142356354
0.385	 0.0	 0.0	 634.2864142356354
0.386	 0.0	 0.0	 634.2864142356354
0.387	 0.0	 0.0	 634.2864142356354
0.388	 0.0	 0.0	 634.2864142356354
0.389	 0.0	 0.0	 634.2864142356354
0.39	 0.0	 0.0	 634.2864142356354
0.391	 0.0	 0.0	 634.2864142356354
0.392	 0.0	 0.0	 634.2864142356354
0.393	 0.0	 0.0	 634.2864142356354
0.39399999999999996	 0.0	 0.0	 634.2864142356354
0.395	 0.0	 0.0	 634.2864142356354
0.396	 0.0	 0.0	 634.2864142356354
0.397	 0.0	 0.0	 634.2864142356354
0.398	 0.0	 0.0	 634.2864142356354
0.399	 0.0	 0.0	 634.2864142356354
0.4	 0.0	 0.0	 634.2864142356354
0.40099999999999997	 0.0	 0.0	 634.2864142356354
0.402	 0.0	 0.0	 634.2864142356354
0.40299999999999997	 0.0	 0.0	 634.2864142356354
0.404	 0.0	 0.0	 634.2864142356354
0.405	 0.0	 0.0	 634.2864142356354
0.406	 0.0	 0.0	 634.2864142356354
0.40700000000000003	 0.0	 0.0	 634.2864142356354
0.408	 0.0	 0.0	 634.2864142356354
0.40900000000000003	 0.0	 0.0	 634.2864142356354
0.41	 0.0	 0.0	 634.2864142356354
0.41100000000000003	 0.0	 0.0	 634.2864142356354
0.412	 0.0	 0.0	 634.2864142356354
0.41300000000000003	 0.0	 0.0	 634.2864142356354
0.414	 0.0	 0.0	 634.2864142356354
0.415	 0.0	 0.0	 634.2864142356354
0.41600000000000004	 0.0	 0.0	 634.2864142356354
0.417	 0.0	 0.0	 634.2864142356354
0.41800000000000004	 0.0	 0.0	 634.2864142356354
0.419	 0.0	 0.0	 634.2864142356354
0.42000000000000004	 0.0	 0.0	 634.2864142356354
0.421	 0.0	 0.0	 634.2864142356354
0.422	 0.0	 0.0	 634.2864142356354
0.423	 0.0	 0.0	 634.2864142356354
0.424	 0.0	 0.0	 634.2864142356354
0.42500000000000004	 0.0	 0.0	 634.2864142356354
0.426	 0.0	 0.0	 634.2864142356354
0.42700000000000005	 0.0	 0.0	 634.2864142356354
0.428	 0.0	 0.0	 634.2864142356354
0.429	 0.0	 0.0	 634.2864142356354
0.43	 0.0	 0.0	 634.2864142356354
0.431	 0.0	 0.0	 634.2864142356354
0.432	 0.0	 0.0	 634.2864142356354
0.433	 0.0	 0.0	 634.2864142356354
0.434	 0.0	 0.0	 634.2864142356354
0.435	 0.0	 0.0	 634.2864142356354
0.43600000000000005	 0.0	 0.0	 634.2864142356354
0.437	 0.0	 0.0	 634.2864142356354
0.438	 0.0	 0.0	 634.2864142356354
0.439	 0.0	 0.0	 634.2864142356354
0.44	 0.0	 0.0	 634.2864142356354
0.441	 0.0	 0.0	 634.2864142356354
0.442	 0.0	 0.0	 634.2864142356354
0.443	 0.0	 0.0	 634.2864142356354
0.444	 0.0	 0.0	 634.2864142356354
0.445	 0.0	 0.0	 634.2864142356354
0.446	 0.0	 0.0	 634.2864142356354
0.447	 0.0	 0.0	 634.2864142356354
0.448	 0.0	 0.0	 634.2864142356354
0.449	 0.0	 0.0	 634.2864142356354
0.45	 0.0	 0.0	 634.2864142356354
0.451	 0.0	 0.0	 634.2864142356354
0.45199999999999996	 0.0	 0.0	 634.2864142356354
0.453	 0.0	 0.0	 634.2864142356354
0.454	 0.0	 0.0	 634.2864142356354
0.455	 0.0	 0.0	 634.2864142356354
0.456	 0.0	 0.0	 634.2864142356354
0.457	 0.0	 0.0	 634.2864142356354
0.458	 0.0	 0.0	 634.2864142356354
0.45899999999999996	 0.0	 0.0	 634.2864142356354
0.46	 0.0	 0.0	 634.2864142356354
0.46099999999999997	 0.0	 0.0	 634.2864142356354
0.462	 0.0	 0.0	 634.2864142356354
0.46299999999999997	 0.0	 0.0	 634.2864142356354
0.464	 0.0	 0.0	 634.2864142356354
0.465	 0.0	 0.0	 634.2864142356354
0.46599999999999997	 0.0	 0.0	 634.2864142356354
0.467	 0.0	 0.0	 634.2864142356354
0.46799999999999997	 0.0	 0.0	 634.2864142356354
0.46900000000000003	 0.0	 0.0	 634.2864142356354
0.47	 0.0	 0.0	 634.2864142356354
0.47100000000000003	 0.0	 0.0	 634.2864142356354
0.472	 0.0	 0.0	 634.2864142356354
0.47300000000000003	 0.0	 0.0	 634.2864142356354
0.47400000000000003	 0.0	 0.0	 634.2864142356354
0.475	 0.0	 0.0	 634.2864142356354
0.47600000000000003	 0.0	 0.0	 634.2864142356354
0.477	 0.0	 0.0	 634.2864142356354
0.47800000000000004	 0.0	 0.0	 634.2864142356354
0.479	 0.0	 0.0	 634.2864142356354
0.48000000000000004	 0.0	 0.0	 634.2864142356354
0.481	 0.0	 0.0	 634.2864142356354
0.482	 0.0	 0.0	 634.2864142356354
0.483	 0.0	 0.0	 634.2864142356354
0.484	 0.0	 0.0	 634.2864142356354
0.48500000000000004	 0.0	 0.0	 634.2864142356354
0.486	 0.0	 0.0	 634.2864142356354
0.48700000000000004	 0.0	 0.0	 634.2864142356354
0.488	 0.0	 0.0	 634.2864142356354
0.48899999999999993	 0.0	 0.0	 634.2864142356354
0.49	 0.0	 0.0	 634.2864142356354
0.491	 0.0	 0.0	 634.2864142356354
0.49200000000000005	 0.0	 0.0	 634.2864142356354
0.49299999999999994	 0.0	 0.0	 634.2864142356354
0.494	 0.0	 0.0	 634.2864142356354
0.495	 0.0	 0.0	 634.2864142356354
0.496	 0.0	 0.0	 634.2864142356354
0.49700000000000005	 0.0	 0.0	 634.2864142356354
0.49799999999999994	 0.0	 0.0	 634.2864142356354
0.499	 0.0	 0.0	 634.2864142356354
0.5	 0.0	 0.0	 634.2864142356354
0.501	 0.0	 0.0	 634.2864142356354
0.502	 0.0	 0.0	 634.2864142356354
0.503	 0.0	 0.0	 634.2864142356354
0.504	 0.0	 0.0	 634.2864142356354
0.505	 0.0	 0.0	 634.2864142356354
0.506	 0.0	 0.0	 634.2864142356354
0.507	 0.0	 0.0	 634.2864142356354
0.508	 0.0	 0.0	 634.2864142356354
0.509	 0.0	 0.0	 634.2864142356354
0.51	 0.0	 0.0	 634.2864142356354
0.5109999999999999	 0.0	 0.0	 634.2864142356354
0.512	 0.0	 0.0	 634.2864142356354
0.513	 0.0	 0.0	 634.2864142356354
0.514	 0.0	 0.0	 634.2864142356354
0.515	 0.0	 0.0	 634.2864142356354
0.516	 0.0	 0.0	 634.2864142356354
0.517	 0.0	 0.0	 634.2864142356354
0.518	 0.0	 0.0	 634.2864142356354
0.519	 0.0	 0.0	 634.2864142356354
0.5199999999999999	 0.0	 0.0	 634.2864142356354
0.521	 0.0	 0.0	 634.2864142356354
0.522	 0.0	 0.0	 634.2864142356354
0.523	 0.0	 0.0	 634.2864142356354
0.524	 0.0	 0.0	 634.2864142356354
0.525	 0.0	 0.0	 634.2864142356354
0.526	 0.0	 0.0	 634.2864142356354
0.527	 0.0	 0.0	 634.2864142356354
0.528	 0.0	 0.0	 634.2864142356354
0.5289999999999999	 0.0	 0.0	 634.2864142356354
0.53	 0.0	 0.0	 634.2864142356354
0.531	 0.0	 0.0	 634.2864142356354
0.532	 0.0	 0.0	 634.2864142356354
0.533	 0.0	 0.0	 634.2864142356354
0.5339999999999999	 0.0	 0.0	 634.2864142356354
0.535	 0.0	 0.0	 634.2864142356354
0.536	 0.0	 0.0	 634.2864142356354
0.537	 0.0	 0.0	 634.2864142356354
0.5379999999999999	 0.0	 0.0	 634.2864142356354
0.539	 0.0	 0.0	 634.2864142356354
0.54	 0.0	 0.0	 634.2864142356354
0.541	 0.0	 0.0	 634.2864142356354
0.5419999999999999	 0.0	 0.0	 634.2864142356354
0.5429999999999999	 0.0	 0.0	 634.2864142356354
0.544	 0.0	 0.0	 634.2864142356354
0.545	 0.0	 0.0	 634.2864142356354
0.546	 0.0	 0.0	 634.2864142356354
0.5469999999999999	 0.0	 0.0	 634.2864142356354
0.5479999999999999	 0.0	 0.0	 634.2864142356354
0.549	 0.0	 0.0	 634.2864142356354
0.55	 0.0	 0.0	 634.2864142356354
0.5509999999999999	 0.0	 0.0	 634.2864142356354
0.5519999999999999	 0.0	 0.0	 634.2864142356354
0.553	 0.0	 0.0	 634.2864142356354
0.554	 0.0	 0.0	 634.2864142356354
0.555	 0.0	 0.0	 634.2864142356354
0.5559999999999999	 0.0	 0.0	 634.2864142356354
0.5569999999999999	 0.0	 0.0	 634.2864142356354
0.558	 0.0	 0.0	 634.2864142356354
0.559	 0.0	 0.0	 634.2864142356354
0.5599999999999999	 0.0	 0.0	 634.2864142356354
0.5609999999999999	 0.0	 0.0	 634.2864142356354
0.562	 0.0	 0.0	 634.2864142356354
0.5630000000000001	 0.0	 0.0	 634.2864142356354
0.5640000000000001	 0.0	 0.0	 634.2864142356354
0.565	 0.0	 0.0	 634.2864142356354
0.566	 0.0	 0.0	 634.2864142356354
0.5670000000000001	 0.0	 0.0	 634.2864142356354
0.5680000000000001	 0.0	 0.0	 634.2864142356354
0.569	 0.0	 0.0	 634.2864142356354
0.57	 0.0	 0.0	 634.2864142356354
0.571	 0.0	 0.0	 634.2864142356354
0.5720000000000001	 0.0	 0.0	 634.2864142356354
0.5730000000000001	 0.0	 0.0	 634.2864142356354
0.574	 0.0	 0.0	 634.2864142356354
0.575	 0.0	 0.0	 634.2864142356354
0.5760000000000001	 0.0	 0.0	 634.2864142356354
0.5770000000000001	 0.0	 0.0	 634.2864142356354
0.578	 0.0	 0.0	 634.2864142356354
0.579	 0.0	 0.0	 634.2864142356354
0.58	 0.0	 0.0	 634.2864142356354
0.5810000000000001	 0.0	 0.0	 634.2864142356354
0.5820000000000001	 0.0	 0.0	 634.2864142356354
0.583	 0.0	 0.0	 634.2864142356354
0.584	 0.0	 0.0	 634.2864142356354
0.585	 0.0	 0.0	 634.2864142356354
0.5860000000000001	 0.0	 0.0	 634.2864142356354
0.587	 0.0	 0.0	 634.2864142356354
0.588	 0.0	 0.0	 634.2864142356354
0.589	 0.0	 0.0	 634.2864142356354
0.5900000000000001	 0.0	 0.0	 634.2864142356354
0.591	 0.0	 0.0	 634.2864142356354
0.592	 0.0	 0.0	 634.2864142356354
0.593	 0.0	 0.0	 634.2864142356354
0.594	 0.0	 0.0	 634.2864142356354
0.5950000000000001	 0.0	 0.0	 634.2864142356354
0.596	 0.0	 0.0	 634.2864142356354
0.597	 0.0	 0.0	 634.2864142356354
0.598	 0.0	 0.0	 634.2864142356354
0.599	 0.0	 0.0	 634.2864142356354
0.6	 0.0	 0.0	 634.2864142356354
