CA	dQw			
[CADaTDCF]	[J/CAD]			
-132	-0.063166667			
-131.994	-0.061369478			
-131.496	-0.053818713			
-130.983	-0.048980507			
-130.47	-0.045526316			
-129.957	-0.042471735			
-129.444	-0.040576754			
-128.988	-0.039237817			
-128.475	-0.038046784			
-127.962	-0.036998051			
-127.449	-0.036092105			
-126.993	-0.03525731			
-126.48	-0.034432749			
-125.967	-0.033654971			
-125.454	-0.033065789			
-124.998	-0.032534113			
-124.485	-0.031877193			
-123.972	-0.031249513			
-123.459	-0.030641326			
-122.946	-0.030085526			
-122.49	-0.029539961			
-121.977	-0.028980507			
-121.464	-0.028440546			
-120.951	-0.027942982			
-120.495	-0.027460039			
-119.982	-0.02697271			
-119.469	-0.026487329			
-118.956	-0.026009747			
-118.443	-0.025572368			
-117.987	-0.025140351			
-117.474	-0.024692008			
-116.961	-0.024251462			
-116.448	-0.023846491			
-115.992	-0.02339961			
-115.479	-0.022996101			
-114.966	-0.022592593			
-114.453	-0.022214912			
-113.997	-0.021838207			
-113.484	-0.021448343			
-112.971	-0.021060429			
-112.458	-0.020680312			
-111.945	-0.020320175			
-111.489	-0.019964912			
-110.976	-0.019588694			
-110.463	-0.019463938			
-109.95	-0.019307018			
-109.494	-0.018951267			
-108.981	-0.018578947			
-108.468	-0.018204678			
-107.955	-0.01785307			
-107.499	-0.017499025			
-106.986	-0.017128655			
-106.473	-0.016758285			
-105.96	-0.016384016			
-105.447	-0.016028509			
-104.991	-0.015676413			
-104.478	-0.015302144			
-103.965	-0.014925926			
-103.452	-0.014572368			
-102.996	-0.014216374			
-102.483	-0.013836257			
-101.97	-0.01345809			
-101.457	-0.013077973			
-100.944	-0.012714912			
-100.488	-0.012352827			
-99.975	-0.011968811			
-99.462	-0.011582846			
-98.949	-0.011217105			
-98.493	-0.01111306			
-97.98	-0.010840156			
-97.467	-0.010440546			
-96.954	-0.010059211			
-96.498	-0.009674464			
-95.985	-0.00925731			
-95.472	-0.008844055			
-94.959	-0.008430799			
-94.446	-0.008067982			
-93.99	-0.007697856			
-93.477	-0.007298246			
-92.964	-0.006865497			
-92.451	-0.006449561			
-91.995	-0.00602924			
-91.482	-0.005582846			
-90.969	-0.005132554			
-90.456	-0.004674464			
-89.943	-0.004241228			
-89.487	-0.003795322			
-88.974	-0.003296296			
-88.461	-0.002883966			
-87.987	-0.00256903			
-87.451	-0.00208114			
-86.995	-0.001598441			
-86.482	-0.001079922			
-85.969	-0.000557505			
-85.456	-2.72904E-05			
-84.943	0.000480263			
-84.487	0.000992203			
-83.974	0.00154191			
-83.461	0.002099415			
-82.948	0.002631579			
-82.492	0.003175439			
-81.979	0.003754386			
-81.466	0.00434308			
-80.953	0.004907895			
-80.497	0.005483431			
-79.984	0.006097466			
-79.471	0.006622363			
-78.997	0.00715514			
-78.462	0.007859649			
-77.949	0.008539474			
-77.493	0.009192982			
-76.98	0.009894737			
-76.467	0.010610136			
-75.954	0.011344298			
-75.498	0.012048733			
-74.985	0.01279922			
-74.472	0.013563353			
-73.959	0.01434308			
-73.446	0.015140351			
-72.99	0.015966862			
-72.477	0.01680117			
-71.964	0.017641326			
-71.451	0.018451754			
-70.995	0.019311891			
-70.482	0.020294347			
-69.969	0.021290448			
-69.456	0.022197368			
-69	0.023120858			
-68.487	0.024116959			
-67.974	0.025132554			
-67.461	0.02617154			
-66.948	0.027173246			
-66.492	0.028196881			
-65.979	0.029304094			
-65.466	0.030436647			
-64.953	0.031532895			
-64.497	0.032654971			
-63.984	0.033873294			
-63.471	0.035508772			
-62.958	0.036826511			
-62.445	0.038087719			
-61.989	0.039380117			
-61.476	0.040785575			
-60.963	0.042237817			
-60.45	0.043717105			
-59.994	0.045333333			
-59.481	0.047070175			
-58.968	0.048764133			
-58.455	0.050333333			
-57.999	0.052007797			
-57.486	0.053744639			
-56.973	0.055510721			
-56.46	0.058114688			
-55.963	0.060194932			
-55.45	0.062039474			
-54.994	0.06397076			
-54.481	0.066196881			
-53.968	0.068582846			
-53.455	0.070614035			
-52.999	0.072699805			
-52.486	0.074988304			
-51.973	0.077407407			
-51.46	0.079867446			
-50.947	0.082239035			
-50.491	0.084701754			
-49.978	0.087649123			
-49.465	0.092167002			
-48.968	0.094951267			
-48.455	0.097692982			
-47.999	0.100520468			
-47.486	0.103602339			
-46.973	0.106787524			
-46.46	0.110079922			
-45.947	0.113287281			
-45.491	0.116602339			
-44.978	0.12022807			
-44.465	0.123984405			
-43.952	0.127651316			
-43.496	0.131647378			
-42.943	0.139676056			
-42.446	0.143594298			
-41.99	0.147721248			
-41.477	0.153031189			
-40.964	0.160678363			
-40.451	0.169982456			
-39.995	0.177495127			
-39.482	0.183475634			
-38.969	0.188765823			
-38.495	0.19391423			
-37.982	0.199413255			
-37.469	0.20514425			
-36.956	0.212345029			
-36.443	0.225221491			
-35.987	0.23111306			
-35.474	0.237499025			
-34.961	0.244169591			
-34.448	0.250984649			
-33.992	0.258440546			
-33.479	0.266079922			
-32.966	0.273935673			
-32.453	0.281815789			
-31.997	0.289795322			
-31.484	0.298423002			
-30.971	0.307296296			
-30.458	0.319391813			
-29.945	0.333594298			
-29.489	0.34202729			
-28.976	0.351179337			
-28.463	0.360637427			
-27.95	0.369629386			
-27.494	0.378923977			
-26.981	0.390473684			
-26.468	0.402896686			
-25.955	0.413798246			
-25.499	0.42451462			
-24.986	0.435752437			
-24.473	0.447378168			
-23.96	0.464701754			
-23.447	0.482282895			
-22.991	0.492955166			
-22.478	0.504395712			
-21.965	0.515838207			
-21.452	0.526734649			
-20.996	0.538007797			
-20.483	0.549883041			
-19.97	0.562304094			
-19.457	0.574736842			
-18.944	0.586425439			
-18.488	0.598586745			
-17.975	0.611789474			
-17.462	0.625309942			
-16.949	0.65522334			
-16.452	0.669182018			
-15.996	0.683366472			
-15.483	0.701212476			
-14.97	0.721953216			
-14.457	0.740610136			
-13.944	0.757660088			
-13.488	0.774672515			
-12.975	0.792598441			
-12.462	0.810196881			
-11.949	0.82725			
-11.493	0.844526316			
-10.98	0.861734893			
-10.467	0.877651072			
-9.954	0.890177632			
-9.498	0.901204678			
-8.985	0.915173489			
-8.472	0.928038986			
-7.959	0.937436647			
-7.446	0.944940789			
-6.99	0.951450292			
-6.477	0.957573099			
-5.964	0.963159844			
-5.451	0.967712719			
-4.995	0.974301775			
-4.488	0.982575049			
-3.975	0.999192067			
-3.496	1.026664706			
-2.986	1.061212			
-2.486	1.09409407			
-1.997	1.133027505			
-1.488	1.17412753			
-0.994	1.232078156			
-0.495	1.297911025			
0.022	1.377572549			
0.532	1.465676413			
1.045	1.561076754			
1.501	1.656432749			
2.014	1.759035088			
2.527	1.860003899			
3.04	1.940233918			
3.553	2.006118421			
4.009	2.071769981			
4.522	2.125298246			
5.035	2.165050682			
5.548	2.195697368			
6.004	2.213072125			
6.517	2.221157895			
7.03	2.220750487			
7.543	2.210727096			
8.056	2.194258772			
8.512	2.190424951			
9.025	2.204865497			
9.538	2.137237817			
10.051	2.077092105			
10.507	2.02028655			
11.02	1.964187135			
11.533	1.910929825			
12.046	1.861789474			
12.502	1.813608187			
13.015	1.764682261			
13.528	1.715923977			
14.041	1.668007797			
14.554	1.623210526			
15.01	1.578243665			
15.523	1.531781676			
16.036	1.486224172			
16.549	1.44366886			
17.005	1.400834308			
17.518	1.356116959			
18.031	1.311705653			
18.544	1.268578947			
19.057	1.228752193			
19.513	1.190261209			
20.026	1.150331384			
20.539	1.111374269			
21.052	1.075462719			
21.508	1.040050682			
22.021	1.003539961			
22.534	0.967736842			
23.047	0.935287281			
23.503	0.904251462			
24.016	0.872068226			
24.529	0.840888889			
25.042	0.810908382			
25.555	0.78366886			
26.011	0.757321637			
26.524	0.730436647			
27.037	0.704530214			
27.55	0.683004386			
28.006	0.678666667			
28.519	0.650902534			
29.032	0.624812865			
29.545	0.601243421			
30.001	0.578925926			
30.514	0.55625731			
31.027	0.534483431			
31.54	0.513849903			
32.053	0.495570175			
32.509	0.478161793			
33.022	0.460639376			
33.535	0.443951267			
34.048	0.428888158			
34.504	0.414582846			
35.017	0.4			
35.53	0.385931774			
36.043	0.372633528			
36.556	0.360462719			
37.012	0.348859649			
37.525	0.337116959			
38.038	0.325734893			
38.551	0.315247807			
39.007	0.305397661			
39.52	0.295555556			
40.033	0.286074074			
40.546	0.277530702			
41.002	0.269333333			
41.515	0.261044834			
42.028	0.25311501			
42.541	0.245508772			
43.054	0.238620614			
43.51	0.231867446			
44.023	0.225083821			
44.536	0.218448343			
45.049	0.212484649			
45.505	0.20674269			
46.018	0.200810916			
46.531	0.195118908			
47.044	0.189580897			
47.557	0.185567982			
48.013	0.183824561			
48.526	0.178306043			
49.039	0.173037037			
49.552	0.168265351			
50.008	0.163604288			
50.521	0.15894347			
51.034	0.154481481			
51.547	0.150399123			
52.003	0.146477583			
52.516	0.142409357			
53.029	0.138483431			
53.542	0.134719298			
54.055	0.131313596			
54.511	0.128031189			
55.024	0.124621832			
55.537	0.121296296			
56.05	0.118359649			
56.506	0.115499025			
57.019	0.112493177			
57.532	0.109576998			
58.045	0.106822368			
58.501	0.104214425			
59.014	0.101647173			
59.527	0.099157895			
60.04	0.096732943			
60.553	0.094504386			
61.009	0.092329435			
61.522	0.090111111			
62.035	0.087962963			
62.548	0.086008772			
63.004	0.084109162			
63.517	0.082109162			
64.03	0.080202729			
64.543	0.078378168			
65.056	0.076712719			
65.512	0.075081871			
66.025	0.073419103			
66.538	0.071805068			
67.051	0.070307018			
67.507	0.069968811			
68.02	0.068397661			
68.533	0.066736842			
69.046	0.065197368			
69.502	0.063760234			
70.015	0.062261209			
70.528	0.060814815			
71.041	0.059403509			
71.554	0.058070175			
72.01	0.056785575			
72.523	0.055374269			
73.036	0.054081871			
73.549	0.052951754			
74.005	0.05185575			
74.518	0.050703704			
75.031	0.049561404			
75.544	0.048434698			
76.057	0.047429825			
76.513	0.04645809			
77.026	0.045436647			
77.539	0.044469786			
78.052	0.043572368			
78.508	0.042590643			
79.021	0.040756335			
79.534	0.039304094			
80.047	0.038074561			
80.503	0.037163743			
81.016	0.036477583			
81.529	0.035810916			
82.042	0.035169591			
82.555	0.034585526			
83.011	0.034003899			
83.524	0.033411306			
84.037	0.032849903			
84.55	0.032333333			
85.006	0.031812865			
85.519	0.03128655			
86.032	0.030762183			
86.545	0.030260965			
87.001	0.029787524			
87.514	0.029637427			
88.027	0.029243665			
88.54	0.028752437			
89.053	0.02827193			
89.509	0.027803119			
90.022	0.02734308			
90.535	0.026890838			
91.048	0.02645614			
91.504	0.026025341			
92.017	0.025584795			
92.53	0.025159844			
93.043	0.024754386			
93.556	0.024355263			
94.012	0.023986355			
94.525	0.023721248			
95.038	0.023448343			
95.551	0.023118421			
96.007	0.022783626			
96.52	0.022434698			
97.033	0.022093567			
97.546	0.021774123			
98.002	0.021463938			
98.515	0.021138402			
99.028	0.020822612			
99.541	0.020516569			
100.054	0.020239035			
100.51	0.019962963			
101.023	0.019682261			
101.536	0.019409357			
102.049	0.019320175			
102.505	0.019269006			
103.018	0.018976608			
103.531	0.018695906			
104.044	0.018426901			
104.557	0.018179825			
105.013	0.017933723			
105.526	0.01780117			
106.039	0.017637427			
106.552	0.017401316			
107.008	0.017192982			
107.521	0.017005848			
108.034	0.016832359			
108.547	0.016679825			
109.003	0.016471735			
109.516	0.016348928			
110.029	0.016259259			
110.542	0.016140351			
111.055	0.016039474			
111.511	0.015873294			
112.024				
