CA	pMess	dummy	dummy	
[KWnZOT]	[bar]	[bar]	[bar]	
-359.3	1.161854978	5	5	
-359.05	1.159690548	5	5	
-358.8	1.157001989	5	5	
-358.55	1.153828081	5	5	
-358.3	1.150271529	5	5	
-358.05	1.146511446	5	5	
-357.8	1.142797998	5	5	
-357.55	1.139419323	5	5	
-357.3	1.136638738	5	5	
-357.05	1.134613226	5	5	
-356.8	1.133318339	5	5	
-356.55	1.132512358	5	5	
-356.3	1.131765912	5	5	
-356.05	1.130559884	5	5	
-355.8	1.128423196	5	5	
-355.55	1.125060258	5	5	
-355.3	1.120420129	5	5	
-355.05	1.114686249	5	5	
-354.8	1.108201103	5	5	
-354.55	1.101363184	5	5	
-354.3	1.09453326	5	5	
-354.05	1.087969646	5	5	
-353.8	1.081794547	5	5	
-353.55	1.075987436	5	5	
-353.3	1.070404881	5	5	
-353.05	1.064828399	5	5	
-352.8	1.05903457	5	5	
-352.55	1.052868268	5	5	
-352.3	1.046291883	5	5	
-352.05	1.039389772	5	5	
-351.8	1.032326414	5	5	
-351.55	1.025278012	5	5	
-351.3	1.018368465	5	5	
-351.05	1.01163628	5	5	
-350.8	1.00504251	5	5	
-350.55	0.99851066	5	5	
-350.3	0.991977145	5	5	
-350.05	0.985430078	5	5	
-349.8	0.978922939	5	5	
-349.55	0.972561437	5	5	
-349.3	0.966470195	5	5	
-349.05	0.960749229	5	5	
-348.8	0.955431241	5	5	
-348.55	0.950452349	5	5	
-348.3	0.945649451	5	5	
-348.05	0.94079213	5	5	
-347.8	0.935643779	5	5	
-347.55	0.930031218	5	5	
-347.3	0.923895036	5	5	
-347.05	0.917301095	5	5	
-346.8	0.910413096	5	5	
-346.55	0.903444397	5	5	
-346.3	0.896612974	5	5	
-346.05	0.890114952	5	5	
-345.8	0.884117134	5	5	
-345.55	0.878757697	5	5	
-345.3	0.87414205	5	5	
-345.05	0.870326936	5	5	
-344.8	0.86729585	5	5	
-344.55	0.864938203	5	5	
-344.3	0.863049077	5	5	
-344.05	0.86136236	5	5	
-343.8	0.859616914	5	5	
-343.55	0.857637547	5	5	
-343.3	0.855399009	5	5	
-343.05	0.853040926	5	5	
-342.8	0.850817569	5	5	
-342.55	0.848993247	5	5	
-342.3	0.847720288	5	5	
-342.05	0.846949639	5	5	
-341.8	0.846416335	5	5	
-341.55	0.845714407	5	5	
-341.3	0.844438365	5	5	
-341.05	0.84233787	5	5	
-340.8	0.839423717	5	5	
-340.55	0.835982508	5	5	
-340.3	0.832495876	5	5	
-340.05	0.829499411	5	5	
-339.8	0.82743772	5	5	
-339.55	0.826567283	5	5	
-339.3	0.826933	5	5	
-339.05	0.82841196	5	5	
-338.8	0.830793345	5	5	
-338.55	0.833854865	5	5	
-338.3	0.837404236	5	5	
-338.05	0.841273916	5	5	
-337.8	0.845280404	5	5	
-337.55	0.84917685	5	5	
-337.3	0.852632133	5	5	
-337.05	0.855258609	5	5	
-336.8	0.856688827	5	5	
-336.55	0.8566787	5	5	
-336.3	0.855200963	5	5	
-336.05	0.85249343	5	5	
-335.8	0.849039735	5	5	
-335.55	0.845480201	5	5	
-335.3	0.842471262	5	5	
-335.05	0.840529331	5	5	
-334.8	0.839905029	5	5	
-334.55	0.840530686	5	5	
-334.3	0.842063968	5	5	
-334.05	0.84401609	5	5	
-333.8	0.845917444	5	5	
-333.55	0.847455538	5	5	
-333.3	0.848532758	5	5	
-333.05	0.849230983	5	5	
-332.8	0.849715324	5	5	
-332.55	0.850134136	5	5	
-332.3	0.850563157	5	5	
-332.05	0.851006701	5	5	
-331.8	0.851433426	5	5	
-331.55	0.851811447	5	5	
-331.3	0.852122418	5	5	
-331.05	0.852360064	5	5	
-330.8	0.85253244	5	5	
-330.55	0.852678243	5	5	
-330.3	0.852886598	5	5	
-330.05	0.853298107	5	5	
-329.8	0.854075074	5	5	
-329.55	0.85535217	5	5	
-329.3	0.857194337	5	5	
-329.05	0.859582796	5	5	
-328.8	0.862428945	5	5	
-328.55	0.865599368	5	5	
-328.3	0.868936506	5	5	
-328.05	0.872273786	5	5	
-327.8	0.875454495	5	5	
-327.55	0.878359573	5	5	
-327.3	0.880936305	5	5	
-327.05	0.883211892	5	5	
-326.8	0.885281574	5	5	
-326.55	0.887274604	5	5	
-326.3	0.889310948	5	5	
-326.05	0.891461193	5	5	
-325.8	0.893716859	5	5	
-325.55	0.895976861	5	5	
-325.3	0.898059769	5	5	
-325.05	0.899752536	5	5	
-324.8	0.900895073	5	5	
-324.55	0.901477229	5	5	
-324.3	0.90170418	5	5	
-324.05	0.901986095	5	5	
-323.8	0.902835373	5	5	
-323.55	0.904698661	5	5	
-323.3	0.907786803	5	5	
-323.05	0.911972128	5	5	
-322.8	0.916794861	5	5	
-322.55	0.921574522	5	5	
-322.3	0.925582839	5	5	
-322.05	0.928219716	5	5	
-321.8	0.92914443	5	5	
-321.55	0.928338258	5	5	
-321.3	0.926096989	5	5	
-321.05	0.922964906	5	5	
-320.8	0.919627549	5	5	
-320.55	0.916784125	5	5	
-320.3	0.915023908	5	5	
-320.05	0.914731122	5	5	
-319.8	0.916036124	5	5	
-319.55	0.91881775	5	5	
-319.3	0.922748353	5	5	
-319.05	0.927365229	5	5	
-318.8	0.932151734	5	5	
-318.55	0.936614831	5	5	
-318.3	0.940349131	5	5	
-318.05	0.943079586	5	5	
-317.8	0.94467815	5	5	
-317.55	0.945155538	5	5	
-317.3	0.944635907	5	5	
-317.05	0.943325639	5	5	
-316.8	0.941484935	5	5	
-316.55	0.939404449	5	5	
-316.3	0.937383688	5	5	
-316.05	0.935706815	5	5	
-315.8	0.934614525	5	5	
-315.55	0.934274506	5	5	
-315.3	0.934755102	5	5	
-315.05	0.936007116	5	5	
-314.8	0.937859025	5	5	
-314.55	0.940031171	5	5	
-314.3	0.942173288	5	5	
-314.05	0.943924907	5	5	
-313.8	0.94499039	5	5	
-313.55	0.945212299	5	5	
-313.3	0.94462178	5	5	
-313.05	0.943445527	5	5	
-312.8	0.942057427	5	5	
-312.55	0.940880041	5	5	
-312.3	0.940262884	5	5	
-312.05	0.940381442	5	5	
-311.8	0.941200028	5	5	
-311.55	0.942516915	5	5	
-311.3	0.944070069	5	5	
-311.05	0.945648784	5	5	
-310.8	0.947152749	5	5	
-310.55	0.948571361	5	5	
-310.3	0.949904739	5	5	
-310.05	0.951083466	5	5	
-309.8	0.951943503	5	5	
-309.55	0.952276227	5	5	
-309.3	0.951925215	5	5	
-309.05	0.950872291	5	5	
-308.8	0.949263538	5	5	
-308.55	0.947364094	5	5	
-308.3	0.945472126	5	5	
-308.05	0.94383999	5	5	
-307.8	0.942635424	5	5	
-307.55	0.941942323	5	5	
-307.3	0.941775745	5	5	
-307.05	0.942086719	5	5	
-306.8	0.942754711	5	5	
-306.55	0.943587641	5	5	
-306.3	0.944351367	5	5	
-306.05	0.944830327	5	5	
-305.8	0.94489539	5	5	
-305.55	0.944544115	5	5	
-305.3	0.943890776	5	5	
-305.05	0.943109732	5	5	
-304.8	0.94235946	5	5	
-304.55	0.941723229	5	5	
-304.3	0.941193418	5	5	
-304.05	0.940704675	5	5	
-303.8	0.94019559	5	5	
-303.55	0.939660853	5	5	
-303.3	0.939157705	5	5	
-303.05	0.93875635	5	5	
-302.8	0.938462904	5	5	
-302.55	0.938170489	5	5	
-302.3	0.937686091	5	5	
-302.05	0.936836011	5	5	
-301.8	0.935597623	5	5	
-301.55	0.934177761	5	5	
-301.3	0.932980315	5	5	
-301.05	0.932465743	5	5	
-300.8	0.932965621	5	5	
-300.55	0.934538703	5	5	
-300.3	0.936929656	5	5	
-300.05	0.939636995	5	5	
-299.8	0.942047811	5	5	
-299.55	0.943579876	5	5	
-299.3	0.94378926	5	5	
-299.05	0.942433952	5	5	
-298.8	0.93950636	5	5	
-298.55	0.935247027	5	5	
-298.3	0.930135471	5	5	
-298.05	0.924840482	5	5	
-297.8	0.920117087	5	5	
-297.55	0.916660925	5	5	
-297.3	0.914958025	5	5	
-297.05	0.915180012	5	5	
-296.8	0.917161791	5	5	
-296.55	0.920466623	5	5	
-296.3	0.924509281	5	5	
-296.05	0.928689378	5	5	
-295.8	0.932491936	5	5	
-295.55	0.935535644	5	5	
-295.3	0.937576537	5	5	
-295.05	0.93849117	5	5	
-294.8	0.938262154	5	5	
-294.55	0.936974603	5	5	
-294.3	0.934816119	5	5	
-294.05	0.932065929	5	5	
-293.8	0.929063396	5	5	
-293.55	0.926157634	5	5	
-293.3	0.923650472	5	5	
-293.05	0.921749045	5	5	
-292.8	0.92054101	5	5	
-292.55	0.919997051	5	5	
-292.3	0.919995823	5	5	
-292.05	0.920359709	5	5	
-291.8	0.920888752	5	5	
-291.55	0.921385467	5	5	
-291.3	0.921671873	5	5	
-291.05	0.921606335	5	5	
-290.8	0.921106828	5	5	
-290.55	0.920178754	5	5	
-290.3	0.918934786	5	5	
-290.05	0.917589678	5	5	
-289.8	0.91641965	5	5	
-289.55	0.915692332	5	5	
-289.3	0.915590192	5	5	
-289.05	0.916157445	5	5	
-288.8	0.91729176	5	5	
-288.55	0.918781705	5	5	
-288.3	0.920370146	5	5	
-288.05	0.921814828	5	5	
-287.8	0.922924979	5	5	
-287.55	0.923571119	5	5	
-287.3	0.923681703	5	5	
-287.05	0.923243826	5	5	
-286.8	0.922314488	5	5	
-286.55	0.921032653	5	5	
-286.3	0.919613518	5	5	
-286.05	0.918312257	5	5	
-285.8	0.917361947	5	5	
-285.55	0.916907898	5	5	
-285.3	0.916966697	5	5	
-285.05	0.917428667	5	5	
-284.8	0.918102521	5	5	
-284.55	0.918781935	5	5	
-284.3	0.919305834	5	5	
-284.05	0.919591011	5	5	
-283.8	0.919632338	5	5	
-283.55	0.919481804	5	5	
-283.3	0.91922342	5	5	
-283.05	0.918954467	5	5	
-282.8	0.918771381	5	5	
-282.55	0.91875155	5	5	
-282.3	0.918927015	5	5	
-282.05	0.919258831	5	5	
-281.8	0.919630862	5	5	
-281.55	0.919878987	5	5	
-281.3	0.919855316	5	5	
-281.05	0.919505856	5	5	
-280.8	0.918926919	5	5	
-280.55	0.918368614	5	5	
-280.3	0.918172952	5	5	
-280.05	0.918661277	5	5	
-279.8	0.920009174	5	5	
-279.55	0.922155966	5	5	
-279.3	0.924785631	5	5	
-279.05	0.927390243	5	5	
-278.8	0.929397055	5	5	
-278.55	0.930318941	5	5	
-278.3	0.929882542	5	5	
-278.05	0.928098498	5	5	
-277.8	0.925257054	5	5	
-277.55	0.921853124	5	5	
-277.3	0.918463153	5	5	
-277.05	0.915608813	5	5	
-276.8	0.913646236	5	5	
-276.55	0.912711409	5	5	
-276.3	0.912733057	5	5	
-276.05	0.913500486	5	5	
-275.8	0.914755464	5	5	
-275.55	0.916272481	5	5	
-275.3	0.917901921	5	5	
-275.05	0.91956998	5	5	
-274.8	0.921247661	5	5	
-274.55	0.922911111	5	5	
-274.3	0.924513917	5	5	
-274.05	0.925981831	5	5	
-273.8	0.92722785	5	5	
-273.55	0.928176767	5	5	
-273.3	0.928786666	5	5	
-273.05	0.929059481	5	5	
-272.8	0.929039937	5	5	
-272.55	0.928807365	5	5	
-272.3	0.928465724	5	5	
-272.05	0.928134492	5	5	
-271.8	0.927939478	5	5	
-271.55	0.928000424	5	5	
-271.3	0.928412506	5	5	
-271.05	0.929221475	5	5	
-270.8	0.93039735	5	5	
-270.55	0.931817635	5	5	
-270.3	0.933274142	5	5	
-270.05	0.934512522	5	5	
-269.8	0.93529927	5	5	
-269.55	0.935493582	5	5	
-269.3	0.935092477	5	5	
-269.05	0.934225892	5	5	
-268.8	0.933101691	5	5	
-268.55	0.931926064	5	5	
-268.3	0.930837162	5	5	
-268.05	0.929881778	5	5	
-267.8	0.929041205	5	5	
-267.55	0.928286458	5	5	
-267.3	0.927628515	5	5	
-267.05	0.92713314	5	5	
-266.8	0.926890095	5	5	
-266.55	0.926952857	5	5	
-266.3	0.927283658	5	5	
-266.05	0.927738827	5	5	
-265.8	0.928109334	5	5	
-265.55	0.928201216	5	5	
-265.3	0.927917359	5	5	
-265.05	0.927300263	5	5	
-264.8	0.926516299	5	5	
-264.55	0.925792641	5	5	
-264.3	0.925339819	5	5	
-264.05	0.925293821	5	5	
-263.8	0.925694619	5	5	
-263.55	0.926496647	5	5	
-263.3	0.927594873	5	5	
-263.05	0.928851956	5	5	
-262.8	0.930121309	5	5	
-262.55	0.931267802	5	5	
-262.3	0.932187788	5	5	
-262.05	0.93282575	5	5	
-261.8	0.933182358	5	5	
-261.55	0.933310788	5	5	
-261.3	0.933302603	5	5	
-261.05	0.933267313	5	5	
-260.8	0.93330951	5	5	
-260.55	0.933506457	5	5	
-260.3	0.933889564	5	5	
-260.05	0.934434792	5	5	
-259.8	0.93506666	5	5	
-259.55	0.935676643	5	5	
-259.3	0.936151469	5	5	
-259.05	0.936404076	5	5	
-258.8	0.936401047	5	5	
-258.55	0.936182022	5	5	
-258.3	0.935864868	5	5	
-258.05	0.935626654	5	5	
-257.8	0.93565215	5	5	
-257.55	0.936055341	5	5	
-257.3	0.936801611	5	5	
-257.05	0.93767329	5	5	
-256.8	0.938312517	5	5	
-256.55	0.938340511	5	5	
-256.3	0.937509338	5	5	
-256.05	0.935818765	5	5	
-255.8	0.933544337	5	5	
-255.55	0.931166264	5	5	
-255.3	0.929235378	5	5	
-255.05	0.928234308	5	5	
-254.8	0.928479902	5	5	
-254.55	0.930080934	5	5	
-254.3	0.932937848	5	5	
-254.05	0.936764914	5	5	
-253.8	0.941126683	5	5	
-253.55	0.945493706	5	5	
-253.3	0.949322975	5	5	
-253.05	0.952155375	5	5	
-252.8	0.953706884	5	5	
-252.55	0.95392488	5	5	
-252.3	0.95298994	5	5	
-252.05	0.951261507	5	5	
-251.8	0.949183618	5	5	
-251.55	0.947177874	5	5	
-251.3	0.945553252	5	5	
-251.05	0.944456828	5	5	
-250.8	0.943877607	5	5	
-250.55	0.943699246	5	5	
-250.3	0.943780207	5	5	
-250.05	0.944027711	5	5	
-249.8	0.944431777	5	5	
-249.55	0.945041378	5	5	
-249.3	0.945892887	5	5	
-249.05	0.946928998	5	5	
-248.8	0.947957715	5	5	
-248.55	0.948685415	5	5	
-248.3	0.948820301	5	5	
-248.05	0.948202619	5	5	
-247.8	0.946898887	5	5	
-247.55	0.945210806	5	5	
-247.3	0.943588281	5	5	
-247.05	0.942479566	5	5	
-246.8	0.942178984	5	5	
-246.55	0.942732853	5	5	
-246.3	0.94393872	5	5	
-246.05	0.945433577	5	5	
-245.8	0.946830166	5	5	
-245.55	0.947843087	5	5	
-245.3	0.948356285	5	5	
-245.05	0.948415406	5	5	
-244.8	0.948164877	5	5	
-244.55	0.947770936	5	5	
-244.3	0.947368601	5	5	
-244.05	0.947048507	5	5	
-243.8	0.946874031	5	5	
-243.55	0.9469047	5	5	
-243.3	0.947203738	5	5	
-243.05	0.947821719	5	5	
-242.8	0.948765422	5	5	
-242.55	0.94997199	5	5	
-242.3	0.95130786	5	5	
-242.05	0.95259984	5	5	
-241.8	0.953688151	5	5	
-241.55	0.954478111	5	5	
-241.3	0.954966228	5	5	
-241.05	0.955228899	5	5	
-240.8	0.955380579	5	5	
-240.55	0.955522478	5	5	
-240.3	0.955705273	5	5	
-240.05	0.955920208	5	5	
-239.8	0.956118642	5	5	
-239.55	0.956248112	5	5	
-239.3	0.956287601	5	5	
-239.05	0.956266171	5	5	
-238.8	0.956255761	5	5	
-238.55	0.956338967	5	5	
-238.3	0.956563859	5	5	
-238.05	0.956906638	5	5	
-237.8	0.95726408	5	5	
-237.55	0.957487581	5	5	
-237.3	0.957451127	5	5	
-237.05	0.957125017	5	5	
-236.8	0.956617326	5	5	
-236.55	0.956154172	5	5	
-236.3	0.955996847	5	5	
-236.05	0.956327557	5	5	
-235.8	0.957157885	5	5	
-235.55	0.95831	5	5	
-235.3	0.959487499	5	5	
-235.05	0.960405685	5	5	
-234.8	0.96091697	5	5	
-234.55	0.961068405	5	5	
-234.3	0.961066456	5	5	
-234.05	0.961175768	5	5	
-233.8	0.961610808	5	5	
-233.55	0.962472928	5	5	
-233.3	0.963749005	5	5	
-233.05	0.965349641	5	5	
-232.8	0.967150349	5	5	
-232.55	0.969012538	5	5	
-232.3	0.970786187	5	5	
-232.05	0.972311982	5	5	
-231.8	0.973438305	5	5	
-231.55	0.974053991	5	5	
-231.3	0.974123772	5	5	
-231.05	0.97370842	5	5	
-230.8	0.972956714	5	5	
-230.55	0.972067613	5	5	
-230.3	0.971233532	5	5	
-230.05	0.970584425	5	5	
-229.8	0.970153345	5	5	
-229.55	0.969876043	5	5	
-229.3	0.969623869	5	5	
-229.05	0.969258044	5	5	
-228.8	0.9686889	5	5	
-228.55	0.967924945	5	5	
-228.3	0.967098375	5	5	
-228.05	0.966454121	5	5	
-227.8	0.966293293	5	5	
-227.55	0.966875346	5	5	
-227.3	0.968305822	5	5	
-227.05	0.970456326	5	5	
-226.8	0.972963563	5	5	
-226.55	0.975326647	5	5	
-226.3	0.977075682	5	5	
-226.05	0.977944176	5	5	
-225.8	0.977967846	5	5	
-225.55	0.977462217	5	5	
-225.3	0.976887565	5	5	
-225.05	0.976663	5	5	
-224.8	0.977013536	5	5	
-224.55	0.977913609	5	5	
-224.3	0.979139966	5	5	
-224.05	0.980394324	5	5	
-223.8	0.981429567	5	5	
-223.55	0.982123953	5	5	
-223.3	0.9824848	5	5	
-223.05	0.982601556	5	5	
-222.8	0.98258569	5	5	
-222.55	0.982526415	5	5	
-222.3	0.982469992	5	5	
-222.05	0.982415386	5	5	
-221.8	0.98231969	5	5	
-221.55	0.98211602	5	5	
-221.3	0.981749617	5	5	
-221.05	0.981226696	5	5	
-220.8	0.980652794	5	5	
-220.55	0.980230442	5	5	
-220.3	0.98020169	5	5	
-220.05	0.9807534	5	5	
-219.8	0.981931194	5	5	
-219.55	0.983609675	5	5	
-219.3	0.985537321	5	5	
-219.05	0.98743151	5	5	
-218.8	0.989070982	5	5	
-218.55	0.990339436	5	5	
-218.3	0.991209989	5	5	
-218.05	0.991699573	5	5	
-217.8	0.991836226	5	5	
-217.55	0.991661914	5	5	
-217.3	0.991257428	5	5	
-217.05	0.990754451	5	5	
-216.8	0.990310503	5	5	
-216.55	0.99005529	5	5	
-216.3	0.990043413	5	5	
-216.05	0.990246151	5	5	
-215.8	0.990586355	5	5	
-215.55	0.990990124	5	5	
-215.3	0.991421363	5	5	
-215.05	0.991884229	5	5	
-214.8	0.992404567	5	5	
-214.55	0.993011112	5	5	
-214.3	0.993724742	5	5	
-214.05	0.9945461	5	5	
-213.8	0.995430901	5	5	
-213.55	0.996263521	5	5	
-213.3	0.996862691	5	5	
-213.05	0.997049314	5	5	
-212.8	0.996765373	5	5	
-212.55	0.996179071	5	5	
-212.3	0.995689766	5	5	
-212.05	0.995787552	5	5	
-211.8	0.996811989	5	5	
-211.55	0.998735515	5	5	
-211.3	1.00110796	5	5	
-211.05	1.003220274	5	5	
-210.8	1.004420764	5	5	
-210.55	1.004423803	5	5	
-210.3	1.003449089	5	5	
-210.05	1.002120499	5	5	
-209.8	1.00118108	5	5	
-209.55	1.001170742	5	5	
-209.3	1.002220411	5	5	
-209.05	1.004046518	5	5	
-208.8	1.006127801	5	5	
-208.55	1.007965388	5	5	
-208.3	1.009300544	5	5	
-208.05	1.010195705	5	5	
-207.8	1.010953285	5	5	
-207.55	1.01192166	5	5	
-207.3	1.013287783	5	5	
-207.05	1.014960191	5	5	
-206.8	1.016601626	5	5	
-206.55	1.017795377	5	5	
-206.3	1.018259623	5	5	
-206.05	1.017996757	5	5	
-205.8	1.017297842	5	5	
-205.55	1.016600643	5	5	
-205.3	1.016279533	5	5	
-205.05	1.016480668	5	5	
-204.8	1.017085681	5	5	
-204.55	1.017811756	5	5	
-204.3	1.018381947	5	5	
-204.05	1.018669883	5	5	
-203.8	1.018749498	5	5	
-203.55	1.018839897	5	5	
-203.3	1.019189142	5	5	
-203.05	1.019960685	5	5	
-202.8	1.021170405	5	5	
-202.55	1.022688926	5	5	
-202.3	1.024295046	5	5	
-202.05	1.025752628	5	5	
-201.8	1.026883336	5	5	
-201.55	1.027614076	5	5	
-201.3	1.027986801	5	5	
-201.05	1.028129661	5	5	
-200.8	1.028201842	5	5	
-200.55	1.028335068	5	5	
-200.3	1.028595768	5	5	
-200.05	1.028980663	5	5	
-199.8	1.029440674	5	5	
-199.55	1.029914468	5	5	
-199.3	1.030351794	5	5	
-199.05	1.030717857	5	5	
-198.8	1.030985137	5	5	
-198.55	1.031127803	5	5	
-198.3	1.031130413	5	5	
-198.05	1.031009347	5	5	
-197.8	1.03083154	5	5	
-197.55	1.030711156	5	5	
-197.3	1.030775535	5	5	
-197.05	1.031111399	5	5	
-196.8	1.031718108	5	5	
-196.55	1.032494982	5	5	
-196.3	1.033273001	5	5	
-196.05	1.033877812	5	5	
-195.8	1.034195484	5	5	
-195.55	1.034213215	5	5	
-195.3	1.03402177	5	5	
-195.05	1.033784389	5	5	
-194.8	1.033688621	5	5	
-194.55	1.033899023	5	5	
-194.3	1.0345225	5	5	
-194.05	1.035589603	5	5	
-193.8	1.037049106	5	5	
-193.55	1.038771938	5	5	
-193.3	1.040563188	5	5	
-193.05	1.042184425	5	5	
-192.8	1.04338947	5	5	
-192.55	1.04397321	5	5	
-192.3	1.043826262	5	5	
-192.05	1.042981358	5	5	
-191.8	1.041633413	5	5	
-191.55	1.040116801	5	5	
-191.3	1.038832527	5	5	
-191.05	1.038135577	5	5	
-190.8	1.038214997	5	5	
-190.55	1.039015326	5	5	
-190.3	1.040243488	5	5	
-190.05	1.041473598	5	5	
-189.8	1.042314183	5	5	
-189.55	1.042564971	5	5	
-189.3	1.042289524	5	5	
-189.05	1.041770918	5	5	
-188.8	1.041377673	5	5	
-188.55	1.041409922	5	5	
-188.3	1.041996567	5	5	
-188.05	1.04307688	5	5	
-187.8	1.044452784	5	5	
-187.55	1.045871057	5	5	
-187.3	1.04709833	5	5	
-187.05	1.047972865	5	5	
-186.8	1.048433387	5	5	
-186.55	1.048526055	5	5	
-186.3	1.048383671	5	5	
-186.05	1.048172679	5	5	
-185.8	1.048020031	5	5	
-185.55	1.047952377	5	5	
-185.3	1.047884405	5	5	
-185.05	1.047671049	5	5	
-184.8	1.047200513	5	5	
-184.55	1.046477063	5	5	
-184.3	1.045644961	5	5	
-184.05	1.044937905	5	5	
-183.8	1.044580583	5	5	
-183.55	1.044694329	5	5	
-183.3	1.045253479	5	5	
-183.05	1.046109173	5	5	
-182.8	1.047062244	5	5	
-182.55	1.04794536	5	5	
-182.3	1.048675791	5	5	
-182.05	1.049260231	5	5	
-181.8	1.049759568	5	5	
-181.55	1.050239823	5	5	
-181.3	1.050736657	5	5	
-181.05	1.051246541	5	5	
-180.8	1.051739161	5	5	
-180.55	1.052175799	5	5	
-180.3	1.052522087	5	5	
-180.05	1.05275403	5	5	
-179.8	1.052862268	5	5	
-179.55	1.052856352	5	5	
-179.3	1.052764274	5	5	
-179.05	1.052622536	5	5	
-178.8	1.052461118	5	5	
-178.55	1.052296823	5	5	
-178.3	1.052145799	5	5	
-178.05	1.052049803	5	5	
-177.8	1.052093206	5	5	
-177.55	1.052385894	5	5	
-177.3	1.053007143	5	5	
-177.05	1.053936072	5	5	
-176.8	1.055013341	5	5	
-176.55	1.055970259	5	5	
-176.3	1.05652667	5	5	
-176.05	1.056517329	5	5	
-175.8	1.055983328	5	5	
-175.55	1.055176286	5	5	
-175.3	1.054464659	5	5	
-175.05	1.054181494	5	5	
-174.8	1.054483705	5	5	
-174.55	1.055287524	5	5	
-174.3	1.056306651	5	5	
-174.05	1.057170449	5	5	
-173.8	1.057565261	5	5	
-173.55	1.057338526	5	5	
-173.3	1.056530458	5	5	
-173.05	1.055335015	5	5	
-172.8	1.054020254	5	5	
-172.55	1.052845953	5	5	
-172.3	1.052004859	5	5	
-172.05	1.051594877	5	5	
-171.8	1.051616061	5	5	
-171.55	1.05198389	5	5	
-171.3	1.052554702	5	5	
-171.05	1.053161796	5	5	
-170.8	1.053656956	5	5	
-170.55	1.053945686	5	5	
-170.3	1.054003127	5	5	
-170.05	1.053865447	5	5	
-169.8	1.053604148	5	5	
-169.55	1.053298603	5	5	
-169.3	1.053019322	5	5	
-169.05	1.052823762	5	5	
-168.8	1.05275728	5	5	
-168.55	1.052850927	5	5	
-168.3	1.05311411	5	5	
-168.05	1.053526961	5	5	
-167.8	1.054038795	5	5	
-167.55	1.054575818	5	5	
-167.3	1.055057099	5	5	
-167.05	1.05541525	5	5	
-166.8	1.055616613	5	5	
-166.55	1.05567411	5	5	
-166.3	1.055645978	5	5	
-166.05	1.05561797	5	5	
-165.8	1.055674702	5	5	
-165.55	1.055872149	5	5	
-165.3	1.056222502	5	5	
-165.05	1.056694992	5	5	
-164.8	1.057228397	5	5	
-164.55	1.057749208	5	5	
-164.3	1.058193087	5	5	
-164.05	1.058529029	5	5	
-163.8	1.058780252	5	5	
-163.55	1.059027789	5	5	
-163.3	1.059383555	5	5	
-163.05	1.059935802	5	5	
-162.8	1.06069279	5	5	
-162.55	1.061560981	5	5	
-162.3	1.062378831	5	5	
-162.05	1.062993161	5	5	
-161.8	1.06333605	5	5	
-161.55	1.063458174	5	5	
-161.3	1.063501455	5	5	
-161.05	1.063630008	5	5	
-160.8	1.063959027	5	5	
-160.55	1.064515239	5	5	
-160.3	1.065238839	5	5	
-160.05	1.066014378	5	5	
-159.8	1.066710431	5	5	
-159.55	1.067214733	5	5	
-159.3	1.067461786	5	5	
-159.05	1.067453418	5	5	
-158.8	1.067267847	5	5	
-158.55	1.067047602	5	5	
-158.3	1.066960548	5	5	
-158.05	1.06714265	5	5	
-157.8	1.067646915	5	5	
-157.55	1.068426992	5	5	
-157.3	1.06936956	5	5	
-157.05	1.070363185	5	5	
-156.8	1.071368408	5	5	
-156.55	1.072449528	5	5	
-156.3	1.073746971	5	5	
-156.05	1.075400616	5	5	
-155.8	1.077461242	5	5	
-155.55	1.079834364	5	5	
-155.3	1.082284778	5	5	
-155.05	1.08450085	5	5	
-154.8	1.086190721	5	5	
-154.55	1.087170691	5	5	
-154.3	1.087412315	5	5	
-154.05	1.087033979	5	5	
-153.8	1.086245884	5	5	
-153.55	1.08527526	5	5	
-153.3	1.08430452	5	5	
-153.05	1.083446126	5	5	
-152.8	1.082757903	5	5	
-152.55	1.082281428	5	5	
-152.3	1.082075759	5	5	
-152.05	1.08222507	5	5	
-151.8	1.082816744	5	5	
-151.55	1.083904026	5	5	
-151.3	1.085473655	5	5	
-151.05	1.087432646	5	5	
-150.8	1.089617167	5	5	
-150.55	1.091819043	5	5	
-150.3	1.093824381	5	5	
-150.05	1.095459392	5	5	
-149.8	1.096635384	5	5	
-149.55	1.097378785	5	5	
-149.3	1.097830316	5	5	
-149.05	1.098206147	5	5	
-148.8	1.098731194	5	5	
-148.55	1.099569934	5	5	
-148.3	1.100782252	5	5	
-148.05	1.102318969	5	5	
-147.8	1.104052479	5	5	
-147.55	1.105824798	5	5	
-147.3	1.107494415	5	5	
-147.05	1.108970945	5	5	
-146.8	1.110234219	5	5	
-146.55	1.111337183	5	5	
-146.3	1.112391586	5	5	
-146.05	1.113536928	5	5	
-145.8	1.114898233	5	5	
-145.55	1.116544275	5	5	
-145.3	1.118460411	5	5	
-145.05	1.120547356	5	5	
-144.8	1.122649813	5	5	
-144.55	1.124608845	5	5	
-144.3	1.126321403	5	5	
-144.05	1.127783701	5	5	
-143.8	1.129097288	5	5	
-143.55	1.13043046	5	5	
-143.3	1.131948253	5	5	
-143.05	1.133740485	5	5	
-142.8	1.135778723	5	5	
-142.55	1.137918461	5	5	
-142.3	1.139941634	5	5	
-142.05	1.141619843	5	5	
-141.8	1.142776532	5	5	
-141.55	1.143333501	5	5	
-141.3	1.143335042	5	5	
-141.05	1.14294671	5	5	
-140.8	1.142427049	5	5	
-140.55	1.142074326	5	5	
-140.3	1.142158271	5	5	
-140.05	1.142855087	5	5	
-139.8	1.144206514	5	5	
-139.55	1.146117221	5	5	
-139.3	1.148391416	5	5	
-139.05	1.150795449	5	5	
-138.8	1.153124578	5	5	
-138.55	1.155252285	5	5	
-138.3	1.157148795	5	5	
-138.05	1.158867754	5	5	
-137.8	1.160511331	5	5	
-137.55	1.162190444	5	5	
-137.3	1.163996289	5	5	
-137.05	1.165992227	5	5	
-136.8	1.168223709	5	5	
-136.55	1.170733396	5	5	
-136.3	1.173565095	5	5	
-136.05	1.176747214	5	5	
-135.8	1.180261038	5	5	
-135.55	1.184012063	5	5	
-135.3	1.187824699	5	5	
-135.05	1.191470265	5	5	
-134.8	1.194722764	5	5	
-134.55	1.197426208	5	5	
-134.3	1.199554823	5	5	
-134.05	1.201249216	5	5	
-133.8	1.202812513	5	5	
-133.55	1.204653162	5	5	
-133.3	1.207173808	5	5	
-133.05	1.210631719	5	5	
-132.8	1.215024075	5	5	
-132.55	1.220058322	5	5	
-132.3	1.225238457	5	5	
-132	1.23	5	5	
-131.994	1.23	5	5	
-131.496	1.23	5	5	
-130.983	1.24	5	5	
-130.47	1.25	5	5	
-129.957	1.25	5	5	
-129.444	1.26	5	5	
-128.988	1.26	5	5	
-128.475	1.27	5	5	
-127.962	1.27	5	5	
-127.449	1.28	5	5	
-126.993	1.28	5	5	
-126.48	1.29	5	5	
-125.967	1.29	5	5	
-125.454	1.3	5	5	
-124.998	1.31	5	5	
-124.485	1.31	5	5	
-123.972	1.32	5	5	
-123.459	1.32	5	5	
-122.946	1.33	5	5	
-122.49	1.34	5	5	
-121.977	1.34	5	5	
-121.464	1.35	5	5	
-120.951	1.36	5	5	
-120.495	1.36	5	5	
-119.982	1.37	5	5	
-119.469	1.38	5	5	
-118.956	1.39	5	5	
-118.443	1.39	5	5	
-117.987	1.4	5	5	
-117.474	1.41	5	5	
-116.961	1.41	5	5	
-116.448	1.42	5	5	
-115.992	1.43	5	5	
-115.479	1.44	5	5	
-114.966	1.45	5	5	
-114.453	1.46	5	5	
-113.997	1.46	5	5	
-113.484	1.47	5	5	
-112.971	1.48	5	5	
-112.458	1.49	5	5	
-111.945	1.5	5	5	
-111.489	1.51	5	5	
-110.976	1.52	5	5	
-110.463	1.53	5	5	
-109.95	1.54	5	5	
-109.494	1.55	5	5	
-108.981	1.56	5	5	
-108.468	1.57	5	5	
-107.955	1.58	5	5	
-107.499	1.59	5	5	
-106.986	1.6	5	5	
-106.473	1.61	5	5	
-105.96	1.62	5	5	
-105.447	1.63	5	5	
-104.991	1.64	5	5	
-104.478	1.65	5	5	
-103.965	1.67	5	5	
-103.452	1.68	5	5	
-102.996	1.69	5	5	
-102.483	1.7	5	5	
-101.97	1.72	5	5	
-101.457	1.73	5	5	
-100.944	1.74	5	5	
-100.488	1.75	5	5	
-99.975	1.77	5	5	
-99.462	1.78	5	5	
-98.949	1.8	5	5	
-98.493	1.81	5	5	
-97.98	1.83	5	5	
-97.467	1.84	5	5	
-96.954	1.86	5	5	
-96.498	1.87	5	5	
-95.985	1.89	5	5	
-95.472	1.9	5	5	
-94.959	1.92	5	5	
-94.446	1.94	5	5	
-93.99	1.95	5	5	
-93.477	1.97	5	5	
-92.964	1.99	5	5	
-92.451	2.01	5	5	
-91.995	2.02	5	5	
-91.482	2.04	5	5	
-90.969	2.06	5	5	
-90.456	2.08	5	5	
-89.943	2.1	5	5	
-89.487	2.12	5	5	
-88.974	2.14	5	5	
-88.461	2.16	5	5	
-87.987	2.18	5	5	
-87.451	2.2	5	5	
-86.995	2.22	5	5	
-86.482	2.24	5	5	
-85.969	2.27	5	5	
-85.456	2.29	5	5	
-84.943	2.32	5	5	
-84.487	2.34	5	5	
-83.974	2.36	5	5	
-83.461	2.39	5	5	
-82.948	2.41	5	5	
-82.492	2.44	5	5	
-81.979	2.47	5	5	
-81.466	2.49	5	5	
-80.953	2.52	5	5	
-80.497	2.55	5	5	
-79.984	2.58	5	5	
-79.471	2.61	5	5	
-78.997	2.63	5	5	
-78.462	2.67	5	5	
-77.949	2.7	5	5	
-77.493	2.73	5	5	
-76.98	2.76	5	5	
-76.467	2.8	5	5	
-75.954	2.83	5	5	
-75.498	2.86	5	5	
-74.985	2.9	5	5	
-74.472	2.94	5	5	
-73.959	2.97	5	5	
-73.446	3.01	5	5	
-72.99	3.05	5	5	
-72.477	3.09	5	5	
-71.964	3.13	5	5	
-71.451	3.17	5	5	
-70.995	3.21	5	5	
-70.482	3.25	5	5	
-69.969	3.3	5	5	
-69.456	3.35	5	5	
-69	3.39	5	5	
-68.487	3.44	5	5	
-67.974	3.48	5	5	
-67.461	3.54	5	5	
-66.948	3.59	5	5	
-66.492	3.63	5	5	
-65.979	3.69	5	5	
-65.466	3.74	5	5	
-64.953	3.8	5	5	
-64.497	3.85	5	5	
-63.984	3.91	5	5	
-63.471	3.97	5	5	
-62.958	4.03	5	5	
-62.445	4.1	5	5	
-61.989	4.16	5	5	
-61.476	4.22	5	5	
-60.963	4.29	5	5	
-60.45	4.36	5	5	
-59.994	4.43	5	5	
-59.481	4.5	5	5	
-58.968	4.58	5	5	
-58.455	4.65	5	5	
-57.999	4.72	5	5	
-57.486	4.81	5	5	
-56.973	4.89	5	5	
-56.46	4.97	5	5	
-55.963	5.06	5	5	
-55.45	5.15	5	5	
-54.994	5.23	5	5	
-54.481	5.33	5	5	
-53.968	5.42	5	5	
-53.455	5.52	5	5	
-52.999	5.61	5	5	
-52.486	5.72	5	5	
-51.973	5.83	5	5	
-51.46	5.94	5	5	
-50.947	6.05	5	5	
-50.491	6.15	5	5	
-49.978	6.27	5	5	
-49.465	6.4	5	5	
-48.968	6.52	5	5	
-48.455	6.65	5	5	
-47.999	6.77	5	5	
-47.486	6.91	5	5	
-46.973	7.05	5	5	
-46.46	7.19	5	5	
-45.947	7.34	5	5	
-45.491	7.48	5	5	
-44.978	7.64	5	5	
-44.465	7.8	5	5	
-43.952	7.97	5	5	
-43.496	8.12	5	5	
-42.943	8.31	5	5	
-42.446	8.49	5	5	
-41.99	8.65	5	5	
-41.477	8.85	5	5	
-40.964	9.04	5	5	
-40.451	9.23	5	5	
-39.995	9.41	5	5	
-39.482	9.61	5	5	
-38.969	9.82	5	5	
-38.495	10.02	5	5	
-37.982	10.25	5	5	
-37.469	10.48	5	5	
-36.956	10.72	5	5	
-36.443	10.97	5	5	
-35.987	11.2	5	5	
-35.474	11.46	5	5	
-34.961	11.74	5	5	
-34.448	12.02	5	5	
-33.992	12.28	5	5	
-33.479	12.58	5	5	
-32.966	12.88	5	5	
-32.453	13.2	5	5	
-31.997	13.49	5	5	
-31.484	13.83	5	5	
-30.971	14.17	5	5	
-30.458	14.53	5	5	
-29.945	14.9	5	5	
-29.489	15.23	5	5	
-28.976	15.62	5	5	
-28.463	16.02	5	5	
-27.95	16.43	5	5	
-27.494	16.8	5	5	
-26.981	17.23	5	5	
-26.468	17.67	5	5	
-25.955	18.13	5	5	
-25.499	18.54	5	5	
-24.986	19.02	5	5	
-24.473	19.51	5	5	
-23.96	20.01	5	5	
-23.447	20.53	5	5	
-22.991	20.99	5	5	
-22.478	21.53	5	5	
-21.965	22.09	5	5	
-21.452	22.65	5	5	
-20.996	23.16	5	5	
-20.483	23.75	5	5	
-19.97	24.35	5	5	
-19.457	24.97	5	5	
-18.944	25.6	5	5	
-18.488	26.17	5	5	
-17.975	26.82	5	5	
-17.462	27.5	5	5	
-16.949	28.19	5	5	
-16.452	28.88	5	5	
-15.996	29.53	5	5	
-15.483	30.28	5	5	
-14.97	31.05	5	5	
-14.457	31.84	5	5	
-13.944	32.65	5	5	
-13.488	33.39	5	5	
-12.975	34.25	5	5	
-12.462	35.12	5	5	
-11.949	36.03	5	5	
-11.493	36.84	5	5	
-10.98	37.75	5	5	
-10.467	38.63	5	5	
-9.954	39.47	5	5	
-9.498	40.18	5	5	
-8.985	40.95	5	5	
-8.472	41.7	5	5	
-7.959	42.41	5	5	
-7.446	43.11	5	5	
-6.99	43.7	5	5	
-6.477	44.35	5	5	
-5.964	44.98	5	5	
-5.451	45.58	5	5	
-4.995	46.12	5	5	
-4.488	46.75	5	5	
-3.975	47.45	5	5	
-3.496	48.23	5	5	
-2.986	49.2	5	5	
-2.486	50.2	5	5	
-1.997	51.18	5	5	
-1.488	52.35	5	5	
-0.994	53.56	5	5	
-0.495	54.83	5	5	
0.022	56.26	5	5	
0.532	57.81	5	5	
1.045	59.35	5	5	
1.501	60.78	5	5	
2.014	62.43	5	5	
2.527	63.9	5	5	
3.04	65.18	5	5	
3.553	66.33	5	5	
4.009	67.16	5	5	
4.522	67.92	5	5	
5.035	68.48	5	5	
5.548	68.8	5	5	
6.004	68.93	5	5	
6.517	68.9	5	5	
7.03	68.66	5	5	
7.543	68.24	5	5	
8.056	67.7	5	5	
8.512	67.13	5	5	
9.025	66.39	5	5	
9.538	65.57	5	5	
10.051	64.67	5	5	
10.507	63.8	5	5	
11.02	62.76	5	5	
11.533	61.68	5	5	
12.046	60.55	5	5	
12.502	59.52	5	5	
13.015	58.35	5	5	
13.528	57.17	5	5	
14.041	55.97	5	5	
14.554	54.77	5	5	
15.01	53.69	5	5	
15.523	52.49	5	5	
16.036	51.29	5	5	
16.549	50.1	5	5	
17.005	49.06	5	5	
17.518	47.89	5	5	
18.031	46.74	5	5	
18.544	45.6	5	5	
19.057	44.48	5	5	
19.513	43.5	5	5	
20.026	42.42	5	5	
20.539	41.36	5	5	
21.052	40.32	5	5	
21.508	39.41	5	5	
22.021	38.41	5	5	
22.534	37.43	5	5	
23.047	36.47	5	5	
23.503	35.64	5	5	
24.016	34.73	5	5	
24.529	33.84	5	5	
25.042	32.98	5	5	
25.555	32.14	5	5	
26.011	31.41	5	5	
26.524	30.61	5	5	
27.037	29.83	5	5	
27.55	29.07	5	5	
28.006	28.42	5	5	
28.519	27.7	5	5	
29.032	27	5	5	
29.545	26.33	5	5	
30.001	25.74	5	5	
30.514	25.1	5	5	
31.027	24.48	5	5	
31.54	23.88	5	5	
32.053	23.3	5	5	
32.509	22.79	5	5	
33.022	22.24	5	5	
33.535	21.7	5	5	
34.048	21.18	5	5	
34.504	20.73	5	5	
35.017	20.24	5	5	
35.53	19.76	5	5	
36.043	19.3	5	5	
36.556	18.85	5	5	
37.012	18.46	5	5	
37.525	18.04	5	5	
38.038	17.63	5	5	
38.551	17.23	5	5	
39.007	16.89	5	5	
39.52	16.51	5	5	
40.033	16.14	5	5	
40.546	15.79	5	5	
41.002	15.48	5	5	
41.515	15.14	5	5	
42.028	14.82	5	5	
42.541	14.5	5	5	
43.054	14.19	5	5	
43.51	13.92	5	5	
44.023	13.63	5	5	
44.536	13.35	5	5	
45.049	13.08	5	5	
45.505	12.84	5	5	
46.018	12.58	5	5	
46.531	12.32	5	5	
47.044	12.08	5	5	
47.557	11.84	5	5	
48.013	11.63	5	5	
48.526	11.41	5	5	
49.039	11.19	5	5	
49.552	10.97	5	5	
50.008	10.78	5	5	
50.521	10.58	5	5	
51.034	10.38	5	5	
51.547	10.19	5	5	
52.003	10.02	5	5	
52.516	9.84	5	5	
53.029	9.66	5	5	
53.542	9.49	5	5	
54.055	9.32	5	5	
54.511	9.17	5	5	
55.024	9.01	5	5	
55.537	8.85	5	5	
56.05	8.7	5	5	
56.506	8.57	5	5	
57.019	8.42	5	5	
57.532	8.28	5	5	
58.045	8.14	5	5	
58.501	8.02	5	5	
59.014	7.89	5	5	
59.527	7.76	5	5	
60.04	7.64	5	5	
60.553	7.52	5	5	
61.009	7.41	5	5	
61.522	7.29	5	5	
62.035	7.18	5	5	
62.548	7.07	5	5	
63.004	6.97	5	5	
63.517	6.87	5	5	
64.03	6.76	5	5	
64.543	6.66	5	5	
65.056	6.57	5	5	
65.512	6.48	5	5	
66.025	6.39	5	5	
66.538	6.29	5	5	
67.051	6.2	5	5	
67.507	6.13	5	5	
68.02	6.04	5	5	
68.533	5.96	5	5	
69.046	5.87	5	5	
69.502	5.8	5	5	
70.015	5.72	5	5	
70.528	5.65	5	5	
71.041	5.57	5	5	
71.554	5.5	5	5	
72.01	5.43	5	5	
72.523	5.36	5	5	
73.036	5.29	5	5	
73.549	5.23	5	5	
74.005	5.17	5	5	
74.518	5.1	5	5	
75.031	5.04	5	5	
75.544	4.98	5	5	
76.057	4.92	5	5	
76.513	4.87	5	5	
77.026	4.81	5	5	
77.539	4.75	5	5	
78.052	4.69	5	5	
78.508	4.65	5	5	
79.021	4.59	5	5	
79.534	4.54	5	5	
80.047	4.49	5	5	
80.503	4.44	5	5	
81.016	4.39	5	5	
81.529	4.35	5	5	
82.042	4.3	5	5	
82.555	4.25	5	5	
83.011	4.21	5	5	
83.524	4.17	5	5	
84.037	4.12	5	5	
84.55	4.08	5	5	
85.006	4.04	5	5	
85.519	4	5	5	
86.032	3.96	5	5	
86.545	3.92	5	5	
87.001	3.89	5	5	
87.514	3.85	5	5	
88.027	3.81	5	5	
88.54	3.77	5	5	
89.053	3.74	5	5	
89.509	3.7	5	5	
90.022	3.67	5	5	
90.535	3.64	5	5	
91.048	3.6	5	5	
91.504	3.57	5	5	
92.017	3.54	5	5	
92.53	3.51	5	5	
93.043	3.48	5	5	
93.556	3.45	5	5	
94.012	3.42	5	5	
94.525	3.39	5	5	
95.038	3.36	5	5	
95.551	3.33	5	5	
96.007	3.31	5	5	
96.52	3.28	5	5	
97.033	3.25	5	5	
97.546	3.23	5	5	
98.002	3.2	5	5	
98.515	3.18	5	5	
99.028	3.15	5	5	
99.541	3.13	5	5	
100.054	3.1	5	5	
100.51	3.08	5	5	
101.023	3.06	5	5	
101.536	3.04	5	5	
102.049	3.01	5	5	
102.505	2.99	5	5	
103.018	2.97	5	5	
103.531	2.95	5	5	
104.044	2.93	5	5	
104.557	2.91	5	5	
105.013	2.89	5	5	
105.526	2.87	5	5	
106.039	2.85	5	5	
106.552	2.83	5	5	
107.008	2.81	5	5	
107.521	2.8	5	5	
108.034	2.78	5	5	
108.547	2.76	5	5	
109.003	2.74	5	5	
109.516	2.73	5	5	
110.029	2.71	5	5	
110.542	2.69	5	5	
111.055	2.68	5	5	
111.511	2.66	5	5	
112.024	2.64	5	5	
112.45	2.727638895	5	5	
112.7	2.720546019	5	5	
112.95	2.713001541	5	5	
113.2	2.705217592	5	5	
113.45	2.697438836	5	5	
113.7	2.689875938	5	5	
113.95	2.682642242	5	5	
114.2	2.67572738	5	5	
114.45	2.669028123	5	5	
114.7	2.662425313	5	5	
114.95	2.655865927	5	5	
115.2	2.649402541	5	5	
115.45	2.643165579	5	5	
115.7	2.637283971	5	5	
115.95	2.631802112	5	5	
116.2	2.626644122	5	5	
116.45	2.621647734	5	5	
116.7	2.61664762	5	5	
116.95	2.611558431	5	5	
117.2	2.606409594	5	5	
117.45	2.60131432	5	5	
117.7	2.596393782	5	5	
117.95	2.591699784	5	5	
118.2	2.587174432	5	5	
118.45	2.582660505	5	5	
118.7	2.57794994	5	5	
118.95	2.572845325	5	5	
119.2	2.567213048	5	5	
119.45	2.561018104	5	5	
119.7	2.554338654	5	5	
119.95	2.547359702	5	5	
120.2	2.540344307	5	5	
120.45	2.533584218	5	5	
120.7	2.527340581	5	5	
120.95	2.521792691	5	5	
121.2	2.517010817	5	5	
121.45	2.512956917	5	5	
121.7	2.509502842	5	5	
121.95	2.506450376	5	5	
122.2	2.503545128	5	5	
122.45	2.500489868	5	5	
122.7	2.496970316	5	5	
122.95	2.492701013	5	5	
123.2	2.48748474	5	5	
123.45	2.481266886	5	5	
123.7	2.474164392	5	5	
123.95	2.466457149	5	5	
124.2	2.4585415	5	5	
124.45	2.450854867	5	5	
124.7	2.443786353	5	5	
124.95	2.437592565	5	5	
125.2	2.432340943	5	5	
125.45	2.427900681	5	5	
125.7	2.423989743	5	5	
125.95	2.420266528	5	5	
126.2	2.416435129	5	5	
126.45	2.41232529	5	5	
126.7	2.407918463	5	5	
126.95	2.40331526	5	5	
127.2	2.398664431	5	5	
127.45	2.394086172	5	5	
127.7	2.389618706	5	5	
127.95	2.385202423	5	5	
128.2	2.380700945	5	5	
128.45	2.375950052	5	5	
128.7	2.370822149	5	5	
128.95	2.365290548	5	5	
129.2	2.359472264	5	5	
129.45	2.353625924	5	5	
129.7	2.348091081	5	5	
129.95	2.343178603	5	5	
130.2	2.339049097	5	5	
130.45	2.335630861	5	5	
130.7	2.332618764	5	5	
130.95	2.329562786	5	5	
131.2	2.326015234	5	5	
131.45	2.321678987	5	5	
131.7	2.31649871	5	5	
131.95	2.310662519	5	5	
132.2	2.304520183	5	5	
132.45	2.298456963	5	5	
132.7	2.292775087	5	5	
132.95	2.287624008	5	5	
133.2	2.282994312	5	5	
133.45	2.278762818	5	5	
133.7	2.274760244	5	5	
133.95	2.270831579	5	5	
134.2	2.266869395	5	5	
134.45	2.2628148	5	5	
134.7	2.258634241	5	5	
134.95	2.254289624	5	5	
135.2	2.249721681	5	5	
135.45	2.244860107	5	5	
135.7	2.239659533	5	5	
135.95	2.234144061	5	5	
136.2	2.22843449	5	5	
136.45	2.222738261	5	5	
136.7	2.217300402	5	5	
136.95	2.212333797	5	5	
137.2	2.20795683	5	5	
137.45	2.204161058	5	5	
137.7	2.200816178	5	5	
137.95	2.197704694	5	5	
138.2	2.194571706	5	5	
138.45	2.19117618	5	5	
138.7	2.187333975	5	5	
138.95	2.182945884	5	5	
139.2	2.178006535	5	5	
139.45	2.172594399	5	5	
139.7	2.166849174	5	5	
139.95	2.16094635	5	5	
140.2	2.155076269	5	5	
140.45	2.149427786	5	5	
140.7	2.144170868	5	5	
140.95	2.139433387	5	5	
141.2	2.135274634	5	5	
141.45	2.131665354	5	5	
141.7	2.128485389	5	5	
141.95	2.125544261	5	5	
142.2	2.122621283	5	5	
142.45	2.119515103	5	5	
142.7	2.116089632	5	5	
142.95	2.112303202	5	5	
143.2	2.108210125	5	5	
143.45	2.103930386	5	5	
143.7	2.099595171	5	5	
143.95	2.095289652	5	5	
144.2	2.09102105	5	5	
144.45	2.086731078	5	5	
144.7	2.08234843	5	5	
144.95	2.077851594	5	5	
145.2	2.073302555	5	5	
145.45	2.06882734	5	5	
145.7	2.064552134	5	5	
145.95	2.060533203	5	5	
146.2	2.05672484	5	5	
146.45	2.053007251	5	5	
146.7	2.049259753	5	5	
146.95	2.045436845	5	5	
147.2	2.041602569	5	5	
147.45	2.037902318	5	5	
147.7	2.034485834	5	5	
147.95	2.031420679	5	5	
148.2	2.02863925	5	5	
148.45	2.02594468	5	5	
148.7	2.023073113	5	5	
148.95	2.019785804	5	5	
149.2	2.015954067	5	5	
149.45	2.011605051	5	5	
149.7	2.006912586	5	5	
149.95	2.002138041	5	5	
150.2	1.99754435	5	5	
150.45	1.99331614	5	5	
150.7	1.98951616	5	5	
150.95	1.986092901	5	5	
151.2	1.982932123	5	5	
151.45	1.979925657	5	5	
151.7	1.977024035	5	5	
151.95	1.974248601	5	5	
152.2	1.971658967	5	5	
152.45	1.969292591	5	5	
152.7	1.967105344	5	5	
152.95	1.964940959	5	5	
153.2	1.962545461	5	5	
153.45	1.95962565	5	5	
153.7	1.955934425	5	5	
153.95	1.951354993	5	5	
154.2	1.945954305	5	5	
154.45	1.939984732	5	5	
154.7	1.933830168	5	5	
154.95	1.927912273	5	5	
155.2	1.922586673	5	5	
155.45	1.91806154	5	5	
155.7	1.914361853	5	5	
155.95	1.91134643	5	5	
156.2	1.908768326	5	5	
156.45	1.906357213	5	5	
156.7	1.903897016	5	5	
156.95	1.901274296	5	5	
157.2	1.898483084	5	5	
157.45	1.895588415	5	5	
157.7	1.892667959	5	5	
157.95	1.889760087	5	5	
158.2	1.886841709	5	5	
158.45	1.883842178	5	5	
158.7	1.880680638	5	5	
158.95	1.877304239	5	5	
159.2	1.873708108	5	5	
159.45	1.86993042	5	5	
159.7	1.866028815	5	5	
159.95	1.862051652	5	5	
160.2	1.858017742	5	5	
160.45	1.853913257	5	5	
160.7	1.849706349	5	5	
160.95	1.845371405	5	5	
161.2	1.840909582	5	5	
161.45	1.836354593	5	5	
161.7	1.831762411	5	5	
161.95	1.827194332	5	5	
162.2	1.822705476	5	5	
162.45	1.818342407	5	5	
162.7	1.814141277	5	5	
162.95	1.810114439	5	5	
163.2	1.80622457	5	5	
163.45	1.802363249	5	5	
163.7	1.798358825	5	5	
163.95	1.794025805	5	5	
164.2	1.789240694	5	5	
164.45	1.78400657	5	5	
164.7	1.778468656	5	5	
164.95	1.77286761	5	5	
165.2	1.767451105	5	5	
165.45	1.762385998	5	5	
165.7	1.757710588	5	5	
165.95	1.753342776	5	5	
166.2	1.749131173	5	5	
166.45	1.744919009	5	5	
166.7	1.740592561	5	5	
166.95	1.736101183	5	5	
167.2	1.731452348	5	5	
167.45	1.726692179	5	5	
167.7	1.721879762	5	5	
167.95	1.717059898	5	5	
168.2	1.712240747	5	5	
168.45	1.707387408	5	5	
168.7	1.702440592	5	5	
168.95	1.697356072	5	5	
169.2	1.692143164	5	5	
169.45	1.686875197	5	5	
169.7	1.681660545	5	5	
169.95	1.676590411	5	5	
170.2	1.671697759	5	5	
170.45	1.666954994	5	5	
170.7	1.662310753	5	5	
170.95	1.657739427	5	5	
171.2	1.653270293	5	5	
171.45	1.648978812	5	5	
171.7	1.64494664	5	5	
171.95	1.641211992	5	5	
172.2	1.637731988	5	5	
172.45	1.634369421	5	5	
172.7	1.630907218	5	5	
172.95	1.627088381	5	5	
173.2	1.622674365	5	5	
173.45	1.617507909	5	5	
173.7	1.611560177	5	5	
173.95	1.604943436	5	5	
174.2	1.597882934	5	5	
174.45	1.590659688	5	5	
174.7	1.583548021	5	5	
174.95	1.576769537	5	5	
175.2	1.570470866	5	5	
175.45	1.564717499	5	5	
175.7	1.559491737	5	5	
175.95	1.554691073	5	5	
176.2	1.550135198	5	5	
176.45	1.545593607	5	5	
176.7	1.540836891	5	5	
176.95	1.535699319	5	5	
177.2	1.530129329	5	5	
177.45	1.52420572	5	5	
177.7	1.518110006	5	5	
177.95	1.51206253	5	5	
178.2	1.506243932	5	5	
178.45	1.500729664	5	5	
178.7	1.495462239	5	5	
178.95	1.490274634	5	5	
179.2	1.484960674	5	5	
179.45	1.479368691	5	5	
179.7	1.473480608	5	5	
179.95	1.467438348	5	5	
180.2	1.461498121	5	5	
180.45	1.455925915	5	5	
180.7	1.45087935	5	5	
180.95	1.446332772	5	5	
181.2	1.442083964	5	5	
181.45	1.43783985	5	5	
181.7	1.433338436	5	5	
181.95	1.428448371	5	5	
182.2	1.423203891	5	5	
182.45	1.417768589	5	5	
182.7	1.412354076	5	5	
182.95	1.407132958	5	5	
183.2	1.402178994	5	5	
183.45	1.397450912	5	5	
183.7	1.392820178	5	5	
183.95	1.388130559	5	5	
184.2	1.383267748	5	5	
184.45	1.378211516	5	5	
184.7	1.373045733	5	5	
184.95	1.367917337	5	5	
185.2	1.362960291	5	5	
185.45	1.358221893	5	5	
185.7	1.353631546	5	5	
185.95	1.34903133	5	5	
186.2	1.344254062	5	5	
186.45	1.339208614	5	5	
186.7	1.333929752	5	5	
186.95	1.328570521	5	5	
187.2	1.323344701	5	5	
187.45	1.318448194	5	5	
187.7	1.313992867	5	5	
187.95	1.309976871	5	5	
188.2	1.306298949	5	5	
188.45	1.302807364	5	5	
188.7	1.299361685	5	5	
188.95	1.295881603	5	5	
189.2	1.292363515	5	5	
189.45	1.288860738	5	5	
189.7	1.285439961	5	5	
189.95	1.282136645	5	5	
190.2	1.278930757	5	5	
190.45	1.275752744	5	5	
190.7	1.272514454	5	5	
190.95	1.269148314	5	5	
191.2	1.265635913	5	5	
191.45	1.262014389	5	5	
191.7	1.25836094	5	5	
191.95	1.254765284	5	5	
192.2	1.251302309	5	5	
192.45	1.248012926	5	5	
192.7	1.244895078	5	5	
192.95	1.241903373	5	5	
193.2	1.238956233	5	5	
193.45	1.23595132	5	5	
193.7	1.2327905	5	5	
193.95	1.229412959	5	5	
194.2	1.225829944	5	5	
194.45	1.222148863	5	5	
194.7	1.218571767	5	5	
194.95	1.215357164	5	5	
195.2	1.212746421	5	5	
195.45	1.210873642	5	5	
195.7	1.209692694	5	5	
195.95	1.208957416	5	5	
196.2	1.208275309	5	5	
196.45	1.20722446	5	5	
196.7	1.205491104	5	5	
196.95	1.202968811	5	5	
197.2	1.199772909	5	5	
197.45	1.196163835	5	5	
197.7	1.19242085	5	5	
197.95	1.188734746	5	5	
198.2	1.18517594	5	5	
198.45	1.181747995	5	5	
198.7	1.178484797	5	5	
198.95	1.17552497	5	5	
199.2	1.173114447	5	5	
199.45	1.171534055	5	5	
199.7	1.170992587	5	5	
199.95	1.171541077	5	5	
200.2	1.173045821	5	5	
200.45	1.175222691	5	5	
200.7	1.177706931	5	5	
200.95	1.180125031	5	5	
201.2	1.182146467	5	5	
201.45	1.183510721	5	5	
201.7	1.184037088	5	5	
201.95	1.183627117	5	5	
202.2	1.182265392	5	5	
202.45	1.180019452	5	5	
202.7	1.177037456	5	5	
202.95	1.173542583	5	5	
203.2	1.16982378	5	5	
203.45	1.166221443	5	5	
203.7	1.163104471	5	5	
203.95	1.160834524	5	5	
204.2	1.159717169	5	5	
204.45	1.159947553	5	5	
204.7	1.16156614	5	5	
204.95	1.16444164	5	5	
205.2	1.168290665	5	5	
205.45	1.172729869	5	5	
205.7	1.177343896	5	5	
205.95	1.18174814	5	5	
206.2	1.185631128	5	5	
206.45	1.188772934	5	5	
206.7	1.191046908	5	5	
206.95	1.192416247	5	5	
207.2	1.192933214	5	5	
207.45	1.192739675	5	5	
207.7	1.192059317	5	5	
207.95	1.191170757	5	5	
208.2	1.190359483	5	5	
208.45	1.189861145	5	5	
208.7	1.189819037	5	5	
208.95	1.19027542	5	5	
209.2	1.191198801	5	5	
209.45	1.192528189	5	5	
209.7	1.194206037	5	5	
209.95	1.196181757	5	5	
210.2	1.198390676	5	5	
210.45	1.200732201	5	5	
210.7	1.2030717	5	5	
210.95	1.205272876	5	5	
211.2	1.207244134	5	5	
211.45	1.208970772	5	5	
211.7	1.210513008	5	5	
211.95	1.211972078	5	5	
212.2	1.213447109	5	5	
212.45	1.215009664	5	5	
212.7	1.216708151	5	5	
212.95	1.218591637	5	5	
213.2	1.220728532	5	5	
213.45	1.22319998	5	5	
213.7	1.226066925	5	5	
213.95	1.229329511	5	5	
214.2	1.232903907	5	5	
214.45	1.236630823	5	5	
214.7	1.240310265	5	5	
214.95	1.243742885	5	5	
215.2	1.246759324	5	5	
215.45	1.249233766	5	5	
215.7	1.251093757	5	5	
215.95	1.252341437	5	5	
216.2	1.253086998	5	5	
216.45	1.253573583	5	5	
216.7	1.254161877	5	5	
216.95	1.255254957	5	5	
217.2	1.257176308	5	5	
217.45	1.260047647	5	5	
217.7	1.263726367	5	5	
217.95	1.267843292	5	5	
218.2	1.271936699	5	5	
218.45	1.275629693	5	5	
218.7	1.278770839	5	5	
218.95	1.281469453	5	5	
219.2	1.284005464	5	5	
219.45	1.286657169	5	5	
219.7	1.289535365	5	5	
219.95	1.29251242	5	5	
220.2	1.295286656	5	5	
220.45	1.297550614	5	5	
220.7	1.299176208	5	5	
220.95	1.300321306	5	5	
221.2	1.301404294	5	5	
221.45	1.302960578	5	5	
221.7	1.305450387	5	5	
221.95	1.309103732	5	5	
222.2	1.313862571	5	5	
222.45	1.319430393	5	5	
222.7	1.325392486	5	5	
222.95	1.33134678	5	5	
223.2	1.336991725	5	5	
223.45	1.342146387	5	5	
223.7	1.346712745	5	5	
223.95	1.350614722	5	5	
224.2	1.353753252	5	5	
224.45	1.356002473	5	5	
224.7	1.357248424	5	5	
224.95	1.357451104	5	5	
225.2	1.356702113	5	5	
225.45	1.355254578	5	5	
225.7	1.353514241	5	5	
225.95	1.351993209	5	5	
226.2	1.351236172	5	5	
226.45	1.351732047	5	5	
226.7	1.353824516	5	5	
226.95	1.357635524	5	5	
227.2	1.36301749	5	5	
227.45	1.36955049	5	5	
227.7	1.376595827	5	5	
227.95	1.383404505	5	5	
228.2	1.389260588	5	5	
228.45	1.393623576	5	5	
228.7	1.396230337	5	5	
228.95	1.397129714	5	5	
229.2	1.396645917	5	5	
229.45	1.395288326	5	5	
229.7	1.393635413	5	5	
229.95	1.392218269	5	5	
230.2	1.391421696	5	5	
230.45	1.391416146	5	5	
230.7	1.392133342	5	5	
230.95	1.393296966	5	5	
231.2	1.394510206	5	5	
231.45	1.395383613	5	5	
231.7	1.395666748	5	5	
231.95	1.395337272	5	5	
232.2	1.394610127	5	5	
232.45	1.393857489	5	5	
232.7	1.393467125	5	5	
232.95	1.393695691	5	5	
233.2	1.394578314	5	5	
233.45	1.395931116	5	5	
233.7	1.397439866	5	5	
233.95	1.398788513	5	5	
234.2	1.39976776	5	5	
234.45	1.400322078	5	5	
234.7	1.400530001	5	5	
234.95	1.400543983	5	5	
235.2	1.400525929	5	5	
235.45	1.40060285	5	5	
235.7	1.400847475	5	5	
235.95	1.401275466	5	5	
236.2	1.401849767	5	5	
236.45	1.40248891	5	5	
236.7	1.403081363	5	5	
236.95	1.403507311	5	5	
237.2	1.403663879	5	5	
237.45	1.403485236	5	5	
237.7	1.402949951	5	5	
237.95	1.402074949	5	5	
238.2	1.400903429	5	5	
238.45	1.399496723	5	5	
238.7	1.397934301	5	5	
238.95	1.396316132	5	5	
239.2	1.394756076	5	5	
239.45	1.39335989	5	5	
239.7	1.392194239	5	5	
239.95	1.391263599	5	5	
240.2	1.390510718	5	5	
240.45	1.38984303	5	5	
240.7	1.389171744	5	5	
240.95	1.388443874	5	5	
241.2	1.387653762	5	5	
241.45	1.386832939	5	5	
241.7	1.386025256	5	5	
241.95	1.385254735	5	5	
242.2	1.384492193	5	5	
242.45	1.383630655	5	5	
242.7	1.382487259	5	5	
242.95	1.380849643	5	5	
243.2	1.37856731	5	5	
243.45	1.375657267	5	5	
243.7	1.372368359	5	5	
243.95	1.369152845	5	5	
244.2	1.366532978	5	5	
244.45	1.364906257	5	5	
244.7	1.364372968	5	5	
244.95	1.364668116	5	5	
245.2	1.365235051	5	5	
245.45	1.36541325	5	5	
245.7	1.364661487	5	5	
245.95	1.362725315	5	5	
246.2	1.359688093	5	5	
246.45	1.355899602	5	5	
246.7	1.351826793	5	5	
246.95	1.347894354	5	5	
247.2	1.34437264	5	5	
247.45	1.341339184	5	5	
247.7	1.338707201	5	5	
247.95	1.336295148	5	5	
248.2	1.33390812	5	5	
248.45	1.331407772	5	5	
248.7	1.328754443	5	5	
248.95	1.326010733	5	5	
249.2	1.323303408	5	5	
249.45	1.320753702	5	5	
249.7	1.318402179	5	5	
249.95	1.316163661	5	5	
250.2	1.313840243	5	5	
250.45	1.311194657	5	5	
250.7	1.308053848	5	5	
250.95	1.304392828	5	5	
251.2	1.300355959	5	5	
251.45	1.29620535	5	5	
251.7	1.292225409	5	5	
251.95	1.288634287	5	5	
252.2	1.285542978	5	5	
252.45	1.282968475	5	5	
252.7	1.280872857	5	5	
252.95	1.279190117	5	5	
253.2	1.277822712	5	5	
253.45	1.276623	5	5	
253.7	1.27539331	5	5	
253.95	1.273926897	5	5	
254.2	1.272079178	5	5	
254.45	1.269830268	5	5	
254.7	1.267297974	5	5	
254.95	1.264686638	5	5	
255.2	1.262193501	5	5	
255.45	1.259917528	5	5	
255.7	1.257814163	5	5	
255.95	1.255716804	5	5	
256.2	1.253414989	5	5	
256.45	1.250754079	5	5	
256.7	1.247711704	5	5	
256.95	1.244416424	5	5	
257.2	1.241100648	5	5	
257.45	1.238010994	5	5	
257.7	1.235318894	5	5	
257.95	1.233071554	5	5	
258.2	1.231200231	5	5	
258.45	1.229573316	5	5	
258.7	1.228062412	5	5	
258.95	1.226588917	5	5	
259.2	1.22513337	5	5	
259.45	1.223709969	5	5	
259.7	1.222324404	5	5	
259.95	1.220939236	5	5	
260.2	1.219466552	5	5	
260.45	1.217794769	5	5	
260.7	1.215840238	5	5	
260.95	1.213601617	5	5	
261.2	1.211192042	5	5	
261.45	1.208832531	5	5	
261.7	1.206805189	5	5	
261.95	1.205379175	5	5	
262.2	1.204730456	5	5	
262.45	1.204877694	5	5	
262.7	1.20565354	5	5	
262.95	1.206724276	5	5	
263.2	1.207660038	5	5	
263.45	1.208042283	5	5	
263.7	1.207579109	5	5	
263.95	1.206190958	5	5	
264.2	1.204036081	5	5	
264.45	1.201466039	5	5	
264.7	1.198927382	5	5	
264.95	1.196844159	5	5	
265.2	1.195519729	5	5	
265.45	1.195085742	5	5	
265.7	1.195507598	5	5	
265.95	1.196636348	5	5	
266.2	1.198282452	5	5	
266.45	1.200280724	5	5	
266.7	1.202520871	5	5	
266.95	1.204934664	5	5	
267.2	1.207453675	5	5	
267.45	1.209969277	5	5	
267.7	1.212327034	5	5	
267.95	1.214366834	5	5	
268.2	1.215989236	5	5	
268.45	1.217207994	5	5	
268.7	1.218154387	5	5	
268.95	1.219028415	5	5	
269.2	1.220024579	5	5	
269.45	1.221272622	5	5	
269.7	1.222818625	5	5	
269.95	1.2246424	5	5	
270.2	1.226685957	5	5	
270.45	1.228868717	5	5	
270.7	1.231083657	5	5	
270.95	1.233188301	5	5	
271.2	1.235010943	5	5	
271.45	1.236383102	5	5	
271.7	1.237192312	5	5	
271.95	1.237436075	5	5	
272.2	1.237254496	5	5	
272.45	1.236925785	5	5	
272.7	1.236821071	5	5	
272.95	1.237327815	5	5	
273.2	1.23876077	5	5	
273.45	1.241283668	5	5	
273.7	1.244862905	5	5	
273.95	1.249267118	5	5	
274.2	1.254115428	5	5	
274.45	1.258964714	5	5	
274.7	1.263415085	5	5	
274.95	1.267205276	5	5	
275.2	1.270268578	5	5	
275.45	1.272727995	5	5	
275.7	1.274827737	5	5	
275.95	1.276823601	5	5	
276.2	1.278876847	5	5	
276.45	1.281000896	5	5	
276.7	1.283088906	5	5	
276.95	1.28500924	5	5	
277.2	1.286716741	5	5	
277.45	1.288315534	5	5	
277.7	1.290034136	5	5	
277.95	1.292122885	5	5	
278.2	1.294727774	5	5	
278.45	1.297808313	5	5	
278.7	1.301143687	5	5	
278.95	1.304426203	5	5	
279.2	1.307397576	5	5	
279.45	1.309962172	5	5	
279.7	1.312220283	5	5	
279.95	1.314400905	5	5	
280.2	1.316723181	5	5	
280.45	1.319256763	5	5	
280.7	1.321860233	5	5	
280.95	1.324242293	5	5	
281.2	1.326124766	5	5	
281.45	1.327423992	5	5	
281.7	1.328346475	5	5	
281.95	1.329332931	5	5	
282.2	1.330864812	5	5	
282.45	1.333225034	5	5	
282.7	1.336335443	5	5	
282.95	1.339759021	5	5	
283.2	1.342872907	5	5	
283.45	1.345132683	5	5	
283.7	1.346303793	5	5	
283.95	1.346554104	5	5	
284.2	1.346370902	5	5	
284.45	1.346348929	5	5	
284.7	1.346951513	5	5	
284.95	1.348349851	5	5	
285.2	1.350399595	5	5	
285.45	1.352746325	5	5	
285.7	1.3549968	5	5	
285.95	1.356874569	5	5	
286.2	1.358298957	5	5	
286.45	1.359369484	5	5	
286.7	1.360279807	5	5	
286.95	1.361208634	5	5	
287.2	1.362234467	5	5	
287.45	1.363302948	5	5	
287.7	1.364251435	5	5	
287.95	1.364875017	5	5	
288.2	1.365006609	5	5	
288.45	1.364581811	5	5	
288.7	1.363665922	5	5	
288.95	1.362433996	5	5	
289.2	1.361111981	5	5	
289.45	1.359902193	5	5	
289.7	1.35892295	5	5	
289.95	1.358185721	5	5	
290.2	1.357615508	5	5	
290.45	1.357100159	5	5	
290.7	1.356542705	5	5	
290.95	1.35589364	5	5	
291.2	1.355154077	5	5	
291.45	1.354355919	5	5	
291.7	1.353532791	5	5	
291.95	1.352693884	5	5	
292.2	1.351807724	5	5	
292.45	1.350799598	5	5	
292.7	1.349564956	5	5	
292.95	1.347997301	5	5	
293.2	1.346021286	5	5	
293.45	1.343615468	5	5	
293.7	1.340812494	5	5	
293.95	1.337678731	5	5	
294.2	1.334291021	5	5	
294.45	1.330731193	5	5	
294.7	1.327103587	5	5	
294.95	1.323557002	5	5	
295.2	1.320279709	5	5	
295.45	1.317448212	5	5	
295.7	1.315142816	5	5	
295.95	1.313274041	5	5	
296.2	1.31156937	5	5	
296.45	1.30964203	5	5	
296.7	1.307118195	5	5	
296.95	1.303765462	5	5	
297.2	1.29956544	5	5	
297.45	1.294705213	5	5	
297.7	1.289503636	5	5	
297.95	1.28431297	5	5	
298.2	1.279433938	5	5	
298.45	1.275062578	5	5	
298.7	1.271268622	5	5	
298.95	1.26799822	5	5	
299.2	1.265095989	5	5	
299.45	1.262343429	5	5	
299.7	1.25950796	5	5	
299.95	1.256392494	5	5	
300.2	1.252875169	5	5	
300.45	1.248933116	5	5	
300.7	1.244648279	5	5	
300.95	1.240193597	5	5	
301.2	1.235796788	5	5	
301.45	1.231682595	5	5	
301.7	1.228004749	5	5	
301.95	1.224790222	5	5	
302.2	1.221920404	5	5	
302.45	1.219161867	5	5	
302.7	1.216238441	5	5	
302.95	1.212918178	5	5	
303.2	1.209083544	5	5	
303.45	1.204762255	5	5	
303.7	1.200113283	5	5	
303.95	1.195378253	5	5	
304.2	1.190816405	5	5	
304.45	1.186640672	5	5	
304.7	1.182966886	5	5	
304.95	1.179782856	5	5	
305.2	1.176942256	5	5	
305.45	1.174188951	5	5	
305.7	1.171215681	5	5	
305.95	1.167752243	5	5	
306.2	1.163662906	5	5	
306.45	1.159018514	5	5	
306.7	1.154107327	5	5	
306.95	1.14936652	5	5	
307.2	1.145248739	5	5	
307.45	1.142069794	5	5	
307.7	1.139897458	5	5	
307.95	1.13852858	5	5	
308.2	1.137567016	5	5	
308.45	1.136573287	5	5	
308.7	1.135226591	5	5	
308.95	1.133434241	5	5	
309.2	1.13134566	5	5	
309.45	1.129268664	5	5	
309.7	1.127527432	5	5	
309.95	1.126325351	5	5	
310.2	1.125671195	5	5	
310.45	1.125396229	5	5	
310.7	1.125247695	5	5	
310.95	1.125010797	5	5	
311.2	1.124601851	5	5	
311.45	1.124093299	5	5	
311.7	1.123666459	5	5	
311.95	1.123522231	5	5	
312.2	1.123796472	5	5	
312.45	1.124518748	5	5	
312.7	1.125627105	5	5	
312.95	1.12702261	5	5	
313.2	1.128630736	5	5	
313.45	1.13043903	5	5	
313.7	1.132497677	5	5	
313.95	1.134890216	5	5	
314.2	1.137694338	5	5	
314.45	1.140952062	5	5	
314.7	1.144657832	5	5	
314.95	1.14876057	5	5	
315.2	1.153169692	5	5	
315.45	1.15775827	5	5	
315.7	1.162365062	5	5	
315.95	1.166803597	5	5	
316.2	1.170885028	5	5	
316.45	1.174452516	5	5	
316.7	1.177414879	5	5	
316.95	1.179764441	5	5	
317.2	1.181571822	5	5	
317.45	1.182964214	5	5	
317.7	1.184103401	5	5	
317.95	1.18517731	5	5	
318.2	1.186404992	5	5	
318.45	1.188039497	5	5	
318.7	1.19034819	5	5	
318.95	1.193561101	5	5	
319.2	1.197799302	5	5	
319.45	1.203013653	5	5	
319.7	1.208967104	5	5	
319.95	1.215277555	5	5	
320.2	1.22151089	5	5	
320.45	1.227290211	5	5	
320.7	1.232380477	5	5	
320.95	1.236721349	5	5	
321.2	1.240406305	5	5	
321.45	1.243628351	5	5	
321.7	1.246619738	5	5	
321.95	1.249604076	5	5	
322.2	1.252763243	5	5	
322.45	1.256211589	5	5	
322.7	1.259972459	5	5	
322.95	1.26396322	5	5	
323.2	1.268003586	5	5	
323.45	1.271858975	5	5	
323.7	1.275315161	5	5	
323.95	1.278261214	5	5	
324.2	1.280746019	5	5	
324.45	1.28297743	5	5	
324.7	1.285252732	5	5	
324.95	1.28783806	5	5	
325.2	1.290841399	5	5	
325.45	1.294135686	5	5	
325.7	1.297375094	5	5	
325.95	1.300109288	5	5	
326.2	1.301952712	5	5	
326.45	1.302734572	5	5	
326.7	1.302561209	5	5	
326.95	1.301765984	5	5	
327.2	1.300778484	5	5	
327.45	1.299981025	5	5	
327.7	1.299616151	5	5	
327.95	1.299770935	5	5	
328.2	1.300419923	5	5	
328.45	1.301485458	5	5	
328.7	1.302880577	5	5	
328.95	1.304523392	5	5	
329.2	1.306332638	5	5	
329.45	1.30821937	5	5	
329.7	1.310081981	5	5	
329.95	1.311802486	5	5	
330.2	1.313240752	5	5	
330.45	1.314230077	5	5	
330.7	1.314583983	5	5	
330.95	1.314122506	5	5	
331.2	1.312715856	5	5	
331.45	1.310331036	5	5	
331.7	1.307061369	5	5	
331.95	1.303123676	5	5	
332.2	1.298820041	5	5	
332.45	1.29447412	5	5	
332.7	1.29036047	5	5	
332.95	1.286647301	5	5	
333.2	1.283368849	5	5	
333.45	1.280434563	5	5	
333.7	1.277670879	5	5	
333.95	1.274880914	5	5	
334.2	1.271902266	5	5	
334.45	1.268645458	5	5	
334.7	1.265103808	5	5	
334.95	1.261335528	5	5	
335.2	1.257426996	5	5	
335.45	1.253451368	5	5	
335.7	1.249438845	5	5	
335.95	1.245372365	5	5	
336.2	1.241212941	5	5	
336.45	1.23694351	5	5	
336.7	1.232606927	5	5	
336.95	1.228312649	5	5	
337.2	1.22420168	5	5	
337.45	1.220382589	5	5	
337.7	1.216868302	5	5	
337.95	1.213543221	5	5	
338.2	1.210174885	5	5	
338.45	1.206465113	5	5	
338.7	1.202123365	5	5	
338.95	1.196942825	5	5	
339.2	1.190862567	5	5	
339.45	1.184001638	5	5	
339.7	1.176653052	5	5	
339.95	1.169231805	5	5	
340.2	1.162184122	5	5	
340.45	1.155881585	5	5	
340.7	1.150534339	5	5	
340.95	1.146153866	5	5	
341.2	1.142577032	5	5	
341.45	1.139537561	5	5	
341.7	1.13675186	5	5	
341.95	1.133983577	5	5	
342.2	1.131066916	5	5	
342.45	1.127894149	5	5	
342.7	1.124393316	5	5	
342.95	1.12052492	5	5	
343.2	1.116308593	5	5	
343.45	1.111862893	5	5	
343.7	1.107422762	5	5	
343.95	1.10330496	5	5	
344.2	1.099821164	5	5	
344.45	1.097172732	5	5	
344.7	1.095376717	5	5	
344.95	1.094258171	5	5	
345.2	1.093509192	5	5	
345.45	1.092784101	5	5	
345.7	1.09179093	5	5	
345.95	1.090352436	5	5	
346.2	1.088430192	5	5	
346.45	1.086117818	5	5	
346.7	1.083611039	5	5	
346.95	1.081160855	5	5	
347.2	1.079019129	5	5	
347.45	1.077391312	5	5	
347.7	1.076410578	5	5	
347.95	1.076137107	5	5	
348.2	1.076572205	5	5	
348.45	1.077670808	5	5	
348.7	1.079343043	5	5	
348.95	1.081449277	5	5	
349.2	1.08380133	5	5	
349.45	1.086178969	5	5	
349.7	1.088360183	5	5	
349.95	1.090156133	5	5	
350.2	1.091442117	5	5	
350.45	1.092180834	5	5	
350.7	1.092436342	5	5	
350.95	1.092374015	5	5	
351.2	1.092238623	5	5	
351.45	1.092306192	5	5	
351.7	1.092816999	5	5	
351.95	1.093910369	5	5	
352.2	1.095587577	5	5	
352.45	1.097721768	5	5	
352.7	1.100115804	5	5	
352.95	1.102588311	5	5	
353.2	1.10505418	5	5	
353.45	1.107564938	5	5	
353.7	1.110288139	5	5	
353.95	1.113428912	5	5	
354.2	1.117121939	5	5	
354.45	1.121337646	5	5	
354.7	1.125844683	5	5	
354.95	1.130251052	5	5	
355.2	1.134115734	5	5	
355.45	1.137093354	5	5	
355.7	1.139058399	5	5	
355.95	1.140159771	5	5	
356.2	1.14078071	5	5	
356.45	1.141414734	5	5	
356.7	1.142501923	5	5	
356.95	1.144287374	5	5	
357.2	1.146756318	5	5	
357.45	1.149669315	5	5	
357.7	1.152678541	5	5	
357.95	1.15547146	5	5	
358.2	1.157878172	5	5	
358.45	1.159898823	5	5	
358.7	1.161647789	5	5	
358.95	1.163251183	5	5	
359.2	1.164753747	5	5	
359.45	1.166081482	5	5	
359.7	1.167074546	5	5	
359.95	1.167568597	5	5	
360.2	1.167480641	5	5	
360.45	1.16685729	5	5	
