

0.9972871771
0.9972871728
0.9972871762
0.9766391338
0.9902989701
0.9975876091
0.9975875772
0.9975875783
0.9767083114
0.9871188541
0.9888618460
0.9933556736
0.9928472512
0.9848215656
0.9874788653
0.9927884691
0.9959495953
0.9969553943
0.9973288533
0.9974936026
0.9975587065
0.9975837512
0.9975801677
0.9975835861
0.9975855819
0.9975866352
0.9975871615
0.9975874159
0.9975874735
0.9975875359
0.9975876511
0.9975876671
0.9975875698
0.9857578804
0.9975875303
0.9975875618
0.9975875742
0.9975876246
0.9975875437
0.9975875420
0.9975875381
0.9975876581
0.9975875557
0.9975875569
0.9767676623
0.9975876661
0.9975876517
0.9975875492
0.9958148427
0.9848191252
0.9874266757
0.9927329921
0.9975876641
0.9975876619
0.9975875592
0.9975875523
0.9975875602
0.9975875333
0.9975876510
0.9975876592
0.9975875479
0.9975875493
0.9975875574
0.9975875610
0.9975875520
0.9975875501