Zeit	dQIters	relaxationsFaktor	pSoll	pIst	dQ
8.0	 1.0	 0.7	 7963459.60189394	 7957031.421499137	 6619102.188756129	 
8.0	 2.0	 0.7	 7963459.60189394	 8129040.471365042	 4141839.793992854	 
8.0	 3.0	 0.7	 7963459.60189394	 8008721.09754323	 3489515.7477578204	 
8.0	 4.0	 0.7	 7963459.60189394	 7977009.719141891	 3294401.330503773	 
8.0	 5.0	 0.7	 7963459.60189394	 7967522.282724682	 3235915.4237166517	 
8.0	 6.0	 0.7	 7963459.60189394	 7964678.193417522	 3218374.0261746473	 
8.0	 7.0	 0.7	 7963459.60189394	 7963825.160181827	 3213112.00109873	 
8.0	 8.0	 0.7	 7963459.60189394	 7963569.2676544245	 3211533.429065979	 
8.0	 8.0	 0.7	 7963459.60189394	 7963492.501466771	 3211533.429065979	 
