CA	pMess	dummy	dummy	
[KWnZOT]	[bar]	[bar]	[bar]	
-359.6500000	1.5202821	5.0000000	5.0000000	1.0000000
-359.4	1.512488546	5	5	2
-359.15	1.503142216	5	5	3
-358.9	1.493498597	5	5	4
-358.65	1.484982317	5	5	5
-358.4	1.478676792	5	5	6
-358.15	1.474871942	5	5	7
-357.9	1.472885552	5	5	8
-357.65	1.471278962	5	5	9
-357.4	1.468409054	5	5	10
-357.15	1.463083701	5	5	11
-356.9	1.45502111	5	5	12
-356.65	1.444900445	5	5	13
-356.4	1.433989502	5	5	14
-356.15	1.423547845	5	5	15
-355.9	1.414322554	5	5	16
-355.65	1.406395931	5	5	17
-355.4	1.39941605	5	5	18
-355.15	1.392988156	5	5	19
-354.9	1.386929252	5	5	20
-354.65	1.381247431	5	5	21
-354.4	1.375939352	5	5	22
-354.15	1.370798054	5	5	23
-353.9	1.365356307	5	5	24
-353.65	1.358982064	5	5	25
-353.4	1.351086826	5	5	26
-353.15	1.341383035	5	5	27
-352.9	1.330088035	5	5	28
-352.65	1.317947824	5	5	29
-352.4	1.3060111	5	5	30
-352.15	1.295225788	5	5	31
-351.9	1.286060365	5	5	32
-351.65	1.278355041	5	5	33
-351.4	1.271465724	5	5	34
-351.15	1.264587118	5	5	35
-350.9	1.257067911	5	5	36
-350.65	1.248594619	5	5	37
-350.4	1.239232806	5	5	38
-350.15	1.229369813	5	5	39
-349.9	1.219585197	5	5	40
-349.65	1.210451642	5	5	41
-349.4	1.20230067	5	5	42
-349.15	1.195054241	5	5	43
-348.9	1.188244056	5	5	44
-348.65	1.18125789	5	5	45
-348.4	1.173700695	5	5	46
-348.15	1.165651292	5	5	47
-347.9	1.157636578	5	5	48
-347.65	1.150325803	5	5	49
-347.4	1.144133665	5	5	50
-347.15	1.138967334	5	5	51
-346.9	1.134241042	5	5	52
-346.65	1.129126396	5	5	53
-346.4	1.122918165	5	5	54
-346.15	1.11538055	5	5	55
-345.9	1.106946482	5	5	56
-345.65	1.098663198	5	5	57
-345.4	1.091848631	5	5	58
-345.15	1.087549693	5	5	59
-344.9	1.086014777	5	5	60
-344.65	1.086436129	5	5	61
-344.4	1.087147736	5	5	62
-344.15	1.086279894	5	5	63
-343.9	1.082617188	5	5	64
-343.65	1.076218494	5	5	65
-343.4	1.068418275	5	5	66
-343.15	1.061176122	5	5	67
-342.9	1.05614804	5	5	68
-342.65	1.053998257	5	5	69
-342.4	1.054262565	5	5	70
-342.15	1.055723997	5	5	71
-341.9	1.057030509	5	5	72
-341.65	1.057247547	5	5	73
-341.4	1.056125016	5	5	74
-341.15	1.05400997	5	5	75
-340.9	1.051520806	5	5	76
-340.65	1.049223075	5	5	77
-340.4	1.047496687	5	5	78
-340.15	1.046583683	5	5	79
-339.9	1.04664921	5	5	80
-339.65	1.047735694	5	5	81
-339.4	1.049670819	5	5	82
-339.15	1.052082174	5	5	83
-338.9	1.054569829	5	5	84
-338.65	1.05691834	5	5	85
-338.4	1.059180262	5	5	86
-338.15	1.061569849	5	5	87
-337.9	1.064248465	5	5	88
-337.65	1.067145709	5	5	89
-337.4	1.069925046	5	5	90
-337.15	1.07211376	5	5	91
-336.9	1.073322433	5	5	92
-336.65	1.073425927	5	5	93
-336.4	1.072603555	5	5	94
-336.15	1.071230521	5	5	95
-335.9	1.069706441	5	5	96
-335.65	1.068328582	5	5	97
-335.4	1.067260045	5	5	98
-335.15	1.06656422	5	5	99
-334.9	1.066241864	5	5	100
-334.65	1.066235999	5	5	101
-334.4	1.066429683	5	5	102
-334.15	1.066694177	5	5	103
-333.9	1.067008653	5	5	104
-333.65	1.067585114	5	5	105
-333.4	1.06887559	5	5	106
-333.15	1.071389478	5	5	107
-332.9	1.075387448	5	5	108
-332.65	1.080630468	5	5	109
-332.4	1.086351483	5	5	110
-332.15	1.091492564	5	5	111
-331.9	1.095100756	5	5	112
-331.65	1.09668829	5	5	113
-331.4	1.09638322	5	5	114
-331.15	1.09482028	5	5	115
-330.9	1.092874838	5	5	116
-330.65	1.091407023	5	5	117
-330.4	1.091106149	5	5	118
-330.15	1.092399621	5	5	119
-329.9	1.095361742	5	5	120
-329.65	1.099646651	5	5	121
-329.4	1.104545057	5	5	122
-329.15	1.109215375	5	5	123
-328.9	1.113011436	5	5	124
-328.65	1.115749313	5	5	125
-328.4	1.117780603	5	5	126
-328.15	1.119827804	5	5	127
-327.9	1.122639688	5	5	128
-327.65	1.126617993	5	5	129
-327.4	1.131608623	5	5	130
-327.15	1.13697976	5	5	131
-326.9	1.141937431	5	5	132
-326.65	1.14588198	5	5	133
-326.4	1.148614759	5	5	134
-326.15	1.15034485	5	5	135
-325.9	1.151569137	5	5	136
-325.65	1.152901282	5	5	137
-325.4	1.154867721	5	5	138
-325.15	1.157696356	5	5	139
-324.9	1.161196262	5	5	140
-324.65	1.164834723	5	5	141
-324.4	1.167995106	5	5	142
-324.15	1.170259612	5	5	143
-323.9	1.171559457	5	5	144
-323.65	1.172161886	5	5	145
-323.4	1.172563588	5	5	146
-323.15	1.173344265	5	5	147
-322.9	1.174980484	5	5	148
-322.65	1.177640577	5	5	149
-322.4	1.181058969	5	5	150
-322.15	1.184603736	5	5	151
-321.9	1.187544379	5	5	152
-321.65	1.189379247	5	5	153
-321.4	1.19003074	5	5	154
-321.15	1.189810023	5	5	155
-320.9	1.189207372	5	5	156
-320.65	1.18865572	5	5	157
-320.4	1.188396642	5	5	158
-320.15	1.188492359	5	5	159
-319.9	1.188935274	5	5	160
-319.65	1.189748513	5	5	161
-319.4	1.190982103	5	5	162
-319.15	1.192603016	5	5	163
-318.9	1.194391274	5	5	164
-318.65	1.195974911	5	5	165
-318.4	1.19702232	5	5	166
-318.15	1.197461906	5	5	167
-317.9	1.19755989	5	5	168
-317.65	1.197790968	5	5	169
-317.4	1.198581467	5	5	170
-317.15	1.200072645	5	5	171
-316.9	1.202017836	5	5	172
-316.65	1.203848697	5	5	173
-316.4	1.204880565	5	5	174
-316.15	1.204587826	5	5	175
-315.9	1.202856918	5	5	176
-315.65	1.20011505	5	5	177
-315.4	1.197250122	5	5	178
-315.15	1.195301511	5	5	179
-314.9	1.19501825	5	5	180
-314.65	1.196500846	5	5	181
-314.4	1.199154979	5	5	182
-314.15	1.202017243	5	5	183
-313.9	1.204255114	5	5	184
-313.65	1.20551364	5	5	185
-313.4	1.205912666	5	5	186
-313.15	1.205779626	5	5	187
-312.9	1.205379429	5	5	188
-312.65	1.204834216	5	5	189
-312.4	1.20421343	5	5	190
-312.15	1.203634388	5	5	191
-311.9	1.203253595	5	5	192
-311.65	1.203170039	5	5	193
-311.4	1.203350568	5	5	194
-311.15	1.203653562	5	5	195
-310.9	1.203925237	5	5	196
-310.65	1.204075664	5	5	197
-310.4	1.204064879	5	5	198
-310.15	1.203818647	5	5	199
-309.9	1.203170956	5	5	200
-309.65	1.201923414	5	5	201
-309.4	1.200012531	5	5	202
-309.15	1.197662089	5	5	203
-308.9	1.195377984	5	5	204
-308.65	1.193751132	5	5	205
-308.4	1.193182372	5	5	206
-308.15	1.193701177	5	5	207
-307.9	1.194976292	5	5	208
-307.65	1.196489588	5	5	209
-307.4	1.197763808	5	5	210
-307.15	1.198528535	5	5	211
-306.9	1.198753592	5	5	212
-306.65	1.198555804	5	5	213
-306.4	1.198067071	5	5	214
-306.15	1.197376188	5	5	215
-305.9	1.196580966	5	5	216
-305.65	1.195868765	5	5	217
-305.4	1.195504228	5	5	218
-305.15	1.195692227	5	5	219
-304.9	1.196416754	5	5	220
-304.65	1.197400691	5	5	221
-304.4	1.198239858	5	5	222
-304.15	1.198618521	5	5	223
-303.9	1.19844719	5	5	224
-303.65	1.197839705	5	5	225
-303.4	1.196990112	5	5	226
-303.15	1.196078214	5	5	227
-302.9	1.195265126	5	5	228
-302.65	1.19472204	5	5	229
-302.4	1.194598988	5	5	230
-302.15	1.194919185	5	5	231
-301.9	1.195489032	5	5	232
-301.65	1.195936264	5	5	233
-301.4	1.195902904	5	5	234
-301.15	1.195288835	5	5	235
-300.9	1.194367957	5	5	236
-300.65	1.193659339	5	5	237
-300.4	1.193611101	5	5	238
-300.15	1.194308391	5	5	239
-299.9	1.195402874	5	5	240
-299.65	1.196288052	5	5	241
-299.4	1.196383275	5	5	242
-299.15	1.195376887	5	5	243
-298.9	1.193365477	5	5	244
-298.65	1.190869458	5	5	245
-298.4	1.188681203	5	5	246
-298.15	1.187530265	5	5	247
-297.9	1.187694571	5	5	248
-297.65	1.18881468	5	5	249
-297.4	1.190087774	5	5	250
-297.15	1.19073699	5	5	251
-296.9	1.190423272	5	5	252
-296.65	1.189325702	5	5	253
-296.4	1.187907649	5	5	254
-296.15	1.186620589	5	5	255
-295.9	1.185768046	5	5	256
-295.65	1.185536972	5	5	257
-295.4	1.186043625	5	5	258
-295.15	1.187274219	5	5	259
-294.9	1.188958375	5	5	260
-294.65	1.190527361	5	5	261
-294.4	1.191271427	5	5	262
-294.15	1.19065165	5	5	263
-293.9	1.18857802	5	5	264
-293.65	1.185466099	5	5	265
-293.4	1.182033808	5	5	266
-293.15	1.178969628	5	5	267
-292.9	1.176660813	5	5	268
-292.65	1.175100244	5	5	269
-292.4	1.17397983	5	5	270
-292.15	1.172904362	5	5	271
-291.9	1.171633374	5	5	272
-291.65	1.170257731	5	5	273
-291.4	1.169230894	5	5	274
-291.15	1.169210381	5	5	275
-290.9	1.170737519	5	5	276
-290.65	1.173887772	5	5	277
-290.4	1.178098655	5	5	278
-290.15	1.182329874	5	5	279
-289.9	1.185507397	5	5	280
-289.65	1.186987593	5	5	281
-289.4	1.186754651	5	5	282
-289.15	1.185278919	5	5	283
-288.9	1.183214408	5	5	284
-288.65	1.181161919	5	5	285
-288.4	1.179566416	5	5	286
-288.15	1.178671652	5	5	287
-287.9	1.178478771	5	5	288
-287.65	1.178763006	5	5	289
-287.4	1.179209968	5	5	290
-287.15	1.179611246	5	5	291
-286.9	1.179963792	5	5	292
-286.65	1.1803838	5	5	293
-286.4	1.180920173	5	5	294
-286.15	1.181454266	5	5	295
-285.9	1.181792569	5	5	296
-285.65	1.181873878	5	5	297
-285.4	1.181898943	5	5	298
-285.15	1.182248054	5	5	299
-284.9	1.183220073	5	5	300
-284.65	1.184764954	5	5	301
-284.4	1.186398416	5	5	302
-284.15	1.187384823	5	5	303
-283.9	1.187117627	5	5	304
-283.65	1.185501022	5	5	305
-283.4	1.183113211	5	5	306
-283.15	1.181031587	5	5	307
-282.9	1.180373781	5	5	308
-282.65	1.181765472	5	5	309
-282.4	1.185004082	5	5	310
-282.15	1.189107889	5	5	311
-281.9	1.192745443	5	5	312
-281.65	1.194826766	5	5	313
-281.4	1.194942417	5	5	314
-281.15	1.193438162	5	5	315
-280.9	1.191145212	5	5	316
-280.65	1.188973947	5	5	317
-280.4	1.187594437	5	5	318
-280.15	1.187300998	5	5	319
-279.9	1.188026509	5	5	320
-279.65	1.189428333	5	5	321
-279.4	1.190995501	5	5	322
-279.15	1.192163299	5	5	323
-278.9	1.192434305	5	5	324
-278.65	1.191500154	5	5	325
-278.4	1.189345986	5	5	326
-278.15	1.18630352	5	5	327
-277.9	1.183009016	5	5	328
-277.65	1.180238574	5	5	329
-277.4	1.17864685	5	5	330
-277.15	1.178506828	5	5	331
-276.9	1.179585635	5	5	332
-276.65	1.181245976	5	5	333
-276.4	1.182742623	5	5	334
-276.15	1.18356358	5	5	335
-275.9	1.183631739	5	5	336
-275.65	1.183261628	5	5	337
-275.4	1.182908624	5	5	338
-275.15	1.182869881	5	5	339
-274.9	1.183124257	5	5	340
-274.65	1.183409054	5	5	341
-274.4	1.183472592	5	5	342
-274.15	1.183318474	5	5	343
-273.9	1.18326257	5	5	344
-273.65	1.183760395	5	5	345
-273.4	1.185130993	5	5	346
-273.15	1.187373352	5	5	347
-272.9	1.190186291	5	5	348
-272.65	1.193135295	5	5	349
-272.4	1.195810477	5	5	350
-272.15	1.197879296	5	5	351
-271.9	1.199084296	5	5	352
-271.65	1.199296231	5	5	353
-271.4	1.19862536	5	5	354
-271.15	1.197447391	5	5	355
-270.9	1.196223672	5	5	356
-270.65	1.195209981	5	5	357
-270.4	1.194319694	5	5	358
-270.15	1.193303447	5	5	359
-269.9	1.192100233	5	5	360
-269.65	1.19102736	5	5	361
-269.4	1.190616325	5	5	362
-269.15	1.191225937	5	5	363
-268.9	1.192754283	5	5	364
-268.65	1.194672605	5	5	365
-268.4	1.196338815	5	5	366
-268.15	1.197347585	5	5	367
-267.9	1.197675719	5	5	368
-267.65	1.197560572	5	5	369
-267.4	1.197258719	5	5	370
-267.15	1.196905522	5	5	371
-266.9	1.196574503	5	5	372
-266.65	1.196428909	5	5	373
-266.4	1.196757563	5	5	374
-266.15	1.197792457	5	5	375
-265.9	1.199430782	5	5	376
-265.65	1.201126697	5	5	377
-265.4	1.202127088	5	5	378
-265.15	1.201944655	5	5	379
-264.9	1.200724674	5	5	380
-264.65	1.19919953	5	5	381
-264.4	1.198233988	5	5	382
-264.15	1.198283523	5	5	383
-263.9	1.199143878	5	5	384
-263.65	1.200134351	5	5	385
-263.4	1.200549212	5	5	386
-263.15	1.200067932	5	5	387
-262.9	1.198893964	5	5	388
-262.65	1.197585813	5	5	389
-262.4	1.196717237	5	5	390
-262.15	1.196578998	5	5	391
-261.9	1.197090898	5	5	392
-261.65	1.197950026	5	5	393
-261.4	1.198880598	5	5	394
-261.15	1.199790919	5	5	395
-260.9	1.200739008	5	5	396
-260.65	1.201777672	5	5	397
-260.4	1.202838517	5	5	398
-260.15	1.203751129	5	5	399
-259.9	1.204358177	5	5	400
-259.65	1.204615623	5	5	401
-259.4	1.2046093	5	5	402
-259.15	1.204505162	5	5	403
-258.9	1.204488097	5	5	404
-258.65	1.204717296	5	5	405
-258.4	1.205291146	5	5	406
-258.15	1.206218997	5	5	407
-257.9	1.207425027	5	5	408
-257.65	1.208808221	5	5	409
-257.4	1.210332232	5	5	410
-257.15	1.212066254	5	5	411
-256.9	1.214113969	5	5	412
-256.65	1.216464165	5	5	413
-256.4	1.218890752	5	5	414
-256.15	1.221014823	5	5	415
-255.9	1.222507139	5	5	416
-255.65	1.223276565	5	5	417
-255.4	1.223492933	5	5	418
-255.15	1.223432191	5	5	419
-254.9	1.223271206	5	5	420
-254.65	1.222978814	5	5	421
-254.4	1.222364458	5	5	422
-254.15	1.221251706	5	5	423
-253.9	1.219685696	5	5	424
-253.65	1.218047318	5	5	425
-253.4	1.216958655	5	5	426
-253.15	1.216985195	5	5	427
-252.9	1.21832296	5	5	428
-252.65	1.220713265	5	5	429
-252.4	1.223642578	5	5	430
-252.15	1.226623678	5	5	431
-251.9	1.229305022	5	5	432
-251.65	1.231376267	5	5	433
-251.4	1.232473999	5	5	434
-251.15	1.232279614	5	5	435
-250.9	1.230767938	5	5	436
-250.65	1.228367568	5	5	437
-250.4	1.225830513	5	5	438
-250.15	1.223846479	5	5	439
-249.9	1.222671006	5	5	440
-249.65	1.222062549	5	5	441
-249.4	1.221596911	5	5	442
-249.15	1.221120188	5	5	443
-248.9	1.220977856	5	5	444
-248.65	1.221832793	5	5	445
-248.4	1.224205174	5	5	446
-248.15	1.228062178	5	5	447
-247.9	1.232725648	5	5	448
-247.65	1.237141677	5	5	449
-247.4	1.240343215	5	5	450
-247.15	1.241847352	5	5	451
-246.9	1.241784964	5	5	452
-246.65	1.240725484	5	5	453
-246.4	1.239343239	5	5	454
-246.15	1.238150532	5	5	455
-245.9	1.237432145	5	5	456
-245.65	1.237335075	5	5	457
-245.4	1.23796001	5	5	458
-245.15	1.239352287	5	5	459
-244.9	1.241422128	5	5	460
-244.65	1.243895434	5	5	461
-244.4	1.246355209	5	5	462
-244.15	1.24834984	5	5	463
-243.9	1.249508169	5	5	464
-243.65	1.249625566	5	5	465
-243.4	1.248716809	5	5	466
-243.15	1.24703194	5	5	467
-242.9	1.245018519	5	5	468
-242.65	1.243223753	5	5	469
-242.4	1.242162094	5	5	470
-242.15	1.242193903	5	5	471
-241.9	1.243448175	5	5	472
-241.65	1.245792122	5	5	473
-241.4	1.248832919	5	5	474
-241.15	1.251949336	5	5	475
-240.9	1.254383372	5	5	476
-240.65	1.255434384	5	5	477
-240.4	1.254744004	5	5	478
-240.15	1.252549387	5	5	479
-239.9	1.24971608	5	5	480
-239.65	1.247450924	5	5	481
-239.4	1.246812748	5	5	482
-239.15	1.248298471	5	5	483
-238.9	1.25172238	5	5	484
-238.65	1.256380747	5	5	485
-238.4	1.261322964	5	5	486
-238.15	1.26557461	5	5	487
-237.9	1.268293585	5	5	488
-237.65	1.268909895	5	5	489
-237.4	1.267252257	5	5	490
-237.15	1.263604964	5	5	491
-236.9	1.258654679	5	5	492
-236.65	1.253338351	5	5	493
-236.4	1.24861761	5	5	494
-236.15	1.245205719	5	5	495
-235.9	1.243327669	5	5	496
-235.65	1.242663513	5	5	497
-235.4	1.242579774	5	5	498
-235.15	1.242561841	5	5	499
-234.9	1.242577158	5	5	500
-234.65	1.24310974	5	5	501
-234.4	1.244821449	5	5	502
-234.15	1.248046793	5	5	503
-233.9	1.252439731	5	5	504
-233.65	1.257006187	5	5	505
-233.4	1.260532373	5	5	506
-233.15	1.262176612	5	5	507
-232.9	1.261875166	5	5	508
-232.65	1.260320741	5	5	509
-232.4	1.258556516	5	5	510
-232.15	1.257476612	5	5	511
-231.9	1.257531374	5	5	512
-231.65	1.258717827	5	5	513
-231.4	1.260720024	5	5	514
-231.15	1.263043148	5	5	515
-230.9	1.265115572	5	5	516
-230.65	1.266422494	5	5	517
-230.4	1.266685386	5	5	518
-230.15	1.265999318	5	5	519
-229.9	1.264818888	5	5	520
-229.65	1.263771793	5	5	521
-229.4	1.263395532	5	5	522
-229.15	1.263940118	5	5	523
-228.9	1.265324493	5	5	524
-228.65	1.267226154	5	5	525
-228.4	1.269214518	5	5	526
-228.15	1.270859405	5	5	527
-227.9	1.271813873	5	5	528
-227.65	1.271898566	5	5	529
-227.4	1.271176604	5	5	530
-227.15	1.269964864	5	5	531
-226.9	1.268743901	5	5	532
-226.65	1.267993375	5	5	533
-226.4	1.268028477	5	5	534
-226.15	1.26890776	5	5	535
-225.9	1.270440585	5	5	536
-225.65	1.272276697	5	5	537
-225.4	1.274030093	5	5	538
-225.15	1.275384592	5	5	539
-224.9	1.276153963	5	5	540
-224.65	1.276307095	5	5	541
-224.4	1.275980705	5	5	542
-224.15	1.275472687	5	5	543
-223.9	1.275175407	5	5	544
-223.65	1.275428001	5	5	545
-223.4	1.276345565	5	5	546
-223.15	1.277746001	5	5	547
-222.9	1.279255074	5	5	548
-222.65	1.280533735	5	5	549
-222.4	1.281457217	5	5	550
-222.15	1.28210179	5	5	551
-221.9	1.282557235	5	5	552
-221.65	1.282745551	5	5	553
-221.4	1.282439377	5	5	554
-221.15	1.281503873	5	5	555
-220.9	1.280161656	5	5	556
-220.65	1.279006328	5	5	557
-220.4	1.278670906	5	5	558
-220.15	1.279367157	5	5	559
-219.9	1.280670832	5	5	560
-219.65	1.281763437	5	5	561
-219.4	1.281978464	5	5	562
-219.15	1.281255615	5	5	563
-218.9	1.280182417	5	5	564
-218.65	1.279608976	5	5	565
-218.4	1.280098879	5	5	566
-218.15	1.281548677	5	5	567
-217.9	1.283181291	5	5	568
-217.65	1.2839136	5	5	569
-217.4	1.282918964	5	5	570
-217.15	1.2801062	5	5	571
-216.9	1.27625438	5	5	572
-216.65	1.272698807	5	5	573
-216.4	1.270712392	5	5	574
-216.15	1.270926196	5	5	575
-215.9	1.273121741	5	5	576
-215.65	1.276480472	5	5	577
-215.4	1.280071666	5	5	578
-215.15	1.283245388	5	5	579
-214.9	1.28574712	5	5	580
-214.65	1.287614201	5	5	581
-214.4	1.28901989	5	5	582
-214.15	1.290153195	5	5	583
-213.9	1.29111949	5	5	584
-213.65	1.291858392	5	5	585
-213.4	1.292147136	5	5	586
-213.15	1.291737128	5	5	587
-212.9	1.290542308	5	5	588
-212.65	1.2887223	5	5	589
-212.4	1.286599921	5	5	590
-212.15	1.284517937	5	5	591
-211.9	1.282774272	5	5	592
-211.65	1.281644463	5	5	593
-211.4	1.281380324	5	5	594
-211.15	1.282117888	5	5	595
-210.9	1.283773672	5	5	596
-210.65	1.286062144	5	5	597
-210.4	1.288647674	5	5	598
-210.15	1.291286349	5	5	599
-209.9	1.293812224	5	5	600
-209.65	1.295999035	5	5	601
-209.4	1.297489423	5	5	602
-209.15	1.297936105	5	5	603
-208.9	1.297273909	5	5	604
-208.65	1.295869869	5	5	605
-208.4	1.294369061	5	5	606
-208.15	1.293314254	5	5	607
-207.9	1.292826748	5	5	608
-207.65	1.292597546	5	5	609
-207.4	1.292183301	5	5	610
-207.15	1.291357648	5	5	611
-206.9	1.290247892	5	5	612
-206.65	1.289192497	5	5	613
-206.4	1.288484903	5	5	614
-206.15	1.288218665	5	5	615
-205.9	1.288305752	5	5	616
-205.65	1.288577241	5	5	617
-205.4	1.288853582	5	5	618
-205.15	1.2889702	5	5	619
-204.9	1.288815624	5	5	620
-204.65	1.288401019	5	5	621
-204.4	1.287902876	5	5	622
-204.15	1.287615889	5	5	623
-203.9	1.287828313	5	5	624
-203.65	1.288698898	5	5	625
-203.4	1.290204976	5	5	626
-203.15	1.292165824	5	5	627
-202.9	1.294294586	5	5	628
-202.65	1.296242093	5	5	629
-202.4	1.297646966	5	5	630
-202.15	1.298230408	5	5	631
-201.9	1.297924889	5	5	632
-201.65	1.296943936	5	5	633
-201.4	1.295691543	5	5	634
-201.15	1.294528534	5	5	635
-200.9	1.293567999	5	5	636
-200.65	1.292688924	5	5	637
-200.4	1.291774705	5	5	638
-200.15	1.290960831	5	5	639
-199.9	1.290649961	5	5	640
-199.65	1.291266139	5	5	641
-199.4	1.292953976	5	5	642
-199.15	1.295449668	5	5	643
-198.9	1.298175593	5	5	644
-198.65	1.300453498	5	5	645
-198.4	1.301723145	5	5	646
-198.15	1.301718262	5	5	647
-197.9	1.300570487	5	5	648
-197.65	1.298792163	5	5	649
-197.4	1.297112842	5	5	650
-197.15	1.296223396	5	5	651
-196.9	1.296540115	5	5	652
-196.65	1.298081885	5	5	653
-196.4	1.300482633	5	5	654
-196.15	1.30310545	5	5	655
-195.9	1.305217052	5	5	656
-195.65	1.306196275	5	5	657
-195.4	1.305742768	5	5	658
-195.15	1.304014685	5	5	659
-194.9	1.301605192	5	5	660
-194.65	1.299323247	5	5	661
-194.4	1.297865385	5	5	662
-194.15	1.297558486	5	5	663
-193.9	1.298318555	5	5	664
-193.65	1.299813232	5	5	665
-193.4	1.30166879	5	5	666
-193.15	1.303563603	5	5	667
-192.9	1.305194689	5	5	668
-192.65	1.306242447	5	5	669
-192.4	1.306451461	5	5	670
-192.15	1.305803692	5	5	671
-191.9	1.304627877	5	5	672
-191.65	1.303499385	5	5	673
-191.4	1.302942835	5	5	674
-191.15	1.303125634	5	5	675
-190.9	1.303764907	5	5	676
-190.65	1.304317334	5	5	677
-190.4	1.304308573	5	5	678
-190.15	1.303577378	5	5	679
-189.9	1.302318778	5	5	680
-189.65	1.300976492	5	5	681
-189.4	1.300088667	5	5	682
-189.15	1.300125435	5	5	683
-188.9	1.301308517	5	5	684
-188.65	1.303454951	5	5	685
-188.4	1.305958102	5	5	686
-188.15	1.307983573	5	5	687
-187.9	1.308818047	5	5	688
-187.65	1.308190549	5	5	689
-187.4	1.306387795	5	5	690
-187.15	1.304098052	5	5	691
-186.9	1.302067354	5	5	692
-186.65	1.300760579	5	5	693
-186.4	1.300221781	5	5	694
-186.15	1.300199872	5	5	695
-185.9	1.300419065	5	5	696
-185.65	1.300772399	5	5	697
-185.4	1.301293659	5	5	698
-185.15	1.301960295	5	5	699
-184.9	1.302532802	5	5	700
-184.65	1.302615258	5	5	701
-184.4	1.301936945	5	5	702
-184.15	1.300644923	5	5	703
-183.9	1.299333701	5	5	704
-183.65	1.298705622	5	5	705
-183.4	1.299064214	5	5	706
-183.15	1.30004729	5	5	707
-182.9	1.30088353	5	5	708
-182.65	1.301038119	5	5	709
-182.4	1.300735439	5	5	710
-182.15	1.300879575	5	5	711
-181.9	1.302365441	5	5	712
-181.65	1.305292427	5	5	713
-181.4	1.308697529	5	5	714
-181.15	1.311027163	5	5	715
-180.9	1.311019473	5	5	716
-180.65	1.308410183	5	5	717
-180.4	1.304048629	5	5	718
-180.15	1.299420103	5	5	719
-179.9	1.295912836	5	5	720
-179.65	1.294255082	5	5	721
-179.4	1.294376181	5	5	722
-179.15	1.295658707	5	5	723
-178.9	1.297344766	5	5	724
-178.65	1.298854879	5	5	725
-178.4	1.299920142	5	5	726
-178.15	1.300562606	5	5	727
-177.9	1.300991717	5	5	728
-177.65	1.301456477	5	5	729
-177.4	1.302087009	5	5	730
-177.15	1.302788513	5	5	731
-176.9	1.303260225	5	5	732
-176.65	1.303161664	5	5	733
-176.4	1.302356771	5	5	734
-176.15	1.301089475	5	5	735
-175.9	1.299944285	5	5	736
-175.65	1.299559665	5	5	737
-175.4	1.300247435	5	5	738
-175.15	1.301785199	5	5	739
-174.9	1.303553449	5	5	740
-174.65	1.304922707	5	5	741
-174.4	1.30559141	5	5	742
-174.15	1.305639072	5	5	743
-173.9	1.305332336	5	5	744
-173.65	1.30491984	5	5	745
-173.4	1.304579151	5	5	746
-173.15	1.304455429	5	5	747
-172.9	1.304641843	5	5	748
-172.65	1.305088646	5	5	749
-172.4	1.305580461	5	5	750
-172.15	1.305867268	5	5	751
-171.9	1.305841796	5	5	752
-171.65	1.305584582	5	5	753
-171.4	1.305244269	5	5	754
-171.15	1.30489754	5	5	755
-170.9	1.30453054	5	5	756
-170.65	1.304130463	5	5	757
-170.4	1.303767976	5	5	758
-170.15	1.3035918	5	5	759
-169.9	1.303760641	5	5	760
-169.65	1.304375796	5	5	761
-169.4	1.305437098	5	5	762
-169.15	1.306811448	5	5	763
-168.9	1.308227261	5	5	764
-168.65	1.309339303	5	5	765
-168.4	1.309874533	5	5	766
-168.15	1.309786153	5	5	767
-167.9	1.309305367	5	5	768
-167.65	1.308846052	5	5	769
-167.4	1.30882719	5	5	770
-167.15	1.309519269	5	5	771
-166.9	1.310962144	5	5	772
-166.65	1.312929982	5	5	773
-166.4	1.314928424	5	5	774
-166.15	1.316278237	5	5	775
-165.9	1.316352481	5	5	776
-165.65	1.314925728	5	5	777
-165.4	1.312444105	5	5	778
-165.15	1.309989647	5	5	779
-164.9	1.308866507	5	5	780
-164.65	1.309988327	5	5	781
-164.4	1.313403336	5	5	782
-164.15	1.318225638	5	5	783
-163.9	1.322995032	5	5	784
-163.65	1.326250567	5	5	785
-163.4	1.327036008	5	5	786
-163.15	1.325161222	5	5	787
-162.9	1.321196004	5	5	788
-162.65	1.316259537	5	5	789
-162.4	1.311684423	5	5	790
-162.15	1.308638959	5	5	791
-161.9	1.307811458	5	5	792
-161.65	1.309260027	5	5	793
-161.4	1.312474382	5	5	794
-161.15	1.316606057	5	5	795
-160.9	1.320760248	5	5	796
-160.65	1.324237875	5	5	797
-160.4	1.32665324	5	5	798
-160.15	1.327906783	5	5	799
-159.9	1.32805835	5	5	800
-159.65	1.327204907	5	5	801
-159.4	1.325465377	5	5	802
-159.15	1.323083526	5	5	803
-158.9	1.320536862	5	5	804
-158.65	1.318501925	5	5	805
-158.4	1.317629052	5	5	806
-158.15	1.318244529	5	5	807
-157.9	1.320179517	5	5	808
-157.65	1.322847087	5	5	809
-157.4	1.325514231	5	5	810
-157.15	1.327590446	5	5	811
-156.9	1.328777258	5	5	812
-156.65	1.329059337	5	5	813
-156.4	1.328632433	5	5	814
-156.15	1.327852085	5	5	815
-155.9	1.32718518	5	5	816
-155.65	1.327090018	5	5	817
-155.4	1.327819501	5	5	818
-155.15	1.32926295	5	5	819
-154.9	1.330970244	5	5	820
-154.65	1.332384962	5	5	821
-154.4	1.333146912	5	5	822
-154.15	1.333257124	5	5	823
-153.9	1.332998123	5	5	824
-153.65	1.332697916	5	5	825
-153.4	1.332553198	5	5	826
-153.15	1.332659744	5	5	827
-152.9	1.333180769	5	5	828
-152.65	1.334425575	5	5	829
-152.4	1.336686785	5	5	830
-152.15	1.339938253	5	5	831
-151.9	1.343673429	5	5	832
-151.65	1.347075857	5	5	833
-151.4	1.349435644	5	5	834
-151.15	1.350518656	5	5	835
-150.9	1.350635991	5	5	836
-150.65	1.350388522	5	5	837
-150.4	1.350273416	5	5	838
-150.15	1.350400541	5	5	839
-149.9	1.350484502	5	5	840
-149.65	1.35012272	5	5	841
-149.4	1.349198366	5	5	842
-149.15	1.348132819	5	5	843
-148.9	1.347766604	5	5	844
-148.65	1.348903669	5	5	845
-148.4	1.351839316	5	5	846
-148.15	1.35622905	5	5	847
-147.9	1.361364349	5	5	848
-147.65	1.366568468	5	5	849
-147.4	1.371370698	5	5	850
-147.15	1.375406757	5	5	851
-146.9	1.378292723	5	5	852
-146.65	1.379699473	5	5	853
-146.4	1.379567965	5	5	854
-146.15	1.378208918	5	5	855
-145.9	1.37614875	5	5	856
-145.65	1.373863469	5	5	857
-145.4	1.371660409	5	5	858
-145.15	1.369804376	5	5	859
-144.9	1.36872288	5	5	860
-144.65	1.369026948	5	5	861
-144.4	1.371238173	5	5	862
-144.15	1.375382307	5	5	863
-143.9	1.380767392	5	5	864
-143.65	1.386174306	5	5	865
-143.4	1.390408879	5	5	866
-143.15	1.39290426	5	5	867
-142.9	1.394006585	5	5	868
-142.65	1.394753752	5	5	869
-142.4	1.39624507	5	5	870
-142.15	1.398940975	5	5	871
-141.9	1.402305718	5	5	872
-141.65	1.405047124	5	5	873
-141.4	1.40585623	5	5	874
-141.15	1.404207076	5	5	875
-140.9	1.40071004	5	5	876
-140.65	1.396809537	5	5	877
-140.4	1.394057813	5	5	878
-140.15	1.393434476	5	5	879
-139.9	1.395065221	5	5	880
-139.65	1.398375868	5	5	881
-139.4	1.402468567	5	5	882
-139.15	1.4064698	5	5	883
-138.9	1.409726968	5	5	884
-138.65	1.411880947	5	5	885
-138.4	1.412903455	5	5	886
-138.15	1.413139449	5	5	887
-137.9	1.413302049	5	5	888
-137.65	1.414327544	5	5	889
-137.4	1.417060204	5	5	890
-137.15	1.421863466	5	5	891
-136.9	1.428352358	5	5	892
-136.65	1.435431256	5	5	893
-136.4	1.441683454	5	5	894
-136.15	1.445957699	5	5	895
-135.9	1.447857144	5	5	896
-135.65	1.447871921	5	5	897
-135.4	1.447104961	5	5	898
-135.15	1.446774604	5	5	899
-134.9	1.447764249	5	5	900
-134.65	1.450392896	5	5	901
-134.4	1.454421554	5	5	902
-134.15	1.459221486	5	5	903
-133.9	1.464026837	5	5	904
-133.65	1.46820548	5	5	905
-133.4	1.471468081	5	5	906
-133.15	1.473931198	5	5	907
-132.9	1.476002495	5	5	908
-132.65	1.478153146	5	5	909
-132.4	1.480714774	5	5	910
-132.15	1.483818838	5	5	911
-131.9	1.487485906	5	5	912
-131.65	1.491752994	5	5	913
-131.4	1.496700598	5	5	914
-131.15	1.502335137	5	5	915
-130.9	1.508420684	5	5	916
-130.65	1.514420432	5	5	917
-130.4	1.519644971	5	5	918
-130.15	1.523554056	5	5	919
-129.9	1.526033947	5	5	920
-129.65	1.527473904	5	5	921
-129.4	1.528597162	5	5	922
-129.15	1.530159686	5	5	923
-128.9	1.532689302	5	5	924
-128.65	1.53636697	5	5	925
-128.4	1.541034225	5	5	926
-128.15	1.546254965	5	5	927
-127.9	1.55139472	5	5	928
-127.65	1.555739363	5	5	929
-127.4	1.558675978	5	5	930
-127.15	1.559895542	5	5	931
-126.9	1.55952466	5	5	932
-126.65	1.558116364	5	5	933
-126.4	1.556506178	5	5	934
-126.15	1.555595084	5	5	935
-125.9	1.55612424	5	5	936
-125.65	1.558492178	5	5	937
-125.4	1.562663528	5	5	938
-125.15	1.568206827	5	5	939
-124.9	1.574453142	5	5	940
-124.65	1.580714206	5	5	941
-124.4	1.586481156	5	5	942
-124.15	1.591540262	5	5	943
-123.9	1.595965702	5	5	944
-123.65	1.599989852	5	5	945
-123.4	1.603821718	5	5	946
-123.15	1.607533816	5	5	947
-122.9	1.611092877	5	5	948
-122.65	1.614488257	5	5	949
-122.4	1.617831787	5	5	950
-122.15	1.621341929	5	5	951
-121.9	1.6252303	5	5	952
-121.65	1.629575675	5	5	953
-121.4	1.634263674	5	5	954
-121.15	1.639025177	5	5	955
-120.9	1.643557049	5	5	956
-120.65	1.647665016	5	5	957
-120.4	1.651345857	5	5	958
-120.15	1.654750846	5	5	959
-119.9	1.658047749	5	5	960
-119.65	1.661282049	5	5	961
-119.4	1.664360398	5	5	962
-119.15	1.66719767	5	5	963
-118.9	1.669922335	5	5	964
-118.65	1.672945733	5	5	965
-118.4	1.676779534	5	5	966
-118.15	1.681699564	5	5	967
-117.9	1.687517225	5	5	968
-117.65	1.693659617	5	5	969
-117.4	1.699507935	5	5	970
-117.15	1.704729691	5	5	971
-116.9	1.709367454	5	5	972
-116.65	1.713681128	5	5	973
-116.4	1.71794264	5	5	974
-116.15	1.722359284	5	5	975
-115.9	1.727112142	5	5	976
-115.65	1.732364512	5	5	977
-115.4	1.738154169	5	5	978
-115.15	1.7442413	5	5	979
-114.9	1.750064776	5	5	980
-114.65	1.754899615	5	5	981
-114.4	1.758180618	5	5	982
-114.15	1.759851787	5	5	983
-113.9	1.760557498	5	5	984
-113.65	1.761528864	5	5	985
-113.4	1.764151649	5	5	986
-113.15	1.769388302	5	5	987
-112.9	1.777345836	5	5	988
-112.65	1.787225294	5	5	989
-112.4	1.797678741	5	5	990
-112.15	1.807381682	5	5	991
-111.9	1.815540372	5	5	992
-111.65	1.822115442	5	5	993
-111.4	1.827684534	5	5	994
-111.15	1.83302161	5	5	995
-110.9	1.838608211	5	5	996
-110.65	1.84435974	5	5	997
-110.4	1.84975845	5	5	998
-110.15	1.854319807	5	5	999
-109.9	1.858049419	5	5	1000
-109.65	1.861529376	5	5	1001
-109.4	1.865572533	5	5	1002
-109.15	1.870744973	5	5	1003
-108.9	1.877132689	5	5	1004
-108.65	1.884458195	5	5	1005
-108.4	1.892337502	5	5	1006
-108.15	1.900426453	5	5	1007
-107.9	1.908420046	5	5	1008
-107.65	1.91604608	5	5	1009
-107.4	1.923142345	5	5	1010
-107.15	1.92973878	5	5	1011
-106.9	1.93601593	5	5	1012
-106.65	1.942137367	5	5	1013
-106.4	1.948102363	5	5	1014
-106.15	1.953772486	5	5	1015
-105.9	1.959080422	5	5	1016
-105.65	1.964254608	5	5	1017
-105.4	1.969839003	5	5	1018
-105.15	1.976423049	5	5	1019
-104.9	1.98424076	5	5	1020
-104.65	1.992944219	5	5	1021
-104.4	2.001748206	5	5	1022
-104.15	2.009849596	5	5	1023
-103.9	2.016809783	5	5	1024
-103.65	2.022650641	5	5	1025
-103.4	2.027683905	5	5	1026
-103.15	2.032302899	5	5	1027
-102.9	2.036926464	5	5	1028
-102.65	2.042070979	5	5	1029
-102.4	2.048372012	5	5	1030
-102.15	2.056425172	5	5	1031
-101.9	2.066494172	5	5	1032
-101.65	2.078268915	5	5	1033
-101.4	2.090850707	5	5	1034
-101.15	2.103024217	5	5	1035
-100.9	2.113726108	5	5	1036
-100.65	2.122503033	5	5	1037
-100.4	2.129719163	5	5	1038
-100.15	2.136370082	5	5	1039
-99.9	2.143571896	5	5	1040
-99.65	2.152002415	5	5	1041
-99.4	2.161611063	5	5	1042
-99.15	2.171736417	5	5	1043
-98.9	2.181514788	5	5	1044
-98.65	2.19032623	5	5	1045
-98.4	2.198063022	5	5	1046
-98.15	2.205126454	5	5	1047
-97.9	2.212174573	5	5	1048
-97.65	2.219754572	5	5	1049
-97.4	2.228040703	5	5	1050
-97.15	2.236861772	5	5	1051
-96.9	2.245990833	5	5	1052
-96.65	2.255433639	5	5	1053
-96.4	2.265438006	5	5	1054
-96.15	2.276207431	5	5	1055
-95.9	2.287595448	5	5	1056
-95.65	2.299087911	5	5	1057
-95.4	2.310120318	5	5	1058
-95.15	2.320480447	5	5	1059
-94.9	2.330472263	5	5	1060
-94.65	2.340700658	5	5	1061
-94.4	2.351616064	5	5	1062
-94.15	2.363138498	5	5	1063
-93.9	2.374645839	5	5	1064
-93.65	2.385367005	5	5	1065
-93.4	2.394916797	5	5	1066
-93.15	2.40358022	5	5	1067
-92.9	2.412133898	5	5	1068
-92.65	2.421353721	5	5	1069
-92.4	2.431593026	5	5	1070
-92.15	2.442721977	5	5	1071
-91.9	2.454397903	5	5	1072
-91.65	2.46638531	5	5	1073
-91.4	2.478662571	5	5	1074
-91.15	2.491277796	5	5	1075
-90.9	2.504127733	5	5	1076
-90.65	2.516867716	5	5	1077
-90.4	2.52902662	5	5	1078
-90.15	2.540232932	5	5	1079
-89.9	2.550392852	5	5	1080
-89.65	2.559731266	5	5	1081
-89.4	2.568720648	5	5	1082
-89.15	2.577964954	5	5	1083
-88.9	2.58806303	5	5	1084
-88.65	2.599446084	5	5	1085
-88.4	2.612230366	5	5	1086
-88.15	2.626179519	5	5	1087
-87.9	2.640824409	5	5	1088
-87.65	2.655665882	5	5	1089
-87.4	2.670330278	5	5	1090
-87.15	2.684626952	5	5	1091
-86.9	2.698561322	5	5	1092
-86.65	2.712345094	5	5	1093
-86.4	2.726347116	5	5	1094
-86.15	2.740912362	5	5	1095
-85.9	2.756111728	5	5	1096
-85.65	2.771620669	5	5	1097
-85.4	2.786869475	5	5	1098
-85.15	2.801382888	5	5	1099
-84.9	2.815055252	5	5	1100
-84.65	2.828160344	5	5	1101
-84.4	2.841114734	5	5	1102
-84.15	2.854200192	5	5	1103
-83.9	2.867459841	5	5	1104
-83.65	2.880821817	5	5	1105
-83.4	2.894307023	5	5	1106
-83.15	2.908113525	5	5	1107
-82.9	2.922506124	5	5	1108
-82.65	2.937645905	5	5	1109
-82.4	2.953545532	5	5	1110
-82.15	2.970166108	5	5	1111
-81.9	2.987480948	5	5	1112
-81.65	3.005362919	5	5	1113
-81.4	3.023387152	5	5	1114
-81.15	3.040809173	5	5	1115
-80.9	3.056869404	5	5	1116
-80.65	3.071276176	5	5	1117
-80.4	3.084516107	5	5	1118
-80.15	3.097725965	5	5	1119
-79.9	3.112167513	5	5	1120
-79.65	3.128629992	5	5	1121
-79.4	3.14713033	5	5	1122
-79.15	3.167065494	5	5	1123
-78.9	3.187661289	5	5	1124
-78.65	3.208381683	5	5	1125
-78.4	3.229035175	5	5	1126
-78.15	3.249577658	5	5	1127
-77.9	3.269858971	5	5	1128
-77.65	3.289591629	5	5	1129
-77.4	3.308601559	5	5	1130
-77.15	3.327133221	5	5	1131
-76.9	3.345885263	5	5	1132
-76.65	3.365659145	5	5	1133
-76.4	3.386850223	5	5	1134
-76.15	3.409182051	5	5	1135
-75.9	3.431901191	5	5	1136
-75.65	3.454266391	5	5	1137
-75.4	3.475940571	5	5	1138
-75.15	3.497027814	5	5	1139
-74.9	3.517830441	5	5	1140
-74.65	3.538599857	5	5	1141
-74.4	3.559470176	5	5	1142
-74.15	3.580546024	5	5	1143
-73.9	3.601996326	5	5	1144
-73.65	3.624050509	5	5	1145
-73.4	3.646900261	5	5	1146
-73.15	3.670575046	5	5	1147
-72.9	3.694869439	5	5	1148
-72.65	3.719379146	5	5	1149
-72.4	3.743650219	5	5	1150
-72.15	3.767369658	5	5	1151
-71.9	3.790484075	5	5	1152
-71.65	3.813185639	5	5	1153
-71.4	3.835814555	5	5	1154
-71.15	3.858776342	5	5	1155
-70.9	3.882501991	5	5	1156
-70.65	3.907379897	5	5	1157
-70.4	3.933599513	5	5	1158
-70.15	3.960977172	5	5	1159
-69.9	3.988934986	5	5	1160
-69.65	4.016732704	5	5	1161
-69.4	4.043848796	5	5	1162
-69.15	4.070263754	5	5	1163
-68.9	4.09646082	5	5	1164
-68.65	4.123167226	5	5	1165
-68.4	4.151016949	5	5	1166
-68.15	4.180309252	5	5	1167
-67.9	4.210934073	5	5	1168
-67.65	4.242457887	5	5	1169
-67.4	4.274328212	5	5	1170
-67.15	4.306106571	5	5	1171
-66.9	4.337597029	5	5	1172
-66.65	4.368790626	5	5	1173
-66.4	4.39969696	5	5	1174
-66.15	4.430239988	5	5	1175
-65.9	4.460329685	5	5	1176
-65.65	4.490042075	5	5	1177
-65.4	4.519729788	5	5	1178
-65.15	4.549949041	5	5	1179
-64.9	4.581254068	5	5	1180
-64.65	4.614017559	5	5	1181
-64.4	4.648393448	5	5	1182
-64.15	4.684394051	5	5	1183
-63.9	4.721946871	5	5	1184
-63.65	4.760835427	5	5	1185
-63.4	4.800579988	5	5	1186
-63.15	4.840422011	5	5	1187
-62.9	4.879518238	5	5	1188
-62.65	4.917275546	5	5	1189
-62.4	4.953634384	5	5	1190
-62.15	4.989139616	5	5	1191
-61.9	5.024765894	5	5	1192
-61.65	5.061572111	5	5	1193
-61.4	5.100305768	5	5	1194
-61.15	5.141098535	5	5	1195
-60.9	5.183395376	5	5	1196
-60.65	5.226189581	5	5	1197
-60.4	5.268480157	5	5	1198
-60.15	5.309720838	5	5	1199
-59.9	5.350022723	5	5	1200
-59.65	5.390029637	5	5	1201
-59.4	5.430584566	5	5	1202
-59.15	5.472393758	5	5	1203
-58.9	5.515831929	5	5	1204
-58.65	5.560910417	5	5	1205
-58.4	5.607361895	5	5	1206
-58.15	5.65479536	5	5	1207
-57.9	5.70287575	5	5	1208
-57.65	5.751449092	5	5	1209
-57.4	5.800526751	5	5	1210
-57.15	5.850129874	5	5	1211
-56.9	5.900129254	5	5	1212
-56.65	5.950249951	5	5	1213
-56.4	6.000271036	5	5	1214
-56.15	6.050255336	5	5	1215
-55.9	6.100591956	5	5	1216
-55.65	6.151789538	5	5	1217
-55.4	6.204175234	5	5	1218
-55.15	6.257732143	5	5	1219
-54.9	6.312186747	5	5	1220
-54.65	6.367256223	5	5	1221
-54.4	6.422855404	5	5	1222
-54.15	6.479123472	5	5	1223
-53.9	6.536294053	5	5	1224
-53.65	6.594550209	5	5	1225
-53.4	6.653979482	5	5	1226
-53.15	6.714617104	5	5	1227
-52.9	6.776478062	5	5	1228
-52.65	6.839517043	5	5	1229
-52.4	6.903558916	5	5	1230
-52.15	6.968284769	5	5	1231
-51.9	7.033303828	5	5	1232
-51.65	7.098273761	5	5	1233
-51.4	7.163023436	5	5	1234
-51.15	7.227649059	5	5	1235
-50.9	7.292535492	5	5	1236
-50.65	7.358236697	5	5	1237
-50.4	7.425222577	5	5	1238
-50.15	7.493641123	5	5	1239
-49.9	7.563292756	5	5	1240
-49.65	7.633864939	5	5	1241
-49.4	7.705247753	5	5	1242
-49.15	7.777673226	5	5	1243
-48.9	7.851572099	5	5	1244
-48.65	7.927271426	5	5	1245
-48.4	8.004762445	5	5	1246
-48.15	8.083691126	5	5	1247
-47.9	8.163558064	5	5	1248
-47.65	8.243986681	5	5	1249
-47.4	8.324895354	5	5	1250
-47.15	8.406484216	5	5	1251
-46.9	8.489068425	5	5	1252
-46.65	8.57288359	5	5	1253
-46.4	8.657993947	5	5	1254
-46.15	8.744340896	5	5	1255
-45.9	8.831848214	5	5	1256
-45.65	8.920460998	5	5	1257
-45.4	9.010085495	5	5	1258
-45.15	9.10052966	5	5	1259
-44.9	9.191570867	5	5	1260
-44.65	9.283152764	5	5	1261
-44.4	9.375562046	5	5	1262
-44.15	9.469420306	5	5	1263
-43.9	9.565467745	5	5	1264
-43.65	9.664277288	5	5	1265
-43.4	9.766075562	5	5	1266
-43.15	9.870747588	5	5	1267
-42.9	9.977967596	5	5	1268
-42.65	10.08733458	5	5	1269
-42.4	10.19842682	5	5	1270
-42.15	10.31078283	5	5	1271
-41.9	10.42389863	5	5	1272
-41.65	10.5373429	5	5	1273
-41.4	10.65100645	5	5	1274
-41.15	10.76535363	5	5	1275
-40.9	10.8814296	5	5	1276
-40.65	11.00043066	5	5	1277
-40.4	11.12292708	5	5	1278
-40.15	11.24820323	5	5	1279
-39.9	11.37431518	5	5	1280
-39.65	11.4990913	5	5	1281
-39.4	11.62156813	5	5	1282
-39.15	11.74286852	5	5	1283
-38.9	11.86581894	5	5	1284
-38.65	11.99351903	5	5	1285
-38.4	12.12783174	5	5	1286
-38.15	12.26870179	5	5	1287
-37.9	12.41447769	5	5	1288
-37.65	12.56275823	5	5	1289
-37.4	12.71123801	5	5	1290
-37.15	12.85838505	5	5	1291
-36.9	13.00397157	5	5	1292
-36.65	13.14929558	5	5	1293
-36.4	13.29676782	5	5	1294
-36.15	13.44881525	5	5	1295
-35.9	13.60662161	5	5	1296
-35.65	13.76949906	5	5	1297
-35.4	13.93532236	5	5	1298
-35.15	14.10173916	5	5	1299
-34.9	14.26738812	5	5	1300
-34.65	14.43244144	5	5	1301
-34.4	14.59828948	5	5	1302
-34.15	14.76669569	5	5	1303
-33.9	14.93895626	5	5	1304
-33.65	15.11546159	5	5	1305
-33.4	15.29575213	5	5	1306
-33.15	15.47890552	5	5	1307
-32.9	15.66399526	5	5	1308
-32.65	15.85041395	5	5	1309
-32.4	16.03798798	5	5	1310
-32.15	16.22694164	5	5	1311
-31.9	16.41781797	5	5	1312
-31.65	16.61140428	5	5	1313
-31.4	16.80861059	5	5	1314
-31.15	17.01023211	5	5	1315
-30.9	17.21663475	5	5	1316
-30.65	17.42753552	5	5	1317
-30.4	17.64205958	5	5	1318
-30.15	17.85910836	5	5	1319
-29.9	18.07787665	5	5	1320
-29.65	18.29825364	5	5	1321
-29.4	18.52089098	5	5	1322
-29.15	18.74688733	5	5	1323
-28.9	18.97724303	5	5	1324
-28.65	19.21237577	5	5	1325
-28.4	19.45196628	5	5	1326
-28.15	19.69520854	5	5	1327
-27.9	19.94129176	5	5	1328
-27.65	20.18981506	5	5	1329
-27.4	20.44091289	5	5	1330
-27.15	20.69507321	5	5	1331
-26.9	20.95280601	5	5	1332
-26.65	21.21436928	5	5	1333
-26.4	21.47969041	5	5	1334
-26.15	21.74849892	5	5	1335
-25.9	22.0205751	5	5	1336
-25.65	22.29596407	5	5	1337
-25.4	22.57503067	5	5	1338
-25.15	22.85832249	5	5	1339
-24.9	23.14631178	5	5	1340
-24.65	23.43914482	5	5	1341
-24.4	23.7365245	5	5	1342
-24.15	24.03780093	5	5	1343
-23.9	24.34225706	5	5	1344
-23.65	24.64947045	5	5	1345
-23.4	24.959561	5	5	1346
-23.15	25.27316711	5	5	1347
-22.9	25.59114211	5	5	1348
-22.65	25.91413495	5	5	1349
-22.4	26.24228544	5	5	1350
-22.15	26.5751748	5	5	1351
-21.9	26.91201426	5	5	1352
-21.65	27.25195492	5	5	1353
-21.4	27.59440189	5	5	1354
-21.15	27.9392494	5	5	1355
-20.9	28.28695771	5	5	1356
-20.65	28.63840106	5	5	1357
-20.4	28.99449714	5	5	1358
-20.15	29.35576834	5	5	1359
-19.9	29.72207105	5	5	1360
-19.65	30.09266642	5	5	1361
-19.4	30.46662181	5	5	1362
-19.15	30.84334395	5	5	1363
-18.9	31.22296441	5	5	1364
-18.65	31.60636561	5	5	1365
-18.4	31.99482125	5	5	1366
-18.15	32.38943673	5	5	1367
-17.9	32.7906893	5	5	1368
-17.65	33.19830066	5	5	1369
-17.4	33.61146385	5	5	1370
-17.15	34.02924065	5	5	1371
-16.9	34.45088777	5	5	1372
-16.65	34.87597276	5	5	1373
-16.4	35.30429501	5	5	1374
-16.15	35.73571886	5	5	1375
-15.9	36.17002578	5	5	1376
-15.65	36.60684365	5	5	1377
-15.4	37.04565651	5	5	1378
-15.15	37.48585604	5	5	1379
-14.9	37.92677937	5	5	1380
-14.65	38.36770764	5	5	1381
-14.4	38.80786655	5	5	1382
-14.15	39.24650811	5	5	1383
-13.9	39.68310068	5	5	1384
-13.65	40.11753196	5	5	1385
-13.4	40.55015216	5	5	1386
-13.15	40.98155695	5	5	1387
-12.9	41.41220729	5	5	1388
-12.65	41.84214421	5	5	1389
-12.4	42.27101782	5	5	1390
-12.15	42.69841323	5	5	1391
-11.9	43.12421237	5	5	1392
-11.65	43.5486944	5	5	1393
-11.4	43.97228198	5	5	1394
-11.15	44.3951174	5	5	1395
-10.9	44.8167845	5	5	1396
-10.65	45.23638706	5	5	1397
-10.4	45.65293424	5	5	1398
-10.15	46.06576038	5	5	1399
-9.9	46.47469557	5	5	1400
-9.65	46.87991637	5	5	1401
-9.4	47.28165618	5	5	1402
-9.15	47.68002039	5	5	1403
-8.9	48.07499774	5	5	1404
-8.65	48.46656435	5	5	1405
-8.4	48.85472679	5	5	1406
-8.15	49.23945833	5	5	1407
-7.9	49.62061315	5	5	1408
-7.65	49.99793107	5	5	1409
-7.4	50.37115979	5	5	1410
-7.15	50.7402142	5	5	1411
-6.9	51.10526537	5	5	1412
-6.65	51.46672629	5	5	1413
-6.4	51.82519724	5	5	1414
-6.15	52.18144875	5	5	1415
-5.9	52.5364412	5	5	1416
-5.65	52.89130017	5	5	1417
-5.4	53.24718848	5	5	1418
-5.15	53.60513172	5	5	1419
-4.9	53.96594691	5	5	1420
-4.65	54.33038381	5	5	1421
-4.4	54.69943541	5	5	1422
-4.15	55.07463578	5	5	1423
-3.9	55.45815767	5	5	1424
-3.65	55.85264881	5	5	1425
-3.4	56.26090981	5	5	1426
-3.15	56.68561034	5	5	1427
-2.9	57.12922156	5	5	1428
-2.65	57.59422592	5	5	1429
-2.4	58.08350662	5	5	1430
-2.15	58.60070647	5	5	1431
-1.9	59.15037419	5	5	1432
-1.65	59.73789812	5	5	1433
-1.4	60.36943145	5	5	1434
-1.15	61.05204265	5	5	1435
-0.9	61.79411471	5	5	1436
-0.65	62.60573724	5	5	1437
-0.4	63.49875093	5	5	1438
-0.15	64.48630697	5	5	1439
0.1	65.58210144	5	5	1440
0.35	66.79954161	5	5	1441
0.6	68.15088971	5	5	1442
0.85	69.64611386	5	5	1443
1.1	71.29109319	5	5	1444
1.35	73.08513053	5	5	1445
1.6	75.01823832	5	5	1446
1.85	77.06901548	5	5	1447
2.1	79.20389438	5	5	1448
2.35	81.37818297	5	5	1449
2.6	83.53890896	5	5	1450
2.85	85.6291655	5	5	1451
3.1	87.59344769	5	5	1452
3.35	89.38325109	5	5	1453
3.6	90.96196198	5	5	1454
3.85	92.30796356	5	5	1455
4.1	93.41516175	5	5	1456
4.35	94.29087422	5	5	1457
4.6	94.95193207	5	5	1458
4.85	95.42037358	5	5	1459
5.1	95.71992067	5	5	1460
5.35	95.87371221	5	5	1461
5.6	95.90308768	5	5	1462
5.85	95.8269891	5	5	1463
6.1	95.66171946	5	5	1464
6.35	95.42099589	5	5	1465
6.6	95.11622946	5	5	1466
6.85	94.75685343	5	5	1467
7.1	94.35054353	5	5	1468
7.35	93.9033648	5	5	1469
7.6	93.42002301	5	5	1470
7.85	92.90430246	5	5	1471
8.1	92.35952835	5	5	1472
8.35	91.78879295	5	5	1473
8.6	91.1948715	5	5	1474
8.85	90.58002931	5	5	1475
9.1	89.94598175	5	5	1476
9.35	89.2940641	5	5	1477
9.6	88.62545157	5	5	1478
9.85	87.94126994	5	5	1479
10.1	87.24259946	5	5	1480
10.35	86.53047913	5	5	1481
10.6	85.80596585	5	5	1482
10.85	85.07019755	5	5	1483
11.1	84.32437979	5	5	1484
11.35	83.56967999	5	5	1485
11.6	82.80709587	5	5	1486
11.85	82.03739471	5	5	1487
12.1	81.26116799	5	5	1488
12.35	80.47895046	5	5	1489
12.6	79.69130208	5	5	1490
12.85	78.89880343	5	5	1491
13.1	78.10201115	5	5	1492
13.35	77.30144705	5	5	1493
13.6	76.49763364	5	5	1494
13.85	75.6911416	5	5	1495
14.1	74.88263334	5	5	1496
14.35	74.07290223	5	5	1497
14.6	73.26285827	5	5	1498
14.85	72.45338772	5	5	1499
15.1	71.64512387	5	5	1500
15.35	70.83832281	5	5	1501
15.6	70.03301731	5	5	1502
15.85	69.22937435	5	5	1503
16.1	68.42795664	5	5	1504
16.35	67.62965684	5	5	1505
16.6	66.83538143	5	5	1506
16.85	66.04577612	5	5	1507
17.1	65.26118679	5	5	1508
17.35	64.48178513	5	5	1509
17.6	63.70766688	5	5	1510
17.85	62.93885371	5	5	1511
18.1	62.17529875	5	5	1512
18.35	61.41699164	5	5	1513
18.6	60.66410215	5	5	1514
18.85	59.91700305	5	5	1515
19.1	59.17610547	5	5	1516
19.35	58.4416329	5	5	1517
19.6	57.71354797	5	5	1518
19.85	56.99172786	5	5	1519
20.1	56.27626309	5	5	1520
20.35	55.56763211	5	5	1521
20.6	54.86659636	5	5	1522
20.85	54.17388133	5	5	1523
21.1	53.48986175	5	5	1524
21.35	52.814434	5	5	1525
21.6	52.14710531	5	5	1526
21.85	51.48721544	5	5	1527
22.1	50.83419691	5	5	1528
22.35	50.18780543	5	5	1529
22.6	49.54824486	5	5	1530
22.85	48.91610676	5	5	1531
23.1	48.29211066	5	5	1532
23.35	47.67674717	5	5	1533
23.6	47.0699977	5	5	1534
23.85	46.47128548	5	5	1535
24.1	45.8797233	5	5	1536
24.35	45.29458885	5	5	1537
24.6	44.71579992	5	5	1538
24.85	44.14408023	5	5	1539
25.1	43.5806448	5	5	1540
25.35	43.02657539	5	5	1541
25.6	42.48232183	5	5	1542
25.85	41.94766105	5	5	1543
26.1	41.422031	5	5	1544
26.35	40.904849	5	5	1545
26.6	40.39554247	5	5	1546
26.85	39.89341156	5	5	1547
27.1	39.39765295	5	5	1548
27.35	38.90767691	5	5	1549
27.6	38.4234855	5	5	1550
27.85	37.94575584	5	5	1551
28.1	37.47550915	5	5	1552
28.35	37.01359088	5	5	1553
28.6	36.56031577	5	5	1554
28.85	36.11545976	5	5	1555
29.1	35.67849702	5	5	1556
29.35	35.2488339	5	5	1557
29.6	34.82587917	5	5	1558
29.85	34.4089952	5	5	1559
30.1	33.99748769	5	5	1560
30.35	33.59071248	5	5	1561
30.6	33.18821589	5	5	1562
30.85	32.78977553	5	5	1563
31.1	32.39532488	5	5	1564
31.35	32.00487709	5	5	1565
31.6	31.61854771	5	5	1566
31.85	31.23663603	5	5	1567
32.1	30.8596307	5	5	1568
32.35	30.48805991	5	5	1569
32.6	30.1222432	5	5	1570
32.85	29.76208999	5	5	1571
33.1	29.40707587	5	5	1572
33.35	29.05643898	5	5	1573
33.6	28.70952033	5	5	1574
33.85	28.36607316	5	5	1575
34.1	28.02635557	5	5	1576
34.35	27.69093951	5	5	1577
34.6	27.36035558	5	5	1578
34.85	27.03480382	5	5	1579
35.1	26.71410251	5	5	1580
35.35	26.39786895	5	5	1581
35.6	26.08577544	5	5	1582
35.85	25.77770586	5	5	1583
36.1	25.47374048	5	5	1584
36.35	25.17402172	5	5	1585
36.6	24.87861508	5	5	1586
36.85	24.58745797	5	5	1587
37.1	24.30041476	5	5	1588
37.35	24.01737561	5	5	1589
37.6	23.73830535	5	5	1590
37.85	23.46320324	5	5	1591
38.1	23.19203646	5	5	1592
38.35	22.92474784	5	5	1593
38.6	22.6613479	5	5	1594
38.85	22.40197457	5	5	1595
39.1	22.14680491	5	5	1596
39.35	21.89586507	5	5	1597
39.6	21.64893561	5	5	1598
39.85	21.40570017	5	5	1599
40.1	21.16605438	5	5	1600
40.35	20.93030859	5	5	1601
40.6	20.6990763	5	5	1602
40.85	20.47289304	5	5	1603
41.1	20.25182266	5	5	1604
41.35	20.03530901	5	5	1605
41.6	19.82236039	5	5	1606
41.85	19.61197119	5	5	1607
42.1	19.40358729	5	5	1608
42.35	19.1974068	5	5	1609
42.6	18.99435269	5	5	1610
42.85	18.79567879	5	5	1611
43.1	18.60236191	5	5	1612
43.35	18.41458779	5	5	1613
43.6	18.23161931	5	5	1614
43.85	18.05212002	5	5	1615
44.1	17.87473671	5	5	1616
44.35	17.69861336	5	5	1617
44.6	17.52359485	5	5	1618
44.85	17.35008962	5	5	1619
45.1	17.17873735	5	5	1620
45.35	17.01007551	5	5	1621
45.6	16.84434054	5	5	1622
45.85	16.68145335	5	5	1623
46.1	16.52116295	5	5	1624
46.35	16.36325077	5	5	1625
46.6	16.20765532	5	5	1626
46.85	16.05442433	5	5	1627
47.1	15.90354568	5	5	1628
47.35	15.75482654	5	5	1629
47.6	15.60794652	5	5	1630
47.85	15.462634	5	5	1631
48.1	15.31879101	5	5	1632
48.35	15.17645524	5	5	1633
48.6	15.03565957	5	5	1634
48.85	14.89634545	5	5	1635
49.1	14.75841629	5	5	1636
49.35	14.62186727	5	5	1637
49.6	14.48684703	5	5	1638
49.85	14.3535618	5	5	1639
50.1	14.22206977	5	5	1640
50.35	14.09212206	5	5	1641
50.6	13.96319981	5	5	1642
50.85	13.83476611	5	5	1643
51.1	13.70657972	5	5	1644
51.35	13.57884049	5	5	1645
51.6	13.45204519	5	5	1646
51.85	13.32666245	5	5	1647
52.1	13.20288667	5	5	1648
52.35	13.08065129	5	5	1649
52.6	12.95984077	5	5	1650
52.85	12.84047679	5	5	1651
53.1	12.72272168	5	5	1652
53.35	12.60674643	5	5	1653
53.6	12.49262394	5	5	1654
53.85	12.3803301	5	5	1655
54.1	12.26979065	5	5	1656
54.35	12.1608796	5	5	1657
54.6	12.05337785	5	5	1658
54.85	11.94699361	5	5	1659
55.1	11.84150574	5	5	1660
55.35	11.73694766	5	5	1661
55.6	11.63365563	5	5	1662
55.85	11.53207719	5	5	1663
56.1	11.43243891	5	5	1664
56.35	11.33453335	5	5	1665
56.6	11.23783295	5	5	1666
56.85	11.14188308	5	5	1667
57.1	11.04667858	5	5	1668
57.35	10.95271784	5	5	1669
57.6	10.86068135	5	5	1670
57.85	10.77097931	5	5	1671
58.1	10.68349987	5	5	1672
58.35	10.59770816	5	5	1673
58.6	10.51297839	5	5	1674
58.85	10.42891456	5	5	1675
59.1	10.34548695	5	5	1676
59.35	10.26296043	5	5	1677
59.6	10.1816867	5	5	1678
59.85	10.10186496	5	5	1679
60.1	10.02338605	5	5	1680
60.35	9.945854854	5	5	1681
60.6	9.868796957	5	5	1682
60.85	9.791934134	5	5	1683
61.1	9.715363291	5	5	1684
61.35	9.639540758	5	5	1685
61.6	9.565091244	5	5	1686
61.85	9.492536801	5	5	1687
62.1	9.422058953	5	5	1688
62.35	9.353396342	5	5	1689
62.6	9.28594044	5	5	1690
62.85	9.219002949	5	5	1691
63.1	9.152123334	5	5	1692
63.35	9.085248012	5	5	1693
63.6	9.01868926	5	5	1694
63.85	8.952908001	5	5	1695
64.1	8.888258662	5	5	1696
64.35	8.824832156	5	5	1697
64.6	8.762459445	5	5	1698
64.85	8.700848973	5	5	1699
65.1	8.639765174	5	5	1700
65.35	8.579137186	5	5	1701
65.6	8.519038443	5	5	1702
65.85	8.459580413	5	5	1703
66.1	8.400831864	5	5	1704
66.35	8.342828823	5	5	1705
66.6	8.285618467	5	5	1706
66.85	8.22922424	5	5	1707
67.1	8.173511642	5	5	1708
67.35	8.118082898	5	5	1709
67.6	8.062358995	5	5	1710
67.85	8.005858617	5	5	1711
68.1	7.9484894	5	5	1712
68.35	7.890626233	5	5	1713
68.6	7.832918058	5	5	1714
68.85	7.775981725	5	5	1715
69.1	7.720200485	5	5	1716
69.35	7.665708438	5	5	1717
69.6	7.612475076	5	5	1718
69.85	7.560373804	5	5	1719
70.1	7.509210919	5	5	1720
70.35	7.458762799	5	5	1721
70.6	7.408841666	5	5	1722
70.85	7.359349266	5	5	1723
71.1	7.310273829	5	5	1724
71.35	7.261635075	5	5	1725
71.6	7.213418106	5	5	1726
71.85	7.165530456	5	5	1727
72.1	7.117798134	5	5	1728
72.35	7.070013575	5	5	1729
72.6	7.022042776	5	5	1730
72.85	6.97396127	5	5	1731
73.1	6.926135438	5	5	1732
73.35	6.87915957	5	5	1733
73.6	6.833639188	5	5	1734
73.85	6.78993114	5	5	1735
74.1	6.748005551	5	5	1736
74.35	6.707518909	5	5	1737
74.6	6.668029918	5	5	1738
74.85	6.62918135	5	5	1739
75.1	6.5907154	5	5	1740
75.35	6.552359101	5	5	1741
75.6	6.513754272	5	5	1742
75.85	6.474566699	5	5	1743
76.1	6.434717837	5	5	1744
76.35	6.394533755	5	5	1745
76.6	6.354658337	5	5	1746
76.85	6.315773064	5	5	1747
77.1	6.27830433	5	5	1748
77.35	6.242274145	5	5	1749
77.6	6.207337714	5	5	1750
77.85	6.172967808	5	5	1751
78.1	6.1387043	5	5	1752
78.35	6.104353186	5	5	1753
78.6	6.070024987	5	5	1754
78.85	6.035999812	5	5	1755
79.1	6.002536135	5	5	1756
79.35	5.969764656	5	5	1757
79.6	5.937699073	5	5	1758
79.85	5.906287798	5	5	1759
80.1	5.875442349	5	5	1760
80.35	5.845054416	5	5	1761
80.6	5.815026971	5	5	1762
80.85	5.785290521	5	5	1763
81.1	5.75576469	5	5	1764
81.35	5.726299007	5	5	1765
81.6	5.696684904	5	5	1766
81.85	5.666777266	5	5	1767
82.1	5.636646201	5	5	1768
82.35	5.606628036	5	5	1769
82.6	5.57721109	5	5	1770
82.85	5.548808279	5	5	1771
83.1	5.521540506	5	5	1772
83.35	5.495147913	5	5	1773
83.6	5.469081139	5	5	1774
83.85	5.442736187	5	5	1775
84.1	5.415720784	5	5	1776
84.35	5.388018007	5	5	1777
84.6	5.359967427	5	5	1778
84.85	5.332088586	5	5	1779
85.1	5.304857004	5	5	1780
85.35	5.278549787	5	5	1781
85.6	5.253208916	5	5	1782
85.85	5.22869046	5	5	1783
86.1	5.204744034	5	5	1784
86.35	5.181098411	5	5	1785
86.6	5.157551232	5	5	1786
86.85	5.134031328	5	5	1787
87.1	5.110573546	5	5	1788
87.35	5.087202175	5	5	1789
87.6	5.063836448	5	5	1790
87.85	5.040359764	5	5	1791
88.1	5.016836214	5	5	1792
88.35	4.993644627	5	5	1793
88.6	4.971295615	5	5	1794
88.85	4.949984439	5	5	1795
89.1	4.929253934	5	5	1796
89.35	4.908137215	5	5	1797
89.6	4.885764904	5	5	1798
89.85	4.862000846	5	5	1799
90.1	4.8376111	5	5	1800
90.35	4.813825205	5	5	1801
90.6	4.791599587	5	5	1802
90.85	4.771081359	5	5	1803
91.1	4.751594963	5	5	1804
91.35	4.732110721	5	5	1805
91.6	4.711866931	5	5	1806
91.85	4.690767633	5	5	1807
92.1	4.669358192	5	5	1808
92.35	4.648451707	5	5	1809
92.6	4.628667391	5	5	1810
92.85	4.610143771	5	5	1811
93.1	4.592535797	5	5	1812
93.35	4.575228241	5	5	1813
93.6	4.557616697	5	5	1814
93.85	4.539333766	5	5	1815
94.1	4.520359629	5	5	1816
94.35	4.500998199	5	5	1817
94.6	4.48173291	5	5	1818
94.85	4.463022554	5	5	1819
95.1	4.445133175	5	5	1820
95.35	4.428082464	5	5	1821
95.6	4.411701726	5	5	1822
95.85	4.395753407	5	5	1823
96.1	4.380026244	5	5	1824
96.35	4.364365042	5	5	1825
96.6	4.34864698	5	5	1826
96.85	4.332756048	5	5	1827
97.1	4.316602278	5	5	1828
97.35	4.3001795	5	5	1829
97.6	4.283599148	5	5	1830
97.85	4.267042316	5	5	1831
98.1	4.25064916	5	5	1832
98.35	4.234442785	5	5	1833
98.6	4.21837428	5	5	1834
98.85	4.20246662	5	5	1835
99.1	4.186922522	5	5	1836
99.35	4.172063247	5	5	1837
99.6	4.158103327	5	5	1838
99.85	4.144925362	5	5	1839
100.1	4.13204588	5	5	1840
100.35	4.118819925	5	5	1841
100.6	4.1047442	5	5	1842
100.85	4.08965554	5	5	1843
101.1	4.073729936	5	5	1844
101.35	4.057349467	5	5	1845
101.6	4.040963225	5	5	1846
101.85	4.02498936	5	5	1847
102.1	4.009709444	5	5	1848
102.35	3.995126727	5	5	1849
102.6	3.980877532	5	5	1850
102.85	3.966339662	5	5	1851
103.1	3.950964339	5	5	1852
103.35	3.934656031	5	5	1853
103.6	3.917934927	5	5	1854
103.85	3.901737151	5	5	1855
104.1	3.886947303	5	5	1856
104.35	3.873938706	5	5	1857
104.6	3.862396246	5	5	1858
104.85	3.851515146	5	5	1859
105.1	3.840426718	5	5	1860
105.35	3.82857477	5	5	1861
105.6	3.815849719	5	5	1862
105.85	3.802494963	5	5	1863
106.1	3.788936631	5	5	1864
106.35	3.775651291	5	5	1865
106.6	3.763062522	5	5	1866
106.85	3.751403409	5	5	1867
107.1	3.740552761	5	5	1868
107.35	3.729961401	5	5	1869
107.6	3.718801727	5	5	1870
107.85	3.706346169	5	5	1871
108.1	3.692385754	5	5	1872
108.35	3.677402955	5	5	1873
108.6	3.662333996	5	5	1874
108.85	3.648044042	5	5	1875
109.1	3.634874125	5	5	1876
109.35	3.622584241	5	5	1877
109.6	3.610708306	5	5	1878
109.85	3.599005055	5	5	1879
110.1	3.587632409	5	5	1880
110.35	3.576940992	5	5	1881
110.6	3.567111143	5	5	1882
110.85	3.557940862	5	5	1883
111.1	3.548903127	5	5	1884
111.35	3.539371664	5	5	1885
111.6	3.528864274	5	5	1886
111.85	3.517227191	5	5	1887
112.1	3.504728051	5	5	1888
112.35	3.492007169	5	5	1889
112.6	3.479855546	5	5	1890
112.85	3.468891583	5	5	1891
113.1	3.459305424	5	5	1892
113.35	3.450814374	5	5	1893
113.6	3.442831916	5	5	1894
113.85	3.4347239	5	5	1895
114.1	3.426015766	5	5	1896
114.35	3.416502076	5	5	1897
114.6	3.406280927	5	5	1898
114.85	3.395724303	5	5	1899
115.1	3.385354654	5	5	1900
115.35	3.375623632	5	5	1901
115.6	3.366684144	5	5	1902
115.85	3.358304381	5	5	1903
116.1	3.350001918	5	5	1904
116.35	3.341321238	5	5	1905
116.6	3.332077861	5	5	1906
116.85	3.322431816	5	5	1907
117.1	3.312783471	5	5	1908
117.35	3.30359022	5	5	1909
117.6	3.295215622	5	5	1910
117.85	3.287859985	5	5	1911
118.1	3.281544147	5	5	1912
118.35	3.276088188	5	5	1913
118.6	3.271071767	5	5	1914
118.85	3.26584225	5	5	1915
119.1	3.259655404	5	5	1916
119.35	3.251939898	5	5	1917
119.6	3.24254756	5	5	1918
119.85	3.231827938	5	5	1919
120.1	3.220488718	5	5	1920
120.35	3.209349676	5	5	1921
120.6	3.199121997	5	5	1922
120.85	3.190256727	5	5	1923
121.1	3.182847419	5	5	1924
121.35	3.176613623	5	5	1925
121.6	3.17103357	5	5	1926
121.85	3.165615432	5	5	1927
122.1	3.160150755	5	5	1928
122.35	3.154760689	5	5	1929
122.6	3.149695051	5	5	1930
122.85	3.145037647	5	5	1931
123.1	3.140529918	5	5	1932
123.35	3.135623962	5	5	1933
123.6	3.12972668	5	5	1934
123.85	3.122497899	5	5	1935
124.1	3.114040707	5	5	1936
124.35	3.104871179	5	5	1937
124.6	3.09567435	5	5	1938
124.85	3.086991862	5	5	1939
125.1	3.079038951	5	5	1940
125.35	3.071751011	5	5	1941
125.6	3.064980503	5	5	1942
125.85	3.058657311	5	5	1943
126.1	3.05278482	5	5	1944
126.35	3.047310426	5	5	1945
126.6	3.042025382	5	5	1946
126.85	3.036610066	5	5	1947
127.1	3.030794296	5	5	1948
127.35	3.024496888	5	5	1949
127.6	3.017842497	5	5	1950
127.85	3.011076183	5	5	1951
128.1	3.004470378	5	5	1952
128.35	2.998278916	5	5	1953
128.6	2.992710261	5	5	1954
128.85	2.987873992	5	5	1955
129.1	2.983709155	5	5	1956
129.35	2.979948481	5	5	1957
129.6	2.97615987	5	5	1958
129.85	2.971868433	5	5	1959
130.1	2.966734035	5	5	1960
130.35	2.960725272	5	5	1961
130.6	2.954189512	5	5	1962
130.85	2.947735336	5	5	1963
131.1	2.941961746	5	5	1964
131.35	2.937200097	5	5	1965
131.6	2.933432653	5	5	1966
131.85	2.930400025	5	5	1967
132.1	2.927764215	5	5	1968
132.35	2.925198202	5	5	1969
132.6	2.922393724	5	5	1970
132.85	2.919068803	5	5	1971
133.1	2.915034591	5	5	1972
133.35	2.910295811	5	5	1973
133.6	2.905099478	5	5	1974
133.85	2.899857812	5	5	1975
134.1	2.894950559	5	5	1976
134.35	2.890518764	5	5	1977
134.6	2.886410203	5	5	1978
134.85	2.882347117	5	5	1979
135.1	2.878198381	5	5	1980
135.35	2.874120526	5	5	1981
135.6	2.870419963	5	5	1982
135.85	2.867220739	5	5	1983
136.1	2.864194749	5	5	1984
136.35	2.860583787	5	5	1985
136.6	2.855548053	5	5	1986
136.85	2.848654334	5	5	1987
137.1	2.840206049	5	5	1988
137.35	2.831189961	5	5	1989
137.6	2.822844896	5	5	1990
137.85	2.816103481	5	5	1991
138.1	2.811235225	5	5	1992
138.35	2.807862517	5	5	1993
138.6	2.805262077	5	5	1994
138.85	2.802714227	5	5	1995
139.1	2.799712396	5	5	1996
139.35	2.796005084	5	5	1997
139.6	2.791559502	5	5	1998
139.85	2.786535872	5	5	1999
140.1	2.78127902	5	5	2000
140.35	2.776260866	5	5	2001
140.6	2.771921399	5	5	2002
140.85	2.768456248	5	5	2003
141.1	2.76568842	5	5	2004
141.35	2.763130454	5	5	2005
141.6	2.76020005	5	5	2006
141.85	2.756438144	5	5	2007
142.1	2.751610049	5	5	2008
142.35	2.745697439	5	5	2009
142.6	2.738860259	5	5	2010
142.85	2.731404874	5	5	2011
143.1	2.723732236	5	5	2012
143.35	2.716252265	5	5	2013
143.6	2.70930067	5	5	2014
143.85	2.703091686	5	5	2015
144.1	2.697692357	5	5	2016
144.35	2.692996888	5	5	2017
144.6	2.68872881	5	5	2018
144.85	2.684519789	5	5	2019
145.1	2.68005597	5	5	2020
145.35	2.675209097	5	5	2021
145.6	2.670067296	5	5	2022
145.85	2.664849045	5	5	2023
146.1	2.659755445	5	5	2024
146.35	2.654842906	5	5	2025
146.6	2.649980705	5	5	2026
146.85	2.644911655	5	5	2027
147.1	2.639379892	5	5	2028
147.35	2.633257655	5	5	2029
147.6	2.626611082	5	5	2030
147.85	2.619677249	5	5	2031
148.1	2.612757567	5	5	2032
148.35	2.606069991	5	5	2033
148.6	2.599645272	5	5	2034
148.85	2.593354001	5	5	2035
149.1	2.587065487	5	5	2036
149.35	2.580817589	5	5	2037
149.6	2.574846249	5	5	2038
149.85	2.569435731	5	5	2039
150.1	2.56469882	5	5	2040
150.35	2.560437629	5	5	2041
150.6	2.556158786	5	5	2042
150.85	2.551227696	5	5	2043
151.1	2.545108947	5	5	2044
151.35	2.537613371	5	5	2045
151.6	2.529028391	5	5	2046
151.85	2.520017193	5	5	2047
152.1	2.511300148	5	5	2048
152.35	2.50329984	5	5	2049
152.6	2.495973898	5	5	2050
152.85	2.488926168	5	5	2051
153.1	2.481701847	5	5	2052
153.35	2.474084606	5	5	2053
153.6	2.466245447	5	5	2054
153.85	2.458674692	5	5	2055
154.1	2.451917049	5	5	2056
154.35	2.446225338	5	5	2057
154.6	2.441321045	5	5	2058
154.85	2.436427059	5	5	2059
155.1	2.430592003	5	5	2060
155.35	2.423138853	5	5	2061
155.6	2.413980323	5	5	2062
155.85	2.403622283	5	5	2063
156.1	2.392872022	5	5	2064
156.35	2.382446532	5	5	2065
156.6	2.372717195	5	5	2066
156.85	2.363706104	5	5	2067
157.1	2.355258426	5	5	2068
157.35	2.347205554	5	5	2069
157.6	2.33939226	5	5	2070
157.85	2.331604624	5	5	2071
158.1	2.32354336	5	5	2072
158.35	2.314936935	5	5	2073
158.6	2.305737285	5	5	2074
158.85	2.296239154	5	5	2075
159.1	2.287004439	5	5	2076
159.35	2.278611712	5	5	2077
159.6	2.271370174	5	5	2078
159.85	2.265156195	5	5	2079
160.1	2.259453601	5	5	2080
160.35	2.253566854	5	5	2081
160.6	2.246896128	5	5	2082
160.85	2.239150677	5	5	2083
161.1	2.230421258	5	5	2084
161.35	2.221096842	5	5	2085
161.6	2.211671772	5	5	2086
161.85	2.202539012	5	5	2087
162.1	2.193875897	5	5	2088
162.35	2.18566488	5	5	2089
162.6	2.177784234	5	5	2090
162.85	2.170062247	5	5	2091
163.1	2.16227209	5	5	2092
163.35	2.154154439	5	5	2093
163.6	2.145538232	5	5	2094
163.85	2.136489236	5	5	2095
164.1	2.127328158	5	5	2096
164.35	2.118454506	5	5	2097
164.6	2.110097717	5	5	2098
164.85	2.102188453	5	5	2099
165.1	2.094428667	5	5	2100
165.35	2.086474133	5	5	2101
165.6	2.078093171	5	5	2102
165.85	2.069239327	5	5	2103
166.1	2.060052254	5	5	2104
166.35	2.050802804	5	5	2105
166.6	2.041776777	5	5	2106
166.85	2.033124646	5	5	2107
167.1	2.024767688	5	5	2108
167.35	2.016444317	5	5	2109
167.6	2.007872844	5	5	2110
167.85	1.998900333	5	5	2111
168.1	1.989525702	5	5	2112
168.35	1.979818997	5	5	2113
168.6	1.969863582	5	5	2114
168.85	1.959806939	5	5	2115
169.1	1.949962178	5	5	2116
169.35	1.940810221	5	5	2117
169.6	1.932812021	5	5	2118
169.85	1.926105173	5	5	2119
170.1	1.920289075	5	5	2120
170.35	1.914484297	5	5	2121
170.6	1.907684642	5	5	2122
170.85	1.899219948	5	5	2123
171.1	1.889063668	5	5	2124
171.35	1.877818448	5	5	2125
171.6	1.866419911	5	5	2126
171.85	1.85575441	5	5	2127
172.1	1.846383835	5	5	2128
172.35	1.838444957	5	5	2129
172.6	1.831676322	5	5	2130
172.85	1.82551457	5	5	2131
173.1	1.819255344	5	5	2132
173.35	1.812284407	5	5	2133
173.6	1.804316315	5	5	2134
173.85	1.79550998	5	5	2135
174.1	1.786359805	5	5	2136
174.35	1.777393823	5	5	2137
174.6	1.768855494	5	5	2138
174.85	1.760587498	5	5	2139
175.1	1.752214864	5	5	2140
175.35	1.743499751	5	5	2141
175.6	1.734583187	5	5	2142
175.85	1.72590089	5	5	2143
176.1	1.717834711	5	5	2144
176.35	1.710398962	5	5	2145
176.6	1.70322857	5	5	2146
176.85	1.695861193	5	5	2147
177.1	1.688062705	5	5	2148
177.35	1.67995807	5	5	2149
177.6	1.67193521	5	5	2150
177.85	1.664446653	5	5	2151
178.1	1.65782016	5	5	2152
178.35	1.652109507	5	5	2153
178.6	1.647010836	5	5	2154
178.85	1.641915722	5	5	2155
179.1	1.6361393	5	5	2156
179.35	1.629226497	5	5	2157
179.6	1.621145198	5	5	2158
179.85	1.612252402	5	5	2159
180.1	1.603102399	5	5	2160
180.35	1.594260594	5	5	2161
180.6	1.586206294	5	5	2162
180.85	1.579274807	5	5	2163
181.1	1.573570623	5	5	2164
181.35	1.568883125	5	5	2165
181.6	1.564708022	5	5	2166
181.85	1.560422148	5	5	2167
182.1	1.555539765	5	5	2168
182.35	1.549922083	5	5	2169
182.6	1.543851314	5	5	2170
182.85	1.537945598	5	5	2171
183.1	1.532929151	5	5	2172
183.35	1.529310403	5	5	2173
183.6	1.527088829	5	5	2174
183.85	1.525657958	5	5	2175
184.1	1.524013249	5	5	2176
184.35	1.521204969	5	5	2177
184.6	1.516805725	5	5	2178
184.85	1.511123717	5	5	2179
185.1	1.505033384	5	5	2180
185.35	1.49952885	5	5	2181
185.6	1.495266463	5	5	2182
185.85	1.492336019	5	5	2183
186.1	1.490324741	5	5	2184
186.35	1.488567451	5	5	2185
186.6	1.486427314	5	5	2186
186.85	1.483505254	5	5	2187
187.1	1.479739061	5	5	2188
187.35	1.475377801	5	5	2189
187.6	1.470836791	5	5	2190
187.85	1.466492527	5	5	2191
188.1	1.462536292	5	5	2192
188.35	1.458990542	5	5	2193
188.6	1.4558734	5	5	2194
188.85	1.453359244	5	5	2195
189.1	1.451767032	5	5	2196
189.35	1.451356122	5	5	2197
189.6	1.45209637	5	5	2198
189.85	1.453620287	5	5	2199
190.1	1.455408074	5	5	2200
190.35	1.457046987	5	5	2201
190.6	1.458346385	5	5	2202
190.85	1.45923422	5	5	2203
191.1	1.459567448	5	5	2204
191.35	1.459064564	5	5	2205
191.6	1.457454649	5	5	2206
191.85	1.454746038	5	5	2207
192.1	1.451408811	5	5	2208
192.35	1.44831172	5	5	2209
192.6	1.446410117	5	5	2210
192.85	1.446339164	5	5	2211
193.1	1.448128499	5	5	2212
193.35	1.451187649	5	5	2213
193.6	1.454564361	5	5	2214
193.85	1.457343634	5	5	2215
194.1	1.459003309	5	5	2216
194.35	1.459580772	5	5	2217
194.6	1.459597941	5	5	2218
194.85	1.459792643	5	5	2219
195.1	1.460778383	5	5	2220
195.35	1.462780282	5	5	2221
195.6	1.465564858	5	5	2222
195.85	1.468597802	5	5	2223
196.1	1.471346734	5	5	2224
196.35	1.473550735	5	5	2225
196.6	1.475285321	5	5	2226
196.85	1.476791075	5	5	2227
197.1	1.478217163	5	5	2228
197.35	1.479497123	5	5	2229
197.6	1.480451808	5	5	2230
197.85	1.481013607	5	5	2231
198.1	1.481377064	5	5	2232
198.35	1.481971725	5	5	2233
198.6	1.483307729	5	5	2234
198.85	1.485810221	5	5	2235
199.1	1.489710139	5	5	2236
199.35	1.494988502	5	5	2237
199.6	1.501353251	5	5	2238
199.85	1.508252489	5	5	2239
200.1	1.514952795	5	5	2240
200.35	1.520709262	5	5	2241
200.6	1.525010067	5	5	2242
200.85	1.52780053	5	5	2243
201.1	1.529541846	5	5	2244
201.35	1.531018098	5	5	2245
201.6	1.532965413	5	5	2246
201.85	1.53573569	5	5	2247
202.1	1.539196594	5	5	2248
202.35	1.542910151	5	5	2249
202.6	1.546452352	5	5	2250
202.85	1.549669173	5	5	2251
203.1	1.552738016	5	5	2252
203.35	1.55603872	5	5	2253
203.6	1.559935627	5	5	2254
203.85	1.564590553	5	5	2255
204.1	1.569884059	5	5	2256
204.35	1.575455165	5	5	2257
204.6	1.580813178	5	5	2258
204.85	1.585465331	5	5	2259
205.1	1.589042638	5	5	2260
205.35	1.591434966	5	5	2261
205.6	1.592907225	5	5	2262
205.85	1.59410142	5	5	2263
206.1	1.595842115	5	5	2264
206.35	1.598786857	5	5	2265
206.6	1.603096158	5	5	2266
206.85	1.60832046	5	5	2267
207.1	1.613597361	5	5	2268
207.35	1.618086784	5	5	2269
207.6	1.621422569	5	5	2270
207.85	1.623907727	5	5	2271
208.1	1.626301003	5	5	2272
208.35	1.62930945	5	5	2273
208.6	1.633134626	5	5	2274
208.85	1.637404604	5	5	2275
209.1	1.64153154	5	5	2276
209.35	1.645192615	5	5	2277
209.6	1.648539844	5	5	2278
209.85	1.651990996	5	5	2279
210.1	1.655819045	5	5	2280
210.35	1.659907732	5	5	2281
210.6	1.663852337	5	5	2282
210.85	1.667262218	5	5	2283
211.1	1.6699801	5	5	2284
211.35	1.672074183	5	5	2285
211.6	1.673695102	5	5	2286
211.85	1.67497548	5	5	2287
212.1	1.676041257	5	5	2288
212.35	1.677061207	5	5	2289
212.6	1.678237875	5	5	2290
212.85	1.679728719	5	5	2291
213.1	1.681561362	5	5	2292
213.35	1.683601496	5	5	2293
213.6	1.685584277	5	5	2294
213.85	1.687193435	5	5	2295
214.1	1.688171671	5	5	2296
214.35	1.688435629	5	5	2297
214.6	1.688144534	5	5	2298
214.85	1.68767166	5	5	2299
215.1	1.687474415	5	5	2300
215.35	1.687920332	5	5	2301
215.6	1.68915307	5	5	2302
215.85	1.691060153	5	5	2303
216.1	1.693352533	5	5	2304
216.35	1.695707457	5	5	2305
216.6	1.697884821	5	5	2306
216.85	1.69974049	5	5	2307
217.1	1.701141361	5	5	2308
217.35	1.701877839	5	5	2309
217.6	1.701678951	5	5	2310
217.85	1.700345698	5	5	2311
218.1	1.697912188	5	5	2312
218.35	1.694713904	5	5	2313
218.6	1.691302935	5	5	2314
218.85	1.688248105	5	5	2315
219.1	1.685929832	5	5	2316
219.35	1.684441921	5	5	2317
219.6	1.683641894	5	5	2318
219.85	1.683297156	5	5	2319
220.1	1.683226018	5	5	2320
220.35	1.683353884	5	5	2321
220.6	1.683660689	5	5	2322
220.85	1.684051516	5	5	2323
221.1	1.684235416	5	5	2324
221.35	1.68372832	5	5	2325
221.6	1.682046233	5	5	2326
221.85	1.679011287	5	5	2327
222.1	1.674962667	5	5	2328
222.35	1.670689185	5	5	2329
222.6	1.667085624	5	5	2330
222.85	1.664724143	5	5	2331
223.1	1.663575717	5	5	2332
223.35	1.663015727	5	5	2333
223.6	1.662100565	5	5	2334
223.85	1.659979516	5	5	2335
224.1	1.656239632	5	5	2336
224.35	1.651013668	5	5	2337
224.6	1.644827256	5	5	2338
224.85	1.638327678	5	5	2339
225.1	1.632077091	5	5	2340
225.35	1.626478811	5	5	2341
225.6	1.621770418	5	5	2342
225.85	1.618000627	5	5	2343
226.1	1.614995855	5	5	2344
226.35	1.612392279	5	5	2345
226.6	1.60977735	5	5	2346
226.85	1.60688536	5	5	2347
227.1	1.603722365	5	5	2348
227.35	1.600525368	5	5	2349
227.6	1.59757382	5	5	2350
227.85	1.594977059	5	5	2351
228.1	1.592570974	5	5	2352
228.35	1.589973293	5	5	2353
228.6	1.586754682	5	5	2354
228.85	1.58264349	5	5	2355
229.1	1.577676305	5	5	2356
229.35	1.572208252	5	5	2357
229.6	1.56674429	5	5	2358
229.85	1.561673038	5	5	2359
230.1	1.557087912	5	5	2360
230.35	1.55283031	5	5	2361
230.6	1.548698846	5	5	2362
230.85	1.544626553	5	5	2363
231.1	1.540684636	5	5	2364
231.35	1.536955407	5	5	2365
231.6	1.533428548	5	5	2366
231.85	1.530017743	5	5	2367
232.1	1.526657026	5	5	2368
232.35	1.523362564	5	5	2369
232.6	1.520190618	5	5	2370
232.85	1.517127163	5	5	2371
233.1	1.514009565	5	5	2372
233.35	1.510553101	5	5	2373
233.6	1.506470909	5	5	2374
233.85	1.501618667	5	5	2375
234.1	1.496101174	5	5	2376
234.35	1.490303567	5	5	2377
234.6	1.48481497	5	5	2378
234.85	1.480232236	5	5	2379
235.1	1.476909813	5	5	2380
235.35	1.474801473	5	5	2381
235.6	1.473506499	5	5	2382
235.85	1.472481526	5	5	2383
236.1	1.471256095	5	5	2384
236.35	1.469526093	5	5	2385
236.6	1.467144777	5	5	2386
236.85	1.46411421	5	5	2387
237.1	1.46061654	5	5	2388
237.35	1.45701421	5	5	2389
237.6	1.453742513	5	5	2390
237.85	1.451128283	5	5	2391
238.1	1.449256828	5	5	2392
238.35	1.447971056	5	5	2393
238.6	1.44698123	5	5	2394
238.85	1.446014931	5	5	2395
239.1	1.444958449	5	5	2396
239.35	1.443946908	5	5	2397
239.6	1.443331922	5	5	2398
239.85	1.443484035	5	5	2399
240.1	1.444514432	5	5	2400
240.35	1.446110093	5	5	2401
240.6	1.447625879	5	5	2402
240.85	1.448390597	5	5	2403
241.1	1.448033989	5	5	2404
241.35	1.446649685	5	5	2405
241.6	1.444734952	5	5	2406
241.85	1.442972065	5	5	2407
242.1	1.441967727	5	5	2408
242.35	1.442052701	5	5	2409
242.6	1.443201623	5	5	2410
242.85	1.445090839	5	5	2411
243.1	1.447271085	5	5	2412
243.35	1.449380475	5	5	2413
243.6	1.451281674	5	5	2414
243.85	1.453037156	5	5	2415
244.1	1.454759225	5	5	2416
244.35	1.456488639	5	5	2417
244.6	1.458225309	5	5	2418
244.85	1.460058033	5	5	2419
245.1	1.462207582	5	5	2420
245.35	1.46488142	5	5	2421
245.6	1.468064696	5	5	2422
245.85	1.471478634	5	5	2423
246.1	1.474782152	5	5	2424
246.35	1.477838203	5	5	2425
246.6	1.48079657	5	5	2426
246.85	1.483931374	5	5	2427
247.1	1.487402435	5	5	2428
247.35	1.491151012	5	5	2429
247.6	1.49499071	5	5	2430
247.85	1.498795296	5	5	2431
248.1	1.502646612	5	5	2432
248.35	1.506857344	5	5	2433
248.6	1.511843049	5	5	2434
248.85	1.517872133	5	5	2435
249.1	1.524795994	5	5	2436
249.35	1.531922571	5	5	2437
249.6	1.538165929	5	5	2438
249.85	1.542460969	5	5	2439
250.1	1.544260956	5	5	2440
250.35	1.54385725	5	5	2441
250.6	1.542334599	5	5	2442
250.85	1.541165063	5	5	2443
251.1	1.54164158	5	5	2444
251.35	1.544433603	5	5	2445
251.6	1.549454594	5	5	2446
251.85	1.556036723	5	5	2447
252.1	1.563260097	5	5	2448
252.35	1.570265925	5	5	2449
252.6	1.576452295	5	5	2450
252.85	1.581528445	5	5	2451
253.1	1.58546601	5	5	2452
253.35	1.588431189	5	5	2453
253.6	1.590765492	5	5	2454
253.85	1.592982677	5	5	2455
254.1	1.595663235	5	5	2456
254.35	1.599193447	5	5	2457
254.6	1.603493337	5	5	2458
254.85	1.607996371	5	5	2459
255.1	1.612005461	5	5	2460
255.35	1.615228053	5	5	2461
255.6	1.618073513	5	5	2462
255.85	1.621417994	5	5	2463
256.1	1.625958522	5	5	2464
256.35	1.631650445	5	5	2465
256.6	1.637694702	5	5	2466
256.85	1.643093542	5	5	2467
257.1	1.647313079	5	5	2468
257.35	1.650523909	5	5	2469
257.6	1.653291211	5	5	2470
257.85	1.656057188	5	5	2471
258.1	1.658865409	5	5	2472
258.35	1.661475345	5	5	2473
258.6	1.663652758	5	5	2474
258.85	1.665338969	5	5	2475
259.1	1.666605843	5	5	2476
259.35	1.667529187	5	5	2477
259.6	1.668145013	5	5	2478
259.85	1.668517458	5	5	2479
260.1	1.668818843	5	5	2480
260.35	1.669316652	5	5	2481
260.6	1.670253458	5	5	2482
260.85	1.671699635	5	5	2483
261.1	1.673485814	5	5	2484
261.35	1.675270445	5	5	2485
261.6	1.676703546	5	5	2486
261.85	1.677577592	5	5	2487
262.1	1.677870243	5	5	2488
262.35	1.677677556	5	5	2489
262.6	1.677127045	5	5	2490
262.85	1.676356055	5	5	2491
263.1	1.675546169	5	5	2492
263.35	1.674926568	5	5	2493
263.6	1.674690776	5	5	2494
263.85	1.674876283	5	5	2495
264.1	1.675310736	5	5	2496
264.35	1.675669552	5	5	2497
264.6	1.675589976	5	5	2498
264.85	1.67475862	5	5	2499
265.1	1.672950918	5	5	2500
265.35	1.670063392	5	5	2501
265.6	1.666164849	5	5	2502
265.85	1.661525619	5	5	2503
266.1	1.656557636	5	5	2504
266.35	1.65166123	5	5	2505
266.6	1.64707203	5	5	2506
266.85	1.642827695	5	5	2507
267.1	1.638883513	5	5	2508
267.35	1.635270732	5	5	2509
267.6	1.632144962	5	5	2510
267.85	1.629672568	5	5	2511
268.1	1.62785875	5	5	2512
268.35	1.626475922	5	5	2513
268.6	1.625153645	5	5	2514
268.85	1.62354914	5	5	2515
269.1	1.621468218	5	5	2516
269.35	1.618872973	5	5	2517
269.6	1.615806746	5	5	2518
269.85	1.61230789	5	5	2519
270.1	1.608367186	5	5	2520
270.35	1.603948757	5	5	2521
270.6	1.599063766	5	5	2522
270.85	1.593854875	5	5	2523
271.1	1.588618414	5	5	2524
271.35	1.58369683	5	5	2525
271.6	1.579258313	5	5	2526
271.85	1.575112463	5	5	2527
272.1	1.570760729	5	5	2528
272.35	1.565736658	5	5	2529
272.6	1.560025886	5	5	2530
272.85	1.554216654	5	5	2531
273.1	1.549197152	5	5	2532
273.35	1.545575536	5	5	2533
273.6	1.543235513	5	5	2534
273.85	1.541347457	5	5	2535
274.1	1.538824626	5	5	2536
274.35	1.534918429	5	5	2537
274.6	1.529583982	5	5	2538
274.85	1.523420965	5	5	2539
275.1	1.517268162	5	5	2540
275.35	1.511732464	5	5	2541
275.6	1.506945355	5	5	2542
275.85	1.502659237	5	5	2543
276.1	1.498553049	5	5	2544
276.35	1.494492429	5	5	2545
276.6	1.490568954	5	5	2546
276.85	1.486940112	5	5	2547
277.1	1.483635195	5	5	2548
277.35	1.480485179	5	5	2549
277.6	1.477219283	5	5	2550
277.85	1.473652285	5	5	2551
278.1	1.469833045	5	5	2552
278.35	1.466050169	5	5	2553
278.6	1.462679583	5	5	2554
278.85	1.459964815	5	5	2555
279.1	1.457872891	5	5	2556
279.35	1.456122331	5	5	2557
279.6	1.454364082	5	5	2558
279.85	1.452393824	5	5	2559
280.1	1.450257604	5	5	2560
280.35	1.448195908	5	5	2561
280.6	1.446492416	5	5	2562
280.85	1.445349146	5	5	2563
281.1	1.444848261	5	5	2564
281.35	1.444956936	5	5	2565
281.6	1.445514275	5	5	2566
281.85	1.446223711	5	5	2567
282.1	1.446729244	5	5	2568
282.35	1.446781326	5	5	2569
282.6	1.446384629	5	5	2570
282.85	1.445819312	5	5	2571
283.1	1.445537761	5	5	2572
283.35	1.446010344	5	5	2573
283.6	1.44755872	5	5	2574
283.85	1.450182011	5	5	2575
284.1	1.453445207	5	5	2576
284.35	1.456568804	5	5	2577
284.6	1.458773106	5	5	2578
284.85	1.459710201	5	5	2579
285.1	1.459684733	5	5	2580
285.35	1.459492694	5	5	2581
285.6	1.460000762	5	5	2582
285.85	1.461773156	5	5	2583
286.1	1.464963648	5	5	2584
286.35	1.469435749	5	5	2585
286.6	1.47490852	5	5	2586
286.85	1.480986081	5	5	2587
287.1	1.487118741	5	5	2588
287.35	1.492654215	5	5	2589
287.6	1.497056627	5	5	2590
287.85	1.500180761	5	5	2591
288.1	1.502382127	5	5	2592
288.35	1.504341194	5	5	2593
288.6	1.506706288	5	5	2594
288.85	1.509802721	5	5	2595
289.1	1.513581664	5	5	2596
289.35	1.517776936	5	5	2597
289.6	1.522108278	5	5	2598
289.85	1.526414146	5	5	2599
290.1	1.530715649	5	5	2600
290.35	1.535252831	5	5	2601
290.6	1.540472269	5	5	2602
290.85	1.546892917	5	5	2603
291.1	1.554833016	5	5	2604
291.35	1.564116384	5	5	2605
291.6	1.57396586	5	5	2606
291.85	1.583227524	5	5	2607
292.1	1.590863171	5	5	2608
292.35	1.596443501	5	5	2609
292.6	1.6003416	5	5	2610
292.85	1.603508913	5	5	2611
293.1	1.60697767	5	5	2612
293.35	1.61138152	5	5	2613
293.6	1.616739636	5	5	2614
293.85	1.622577378	5	5	2615
294.1	1.628277069	5	5	2616
294.35	1.633446708	5	5	2617
294.6	1.63809965	5	5	2618
294.85	1.642557371	5	5	2619
295.1	1.647165072	5	5	2620
295.35	1.652031119	5	5	2621
295.6	1.656969253	5	5	2622
295.85	1.661658374	5	5	2623
296.1	1.665875543	5	5	2624
296.35	1.669629239	5	5	2625
296.6	1.673118267	5	5	2626
296.85	1.676563454	5	5	2627
297.1	1.680022659	5	5	2628
297.35	1.683299732	5	5	2629
297.6	1.686014629	5	5	2630
297.85	1.68781865	5	5	2631
298.1	1.688637611	5	5	2632
298.35	1.688777104	5	5	2633
298.6	1.688791707	5	5	2634
298.85	1.689178816	5	5	2635
299.1	1.690090998	5	5	2636
299.35	1.691257477	5	5	2637
299.6	1.692160142	5	5	2638
299.85	1.692332116	5	5	2639
300.1	1.6915737	5	5	2640
300.35	1.689964578	5	5	2641
300.6	1.687718839	5	5	2642
300.85	1.68503758	5	5	2643
301.1	1.682071943	5	5	2644
301.35	1.678967965	5	5	2645
301.6	1.675875331	5	5	2646
301.85	1.672862944	5	5	2647
302.1	1.669823451	5	5	2648
302.35	1.666498911	5	5	2649
302.6	1.662653291	5	5	2650
302.85	1.658270245	5	5	2651
303.1	1.653625717	5	5	2652
303.35	1.649190033	5	5	2653
303.6	1.645428611	5	5	2654
303.85	1.642595495	5	5	2655
304.1	1.640578885	5	5	2656
304.35	1.63884343	5	5	2657
304.6	1.636529447	5	5	2658
304.85	1.632746896	5	5	2659
305.1	1.626995994	5	5	2660
305.35	1.619508597	5	5	2661
305.6	1.611260071	5	5	2662
305.85	1.603544471	5	5	2663
306.1	1.597291453	5	5	2664
306.35	1.592535472	5	5	2665
306.6	1.58841394	5	5	2666
306.85	1.583739352	5	5	2667
307.1	1.577782423	5	5	2668
307.35	1.570736774	5	5	2669
307.6	1.563553012	5	5	2670
307.85	1.557268194	5	5	2671
308.1	1.552288024	5	5	2672
308.35	1.548083829	5	5	2673
308.6	1.543477787	5	5	2674
308.85	1.537321541	5	5	2675
309.1	1.529152112	5	5	2676
309.35	1.519450198	5	5	2677
309.6	1.509385737	5	5	2678
309.85	1.500239467	5	5	2679
310.1	1.492844434	5	5	2680
310.35	1.487323554	5	5	2681
310.6	1.483191759	5	5	2682
310.85	1.47969375	5	5	2683
311.1	1.476162333	5	5	2684
311.35	1.472224489	5	5	2685
311.6	1.467807218	5	5	2686
311.85	1.46301947	5	5	2687
312.1	1.458028565	5	5	2688
312.35	1.452996121	5	5	2689
312.6	1.448063449	5	5	2690
312.85	1.443355794	5	5	2691
313.1	1.438996272	5	5	2692
313.35	1.435120995	5	5	2693
313.6	1.431864191	5	5	2694
313.85	1.42929976	5	5	2695
314.1	1.427393889	5	5	2696
314.35	1.426049813	5	5	2697
314.6	1.425240629	5	5	2698
314.85	1.425108815	5	5	2699
315.1	1.425912095	5	5	2700
315.35	1.427836242	5	5	2701
315.6	1.430827421	5	5	2702
315.85	1.434579202	5	5	2703
316.1	1.438671086	5	5	2704
316.35	1.442740578	5	5	2705
316.6	1.446571922	5	5	2706
316.85	1.45007432	5	5	2707
317.1	1.453215176	5	5	2708
317.35	1.456000108	5	5	2709
317.6	1.458531114	5	5	2710
317.85	1.46107507	5	5	2711
318.1	1.464034705	5	5	2712
318.35	1.467792418	5	5	2713
318.6	1.472530509	5	5	2714
318.85	1.478179849	5	5	2715
319.1	1.48454598	5	5	2716
319.35	1.491497407	5	5	2717
319.6	1.499039216	5	5	2718
319.85	1.507206975	5	5	2719
320.1	1.515898837	5	5	2720
320.35	1.524835581	5	5	2721
320.6	1.533718883	5	5	2722
320.85	1.542458169	5	5	2723
321.1	1.551251713	5	5	2724
321.35	1.560424171	5	5	2725
321.6	1.570133731	5	5	2726
321.85	1.580176757	5	5	2727
322.1	1.590041541	5	5	2728
322.35	1.599171341	5	5	2729
322.6	1.607253977	5	5	2730
322.85	1.614363048	5	5	2731
323.1	1.620898963	5	5	2732
323.35	1.627398358	5	5	2733
323.6	1.634318984	5	5	2734
323.85	1.641880294	5	5	2735
324.1	1.650003678	5	5	2736
324.35	1.658366489	5	5	2737
324.6	1.666542842	5	5	2738
324.85	1.674159584	5	5	2739
325.1	1.680989086	5	5	2740
325.35	1.686947819	5	5	2741
325.6	1.69203365	5	5	2742
325.85	1.696264889	5	5	2743
326.1	1.699663516	5	5	2744
326.35	1.702274663	5	5	2745
326.6	1.704176167	5	5	2746
326.85	1.705447345	5	5	2747
327.1	1.706131592	5	5	2748
327.35	1.706266558	5	5	2749
327.6	1.705991404	5	5	2750
327.85	1.705619238	5	5	2751
328.1	1.705540938	5	5	2752
328.35	1.705976324	5	5	2753
328.6	1.706766244	5	5	2754
328.85	1.707396945	5	5	2755
329.1	1.707255465	5	5	2756
329.35	1.705935916	5	5	2757
329.6	1.703416886	5	5	2758
329.85	1.700057624	5	5	2759
330.1	1.696457009	5	5	2760
330.35	1.693230111	5	5	2761
330.6	1.690755985	5	5	2762
330.85	1.688990191	5	5	2763
331.1	1.687459427	5	5	2764
331.35	1.685478665	5	5	2765
331.6	1.682474586	5	5	2766
331.85	1.678203005	5	5	2767
332.1	1.67272928	5	5	2768
332.35	1.666245175	5	5	2769
332.6	1.658926654	5	5	2770
332.85	1.650959791	5	5	2771
333.1	1.642658654	5	5	2772
333.35	1.63448366	5	5	2773
333.6	1.626860046	5	5	2774
333.85	1.619903065	5	5	2775
334.1	1.613280642	5	5	2776
334.35	1.606364572	5	5	2777
334.6	1.598597213	5	5	2778
334.85	1.589822963	5	5	2779
335.1	1.580360322	5	5	2780
335.35	1.570794567	5	5	2781
335.6	1.561666895	5	5	2782
335.85	1.553266361	5	5	2783
336.1	1.545611603	5	5	2784
336.35	1.538569565	5	5	2785
336.6	1.531993433	5	5	2786
336.85	1.525782324	5	5	2787
337.1	1.519841115	5	5	2788
337.35	1.51400391	5	5	2789
337.6	1.508017322	5	5	2790
337.85	1.501628138	5	5	2791
338.1	1.494728165	5	5	2792
338.35	1.48745571	5	5	2793
338.6	1.480171702	5	5	2794
338.85	1.473298783	5	5	2795
339.1	1.467102909	5	5	2796
339.35	1.461565896	5	5	2797
339.6	1.456473843	5	5	2798
339.85	1.451698538	5	5	2799
340.1	1.447469395	5	5	2800
340.35	1.444389481	5	5	2801
340.6	1.443112123	5	5	2802
340.85	1.443853261	5	5	2803
341.1	1.4460719	5	5	2804
341.35	1.448582553	5	5	2805
341.6	1.450096449	5	5	2806
341.85	1.449888073	5	5	2807
342.1	1.44816977	5	5	2808
342.35	1.445942117	5	5	2809
342.6	1.444444703	5	5	2810
342.85	1.444572739	5	5	2811
343.1	1.446572948	5	5	2812
343.35	1.450090524	5	5	2813
343.6	1.454446759	5	5	2814
343.85	1.458989792	5	5	2815
344.1	1.463395663	5	5	2816
344.35	1.467813494	5	5	2817
344.6	1.472778958	5	5	2818
344.85	1.478924169	5	5	2819
345.1	1.486639966	5	5	2820
345.35	1.495878254	5	5	2821
345.6	1.506181034	5	5	2822
345.85	1.516880322	5	5	2823
346.1	1.527338877	5	5	2824
346.35	1.537119718	5	5	2825
346.6	1.54603636	5	5	2826
346.85	1.554100877	5	5	2827
347.1	1.561434041	5	5	2828
347.35	1.568210503	5	5	2829
347.6	1.574660779	5	5	2830
347.85	1.581069277	5	5	2831
348.1	1.58768707	5	5	2832
348.35	1.594578222	5	5	2833
348.6	1.601548929	5	5	2834
348.85	1.608290857	5	5	2835
349.1	1.61466344	5	5	2836
349.35	1.620851208	5	5	2837
349.6	1.627205447	5	5	2838
349.85	1.633883149	5	5	2839
350.1	1.640615112	5	5	2840
350.35	1.646822903	5	5	2841
350.6	1.651977983	5	5	2842
350.85	1.655897536	5	5	2843
351.1	1.658772793	5	5	2844
351.35	1.660969941	5	5	2845
351.6	1.662781675	5	5	2846
351.85	1.664277802	5	5	2847
352.1	1.665315155	5	5	2848
352.35	1.665696536	5	5	2849
352.6	1.66539564	5	5	2850
352.85	1.66469426	5	5	2851
353.1	1.664094022	5	5	2852
353.35	1.664013905	5	5	2853
353.6	1.664466045	5	5	2854
353.85	1.664949545	5	5	2855
354.1	1.664660411	5	5	2856
354.35	1.662897453	5	5	2857
354.6	1.659415581	5	5	2858
354.85	1.654522969	5	5	2859
355.1	1.648893529	5	5	2860
355.35	1.643243689	5	5	2861
355.6	1.638077868	5	5	2862
355.85	1.633611018	5	5	2863
356.1	1.629825958	5	5	2864
356.35	1.626554431	5	5	2865
356.6	1.623522774	5	5	2866
356.85	1.620388091	5	5	2867
357.1	1.61680729	5	5	2868
357.35	1.612527215	5	5	2869
357.6	1.607437908	5	5	2870
357.85	1.601548616	5	5	2871
358.1	1.594907899	5	5	2872
358.35	1.587535876	5	5	2873
358.6	1.579429166	5	5	2874
358.85	1.570644377	5	5	2875
359.1	1.561405328	5	5	2876
359.35	1.552156471	5	5	2877
359.6	1.54351374	5	5	2878
359.85	1.536120388	5	5	2879
360.1	1.530463858	5	5	2880
